19720101-100027FIN197211972010119720101     893877749.53     403196017.60        0.55        0.49        0.45     306499660.52  140049064267.15    2369804709.96    735504575    816980958SPxWWxntruWsXkUhrLeUTFIRwNluEpnOeOAYsCBLnc                  
19720101-145631FIN197211972010119720101    1397244551.60     770586516.99        1.00        0.98        0.55     205297531.64  402399512640.18    6516688528.02    770400704    7869724300000000225
19720101-224949FIN197211972010119720101     688749711.64     284219096.53        1.38        1.36        0.41     805869220.47  103392185852.10    3299321572.11    206681483    208570968sEdXWlAyBGoFClpXvyNNafsKbfeEnSrT                            
19720102-135602FIN197211972010119720102    9833802123.10    1580100208.68        7.10        5.92        0.16     538691762.98  691806728033.89    4959306476.45    222440753    266775162gIOONPxnQUwBdFNEMLBUXdUbFPDWDVOVnWIIMRpOMbaMGipmCAICpjncsHs 
19720102-215325FIN197211972010119720102    3274514588.60     816719597.72        2.67        2.32        0.25     258140137.36  701637127026.76    1320219383.27    306318106    3513557320000000048
19720103-033706FIN197211972010119720103    4844554718.69    2943828939.15       10.32        9.44        0.61     203869575.68   65250117229.00    9035944302.25    285243142    3119034390000000195
19720103-101425FIN197211972010119720103    9298821248.96     535422683.67        0.82        0.69        0.06     438041124.68  516012041333.31    9022577046.22    652496195    7707172060000000175
19720103-183348FIN197211972010119720103     783518437.85     119152994.14        0.36        0.32        0.15     707585903.14  911581202849.68    3356848886.01    331357361    3758455920000000078
19720104-024056FIN197211972010119720104    2602936459.06    1337253205.96        1.37        1.17        0.51     232048654.57  777828764477.89    7351246577.34    972861835   1146734993mqXmkgPPhQUGVluJIDZDxHwwoISSW                               
19720104-060610FIN197211972010119720104    9140239453.96    2847252901.52        6.45        6.32        0.31     864053636.36  884032366321.14    5867480586.62    441518529    4504828450000000191
19720104-090438FIN197211972010119720104    7541131927.63    1174546765.52        2.15        2.13        0.16     906091139.78  544629142741.36    2468454749.78    546790919    5523427490000000057
19720104-140630FIN197211972010119720104    4276950863.50     365970266.49        0.38        0.34        0.09      74051821.08   26061388575.45    3235213891.34    965112585   1082764113XcxyxkqjaesCOVlDpRLKOSaaUSDCxuJjG                           
19720104-144122FIN197211972010119720104    8457587233.07    1315099391.62        2.29        1.91        0.16     364570601.38  461599038114.44    4582212166.55    573965761    6873564560000000210
19720104-195328FIN197211972010119720104    6736765242.14    1599287978.46       24.37       23.16        0.24     144154786.10  724173158279.07    4843631726.13     65631315     69047803WAUYdXNERWrDlFxcxhSWqEIJvzOFNSKbuUHsrWRIRHHkQpsvEXCCZHBCM   
19720105-012811FIN197211972010119720105    1936788439.85     498243671.18        2.78        2.48        0.26     787199206.13  356919597282.05    7834389131.86    179400697    2005165400000000176
19720105-143517FIN197211972010119720105    8453762798.13    1898866877.54        8.84        7.97        0.22     695695673.08  977228037389.57    8383258225.82    214747019    238265064WCJJAitQbHnCKfmKEVEELEBjYtHsVGTBpOMMCLXEadMPRGRTA           
19720106-035937FIN197211972010119720106     128164796.29      47767237.97        0.07        0.06        0.37     908725443.37   76440213521.24    3058477493.87    715588831    753709438RzFPWFvwZRrSBSctRiMfHfNKAAwdNTjFVMI                         
19720106-123847FIN197211972010119720106    8888065821.34    4602970498.19        5.18        5.12        0.52     906743150.80  504948556345.74    4137856557.03    888532756    899470093RhUQRxcjdEgKAzNIHpMnLOkaWYvDQqHM                            
19720106-150300FIN197211972010119720106    9436162195.31    3915284989.90        5.61        4.95        0.41     628394607.11  159698721913.64    6668963704.33    697499952    790190405FkqRCPDzQSwBVrQO                                            
19720106-222246FIN197211972010119720106    7990742114.53    3907271400.62       13.97       12.00        0.49     306696042.75  819311295561.97     189094248.54    279655597    325547941UJvSHHJxMUEYmrOEqYVQ                                        
19720107-055123FIN197211972010119720107    6266430373.35     162804544.11        1.32        1.25        0.03     519078785.90  589079300918.47    5276271697.81    123174361    129933031RSWvpXShAohbCnBYubXQUbMLtPavDHUQn                           
19720107-120921FIN197211972010119720107    4244230946.39    2609248028.86        2.68        2.27        0.61     222202031.01  977332945590.39     401486014.27    973036344   11472324350000000114
19720107-190024FIN197211972010119720107    4623826534.92     544685715.21        0.93        0.88        0.12     952744990.57  932314146081.64     627195721.18    586181628    6180293980000000128
19720108-004658FIN197211972010119720108    6666719823.34     213405981.40        2.99        2.79        0.03     956877586.16  324823945461.53    4919553797.79     71284990     76504585VPfRrzGJDSXFSOgYEIxOaJaDXEAMCqvMuZEQm                       
19720108-071648FIN197211972010119720108    5405950401.82     763332303.80        0.80        0.71        0.14     411129407.68  230912082184.55     188822964.87    950890863   10825860580000000119
19720108-140104FIN197211972010119720108    4692743500.92     281907755.66        1.95        1.67        0.06     408230583.68  640777972551.94    8766606226.14    144863354    168720672MsyYBSXNmpCCDtQsKITr                                        
19720108-163223FIN197211972010119720108     226697771.48      38846224.15        1.10        1.07        0.17     228930652.74  510335164603.69    4381236137.94     35310845     36148747zScyndwxOcLUXIwtrdKPFPDeQiYudN                              
19720109-031645FIN197211972010119720109    7479976729.12    4342410442.00       29.95       27.70        0.58     703578191.67  155374857632.30    6322806416.15    145009784    156744433HCyVIHyFodPADbGORMCBjByxRTESfBNDTPBZrsTBUACleKEVFjHkSOorMc  
19720109-094942FIN197211972010119720109    3680064275.03     170532022.36        0.48        0.44        0.05     557488789.60  955511560436.67    7409458359.79    357008177    390902792JCFOaBxNVpRmAPrlOMHhDbxMXtDSIqOWAypHKArsJlVKEInHOA          
19720109-210623FIN197211972010119720109    4254893257.74    1020542115.44        1.62        1.61        0.24     306066418.61  380667713976.41    2898148774.85    629855682    634241172RICOfhFDpPHwKRHsmPHYTpTzGDeJMQruPEEdPICrMiweHGwOFQYNoQXZWIjN
19720109-212834FIN197211972010119720109    4347640679.81    1513179578.95       14.03       11.95        0.35     891425199.79  473726310659.60    2305018303.30    107822321    126623065bqxEENiCeuJtRlUKFwhdKteH                                    
19720110-103349FIN197211972010119720110    8836407484.82    1605000650.75       16.35       14.41        0.18     649339371.97  687655996735.74    3241520430.94     98149877    1113681890000000208
19720110-180319FIN197211972010119720110    5467415423.67     630488247.64        0.71        0.70        0.12     574020004.61  451690488193.79     680935774.09    890624734    8980204740000000146
19720111-035326FIN197211972010119720111    7558672967.00    1921687268.29       69.53       59.39        0.25     655132711.23  839706984024.70    3488290868.78     27637396     323587050000000035
19720111-185552FIN197211972010119720111    6144170562.65    1381463044.26        1.53        1.32        0.22     739817908.14  588197884504.11    4468950127.98    902225374   10426586610000000009
19720111-190138FIN197211972010119720111    1974698159.44     571509706.61        1.25        1.23        0.29     435664763.63  670321575393.72    6105613866.42    455797310    466168786jLCjOYaAGVEUrxGtMU                                          
19720112-032139FIN197211972010119720112    4188654501.15     240942090.98        0.51        0.47        0.06     362796922.41  764934496897.34     966310211.26    468759915    5164719630000000173
19720112-124133FIN197211972010119720112    6861391838.19    3138946836.78       19.82       18.43        0.46     319592129.71  487913051695.45    2241049031.33    158356491    170298977CKqQGzXcNXMPWzzEAqHxSpCdCwJEirgSInSJOMkfzMBleWwhgbxmoVEVYU  
19720112-203053FIN197211972010119720112    9700179384.66    1280599920.71       98.49       90.93        0.13     467938695.40  652126220459.40    4178169242.82     13002643     14083850XiuLDVDnYQnZdWqIeVWutEjPXZaaQbOqjsNvlFMIc                   
19720113-075220FIN197211972010119720113    3692096784.85     581705148.69        1.91        1.85        0.16     675432309.28   47794063429.08    1597971977.90    304965494    3151384630000000152
19720113-135851FIN197211972010119720113    3992481678.22    2264146515.41        5.26        4.66        0.57     604752045.04  891761826788.71    3142419083.91    430614972    4860858060000000144
19720114-035559FIN197211972010119720114    7213768047.18    1225915094.01        7.26        6.26        0.17     842121005.02  395087997495.16      57026250.69    168971362    1958556090000000105
19720114-112448FIN197211972010119720114     271041649.40     186596451.02        0.25        0.22        0.69     336671905.21  156232516613.67    7171633069.38    734822047    838815112rkWTCsQbCPAUfRcKLCwMGTdIqvRSpGXQyDXxU                       
19720115-022624FIN197211972010119720115    9913929509.56    3948180704.52        8.12        7.50        0.40     400159994.94  816739562587.97    6447031624.48    485938485    5263156220000000157
19720115-075009FIN197211972010119720115    2028549341.90     306361190.70        1.31        1.29        0.15     514906333.39    3710770417.99    6099331694.03    234678791    237055974CrHZqaLKlUACIOCnANOtBcGMhwNEnHp                             
19720115-092610FIN197211972010119720115    2863182610.93      73737266.88        3.39        2.97        0.03     161991756.32  385967769179.27    4468731359.90     21771715     24793648EsHPWeZIUldfxNQnmwk                                         
19720115-164612FIN197211972010119720115    5606095801.92    3246936716.43        3.98        3.51        0.58     736727774.19  492984432386.49    9728638386.18    816558311    9263108630000000185
19720115-170651FIN197211972010119720115    6099070001.42    3014147017.07        3.27        2.90        0.49     170463687.74  393621752831.44     467719806.90    922411881   10405710220000000186
19720116-011322FIN197211972010119720116    6425434319.34    3293290174.86        3.38        2.82        0.51     687256816.21  333623658740.87    5656921639.71    975365311   1168190011sFUPMbMzZhWukEqBOFVslISMGF                                  
19720116-043902FIN197211972010119720116    6710620971.05    2862497197.68       23.05       21.09        0.43     505623626.46  305608864906.12    1813850313.35    124170555    1357390350000000008
19720116-152948FIN197211972010119720116     334366796.78      14633772.77        0.03        0.03        0.04     789265303.72   25073170712.68     286986936.62    537216360    5757448650000000256
19720117-012803FIN197211972010119720117    1648997695.77     811340752.56        2.35        2.21        0.49      18264875.09  717793442979.89    7688773245.12    345166228    366522753EVnyFUGFEJmFNaFNVU                                          
19720117-043113FIN197211972010119720117    1417683044.77     462307957.40        0.49        0.49        0.33      60539053.08  343548035695.29    5046201780.39    948481358    9529644160000000055
19720117-163903FIN197211972010119720117    4382630637.90    2147250829.47        2.15        1.96        0.49     613332909.94  648933398064.90    9798952777.35    997106274   1097861032NkpmsBILljFbVIAskKSudkLAIHYbeCnBzSVbIcIypZcePYIXqxdlNs      
19720117-210640FIN197211972010119720117    5486662305.93    1218438742.88        6.48        5.40        0.22     998479605.43  436570400696.79    6679167441.26    188028326    225558481SOHsouEIQhzIAMeFABDlHzVVpeXiHlUsEEOxcBPIJW                  
19720117-232349FIN197211972010119720117    7367267532.41     198275960.47        0.99        0.89        0.03     490869147.16  410605996499.66    5722482422.92    200131060    221979908VSvMNAtEDeXQNEDooBurhHTZUGXzfeRCZXFKsELbuDdCGvFheOL         
19720118-050028FIN197211972010119720118    1502516002.09     455447063.63        1.20        1.14        0.30     471749336.78  331689327667.98    3197524761.14    378027680    3992531830000000234
19720118-190546FIN197211972010119720118    6562083292.67    4275128464.99       12.40       10.49        0.65     243031565.65  963369380487.35    9488371216.81    344830899    4074731590000000020
19720119-005118FIN197211972010119720119    5792472829.70    3811389574.26        6.07        5.17        0.66      38983063.74  288243250022.59    6114125415.43    628093564    7371447220000000052
19720119-022214FIN197211972010119720119    9767525069.93    5544494134.71       56.92       50.58        0.57     596127317.41  367558773711.47    9484870281.91     97412807    109617343VTGIYOHqQTinymJiaerSHchHKAKjpPD                             
19720119-063417FIN197211972010119720119    5839434834.85    1955489155.80        2.86        2.82        0.33     504303413.29  766032676512.26     984727670.88    682867805    6931185980000000170
19720119-152709FIN197211972010119720119    2812758498.69     825311150.64       17.92       16.14        0.29     611366243.33  856840618506.02    2859417079.24     46054850     511208480000000240
19720119-172423FIN197211972010119720119    3496012078.76    1146855229.74       13.65       13.42        0.33     517654905.39  920954001994.78    4454487411.51     84004880     85440934LKcmIFGIvNgAcvIcDsIfLSTCBTFZvyKmVsXmANBQQ                   
19720120-030752FIN197211972010119720120    3257254035.75    1707822814.05        2.26        1.95        0.52     468275386.38   15617792170.56    5597240395.65    755776639    877844817GzDXOWXDABSzNrogrDpc                                        
19720120-080822FIN197211972010119720120    5569616138.10    1662239693.11       71.75       69.76        0.30     227167912.74  928434630653.03    3542005751.53     23167816     23827223dGTSaPOJMHvtCCHelvrPOQXnY                                   
19720120-161353FIN197211972010119720120    9396918655.72    6544614351.90       11.85       11.27        0.70     667486327.09  701357664776.42     771045773.88    552207138    580695085WqeiYOFGTjVEbfOBYccBfxuAwwzR                                
19720121-055754FIN197211972010119720121     143655257.37      71819000.44        0.10        0.09        0.50     837311669.98  769681911833.27    9930984794.67    730366710    761387477PAKPEEUQmMEQCIiKNBmUEBtPfusQRkopGWWnKXMrfXJjrgUvxcuTzMgPK   
19720121-115219FIN197211972010119720121    2495982553.63     142094176.52        0.51        0.45        0.06     466049565.75  778096361941.48    6128108921.89    277542346    3150657940000000024
19720121-174713FIN197211972010119720121    9349045862.85    5642146311.39        6.97        6.55        0.60     410604273.69  402108032336.23    3085002480.88    810005505    8608717570000000151
19720121-213809FIN197211972010119720121    8150781573.32     952702881.83        0.99        0.95        0.12     915774966.14    8575427704.28    3831864120.86    964241034   1005393797XUhuCIMVvmnSqMBPsPTqVPeOhOJjWFWHqbzvsVmNTAFOvA              
19720121-232104FIN197211972010119720121    7903137735.00    2654958095.79        3.23        3.17        0.34     801423296.63  102984581916.16    2246423217.39    822234824    8375995440000000192
19720122-055909FIN197211972010119720122    5603852512.66    2576481230.72        4.87        4.37        0.46     534794548.72  816355791457.54    4937450930.51    529384639    589391167qRPVVdOiHOaRcVTAInDgjliDRKxjgWiFKZqiTVfCOkJATvp             
19720122-102348FIN197211972010119720122    6898911361.52    4560177754.91        5.86        5.35        0.66     147977490.86   68408377965.76    2517022094.81    778828985    852485940caOaabgKJQaXSZiUGJIHBtXLntUfKAkQvMDyj                       
19720123-012303FIN197211972010119720123    9262320045.72    5885170157.15       84.31       77.76        0.64     822257461.66  206667652642.43    5926315631.65     69806743     756837580000000064
19720123-133026FIN197211972010119720123    1107791604.85     404062824.17        6.90        6.55        0.36     689466981.75  744300160684.65    3886182703.37     58562102     61711977eBZLwzfHUBLxsWSFpQmudmDjRXm                                 
19720123-194315FIN197211972010119720123    3998467804.58     168309524.43        0.19        0.17        0.04     106115996.03  129854995521.04    1444957752.04    871536542    9635579840000000067
19720124-031349FIN197211972010119720124     334619714.06     180440917.78        0.80        0.67        0.54     436709398.21  540949347180.73    6499003833.23    226656739    269445443tWwKapCDGKDqBvwDJQvKfXxUMzFDUXQBf                           
19720124-035740FIN197211972010119720124    2282249834.60    1455221089.34        1.58        1.37        0.64     740511023.28   92365437399.34    9789641384.78    921513686   10600127610000000025
19720124-135809FIN197211972010119720124    6796599297.41    1637453238.81        2.42        2.17        0.24      28889747.48  130503660535.14    1272642838.74    677194364    7540778450000000224
19720124-233914FIN197211972010119720124    7616431563.49    4861240698.31        5.90        5.07        0.64     694859505.55  771147178170.12    3888916824.50    823318520    958024610FCOCNTOPibcmwDBHblaHXU                                      
19720125-011336FIN197211972010119720125    7752717315.25    1006116717.90        1.30        1.19        0.13     462452063.50  347466056200.86    7111565174.27    771398054    8427456890000000136
19720125-045336FIN197211972010119720125    8207023951.42    3842024107.07        4.23        3.97        0.47     909921267.12   43944856161.32    9146462311.72    908276768    967248562OhGyMTcWMJdQpJQZIiaxBfCuXgKBUhaQsuoACPYaXpbjkXNDZMmSDD      
19720125-134117FIN197211972010119720125    4080257353.20     353825584.87        0.37        0.36        0.09     952795095.82  653755956909.21    9324927082.48    965952025    9696798170000000180
19720125-195655FIN197211972010119720125    2248739914.23    1499581483.61        1.83        1.70        0.67     852799298.45  516526328571.90    1989273722.27    818871750    8840901020000000227
19720125-204356FIN197211972010119720125    7265248221.60     749239256.40        0.97        0.96        0.10     528923960.40  917605494674.70    8487429072.95    771686515    777384574IHAiIELZmpMXSKIrRVovqarZpwJMeyEpSwQWmbjcix                  
19720126-015001FIN197211972010119720126    6095373428.90    4205109232.54       11.71       10.56        0.69     282727308.11  562952733808.32    1012327360.01    358954975    3980323630000000216
19720126-063712FIN197211972010119720126    2903456606.60     480848833.66        8.58        7.38        0.17      29985550.69  726403693884.64    1435915943.05     56011114     65147975VxmNpSrxEBXnLfMwj                                           
19720126-113327FIN197211972010119720126    4460309939.23     428102290.03        0.76        0.68        0.10     836177753.30  425645170063.97     391590279.96    562050424    6283811550000000257
19720126-212132FIN197211972010119720126    2586802282.13    1483945731.57        2.08        1.76        0.57     796060670.65   83090131595.17    3787882494.64    712746202    8446986850000000058
19720127-125401FIN197211972010119720127     938093980.34     618786457.53        0.80        0.74        0.66     263975171.16  932901286384.86    7462498890.27    776010490    830777182KsLBXnElVKdTMXGCGoOrJDQaBpHiZwbprNnHXjI                     
19720128-032759FIN197211972010119720128    9246649334.04    1699521889.63        2.38        2.06        0.18     466000113.21  627964830252.84    9218735071.80    713075887    824019042qBMMQLoTVJXYOWHbqUadsqhStqZmMDQEYnX                         
19720128-062236FIN197211972010119720128    6753512517.40    1551069646.86        5.97        5.04        0.23     184494579.49  913970431897.39    3622386861.62    260021512    3076522370000000042
19720128-100957FIN197211972010119720128    8383729018.65    3067298642.29        5.42        5.30        0.37     534646207.38  236949817299.36     216736660.59    566432134    578227313UfSHWSCITBCAOZQunWBPoRwGIRuCUoPSdEQARTADOJmAyACdfM          
19720128-233223FIN197211972010119720128    1889010795.46     713516758.28        1.56        1.49        0.38     369398513.92  180103899583.55    7269282013.04    456410155    478689961ziJohMcvsgUVqHyXNSwWAqFRxoSF                                
19720129-102514FIN197211972010119720129    6349824384.43    1136732922.68        1.58        1.54        0.18     795184523.82   10438639527.42     801706043.39    718595767    7368140310000000138
19720129-163728FIN197211972010119720129    4508155230.19     495727522.51        2.13        1.84        0.11     228161788.32  401642299381.03    6587465106.89    232281950    2699056510000000232
19720130-062227FIN197211972010119720130    5040807428.95    2709597352.06        4.03        3.67        0.54     450910487.17  222188961407.76    1851844222.80    672895764    737621018aoTgMQQOVPapOXWxUW                                          
19720130-081254FIN197211972010119720130     515526621.71     213645841.33        0.68        0.65        0.41      71810322.15  225257441812.29    2424538308.65    314021559    3269677540000000111
19720130-161313FIN197211972010119720130    2283451613.93     369991145.56        0.43        0.40        0.16      64792984.40  417600692411.41     772964652.06    863122494    9188131440000000117
19720130-191502FIN197211972010119720130    2337505540.75     334384771.95        2.41        2.41        0.14     799667413.37  611496042116.47    6880046182.33    138679636    1386907170000000264
19720130-202730FIN197211972010119720130    7311224378.34    3755920697.76       13.64       12.27        0.51     264164730.57  782112088133.18    2306790052.45    275273604    3061678350000000038
19720130-203241FIN197211972010119720130      79572153.89      14351261.21        0.04        0.04        0.18       8959522.71  797855980777.01    8560221569.32    322404908    3514711200000000236
19720130-204634FIN197211972010119720130    5670606655.89     950617986.05        1.26        1.13        0.17     154714562.07  359884211821.77    8834950240.09    755253587    844782802GZYLRjrimaTBIzBBifAOowqfEgITGEQXq                           
19720130-205312FIN197211972010119720130    9128868305.22    4580815406.14        4.95        4.87        0.50     349046135.14  673895212904.45    4989589842.94    925981663    940101150IYXYDYXzMPNoklZTdipMzRqgCNIOKJHazWaAqvQYkNmrDITClMRGjaTm    
19720131-084602FIN197211972010119720131    8924648705.91    4958427581.28      342.20      313.23        0.56     382037208.34  421494281588.62    1058120315.34     14489960     15830038OQrOAucqBZdHWTvrsGTQqDUAJesbyHxtJHEzCHKBOOQPPk              
19720131-182843FIN197211972010119720131    4687260837.86    1305155161.71        2.09        1.93        0.28     954009765.31  866615626281.85    9470592157.10    625843045    6765433060000000019
19720201-023210FIN197211972010119720201    6797881099.49    2424108119.11        2.65        2.47        0.36     228198016.76  519506263724.79    8115351225.74    914349897    9822716490000000127
19720201-025506FIN197211972010119720201     314003523.25     206933728.47        0.36        0.34        0.66     937267876.36   21927328851.21    1363528723.24    581812841    602089070iAJNmDakgxlQcGOiloFqkXDmRxJezUSKSBPCvqFfSbAlV               
19720201-070916FIN197211972010119720201     113049171.49       8632273.57        0.02        0.02        0.08     226407423.93  957455442419.96    1161403972.97    497843823    575301371ELRDIvILDRFhUOPlOdBNRoJISmXZkKmyFIXaoT                      
19720201-224244FIN197211972010119720201    5083073266.91    1065076273.46        1.32        1.12        0.21     485995379.48  120184691865.42    5591937293.95    806269134    954469245hJTjBraMaWddGWF                                             
19720202-031456FIN197211972010119720202    5779488786.08    2668194787.23        2.81        2.35        0.46      88184772.56  508582488503.05    3411714173.78    950042376   11336343840000000054
19720202-094029FIN197211972010119720202    5251663379.98     930900542.76       27.18       24.77        0.18     433221019.85  632502993700.44    4633581013.36     34246942     375829370000000207
19720203-011507FIN197211972010119720203    5111443043.16    2265542826.39        5.07        4.63        0.44     287761017.44  757734474830.45    9338187293.63    447030045    489553374MDjVavoVSMeRlCAiXqmFZzvARFaNTAslRoYCUeWRGOXU                
19720203-123415FIN197211972010119720203    7900473200.11    4097226585.64        6.10        5.12        0.52      21241334.01  681956902631.77    3912371597.83    671175551    8005217200000000147
19720204-025401FIN197211972010119720204    5222101842.45     674631474.50        1.97        1.69        0.13     695318065.24   60488372695.95    8971375124.20    341809297    3984051420000000005
19720204-160819FIN197211972010119720204    8382705220.90    2556958502.11        6.18        5.22        0.31     382777056.59  528143245099.79    6464969264.47    413418395    4903020110000000000
19720205-015504FIN197211972010119720205    5299694348.45     995369929.40        1.18        1.17        0.19     590845248.97   53821446475.29    9978517238.37    840169129    852128351jEDMMMXIiuBzANZHiHyWmFFHVoTLvwUegqgIIMHlatdnrNCMwtJ         
19720205-054910FIN197211972010119720205    1191273263.75     691153472.93        0.86        0.73        0.58     400529819.37  560764595172.61     657808194.57    808026587    9491893230000000255
19720205-160833FIN197211972010119720205    7101472447.70    3690957770.79        4.96        4.15        0.52     825439412.26  705470969219.82    6663510806.76    743970869    889206506jmClCXBcZwINVyetRxHbWYRbsYBIFkuIGtecXWIN                    
19720206-024129FIN197211972010119720206    8072418326.01    2383231515.53        4.64        3.98        0.30     495824603.54  451521073381.42    3918534804.25    513917242    5992188390000000062
19720206-141611FIN197211972010119720206    2187186136.64     735081089.07        0.89        0.82        0.34     382083490.20  980635661564.02    2077677018.70    822247383    897357388hLJBQUzrFVOXJcPWoMTCtDJWVHTNVVRwBxaKF                       
19720207-050135FIN197211972010119720207    3476210099.59      26942156.90        0.06        0.05        0.01     183902043.68  659047481560.99    1701145109.35    474324039    525551224oIQejJbSLBWXaQIsuHTVgYmfsffAYKYVcOoxXezynfpc                
19720207-084857FIN197211972010119720207    2819861831.96     929536832.00        5.51        5.03        0.33     444482100.40  772726628198.58    2765008214.33    168639821    184627028zjoKtxCKSTNWLpRzJEjyVWiVEuzmYUTLdbyRHLSIgDUbYquZsCvOKJvFaWMu
19720207-161605FIN197211972010119720207    4350879982.33    1436736426.12        3.18        2.84        0.33     804195012.70  210867541501.53    2917971938.18    452344243    506680351yzVtIWYoRQKKPNbDwXqdBMdFXWIZfiTteG                          
19720208-040824FIN197211972010119720208    7074173068.66    2555844611.69        4.66        4.08        0.36     244796843.34  466795923693.07    3203183318.23    548257835    6257407950000000258
19720208-155221FIN197211972010119720208    3886839848.22    1363719636.68        1.42        1.27        0.35     482113841.98  295557160600.77    4232763569.38    957661019   10721684800000000072
19720208-182827FIN197211972010119720208    5862848062.12    1408116398.56        1.44        1.42        0.24     921634251.02  992303992544.15    5404666476.31    981162857    9892275990000000197
19720208-213545FIN197211972010119720208    3899637096.51    1519336089.28        1.82        1.76        0.39     538118964.66  599044040799.70    2278261219.35    834296118    861243926MMYHEsAdHQrXvDXqWNGKyGRnmNQy                                
19720209-000203FIN197211972010119720209    5546651591.11    3220757969.15        3.76        3.25        0.58      79468099.59  941393341941.47    5197439190.16    856125676    989644523PbZdBtNVFkoHUVrXoPHrheGsXLJgIHgHTAbSKZsIPv                  
19720209-045056FIN197211972010119720209    2282221025.00    1095138723.44        7.06        6.37        0.48      31392675.60  403864635802.58    4480796225.97    155136608    171898264zRUPBBfUiMinqnbQBpsAavFODFdBPmkYvLolpCtKqmeICrhsJTmwX       
19720209-090122FIN197211972010119720209    1768298174.48      14859158.97        0.05        0.05        0.01     250839252.16  628767199209.74    6613601948.56    277102819    324068864sRWWIhWVTcdKuZKNfeibPUSU                                    
19720209-200024FIN197211972010119720209    8376845460.69    1448074426.73        2.73        2.34        0.17     875661607.17  164713458892.62    9610684520.72    531330914    620008098OKehKyGaHgbEeBcBDAnFaXwXmCfzDCIig                           
19720210-043912FIN197211972010119720210     590630858.59     313933670.02        0.65        0.65        0.53     455493217.36  724192887884.60    9888989921.53    485358337    486543945NzPPOvaDXUEaahXSUBxgGTdt                                    
19720210-111443FIN197211972010119720210    6572732289.07    1979297940.79        9.25        7.86        0.30     375944912.98  452586701379.78    6150969703.43    213939813    251813949WYfOapWvnEnhMhkNzSVXGjPrOIiIqEAzAsUFAEZ                     
19720210-192219FIN197211972010119720210     112121054.68      30093728.34        0.04        0.03        0.27     704244495.69  448874732415.85    7474017203.85    832003849    9641495350000000099
19720211-004626FIN197211972010119720211    2702797664.92    1834492799.62        6.36        6.34        0.68     418500762.50  573336732172.11    5449469196.10    288548269    289150354hcPDGWJeqNhVOJEHQzDTICfkFUCNaLlcnCkzQvSJALfIzRb             
19720211-091835FIN197211972010119720211    3527187261.76     778623273.53        2.01        2.01        0.22     760311026.44  457929858325.46    9761209217.77    386571719    3867915130000000265
19720211-114650FIN197211972010119720211    2379523028.94    1103957212.10        4.06        4.05        0.46      42717496.96  619710238402.66    8837605431.56    272014256    272377890vnbESGDLPDBDVwsKNSXPqRYLGXjuxVJrQDsEcEVAYIyXWMFThaGbMIZNd   
19720212-025103FIN197211972010119720212     235657759.90      89439679.49        0.11        0.09        0.38      96829092.01  190144630242.50    3532510236.78    849849792   10191666330000000204
19720212-090549FIN197211972010119720212      69441745.32       8465777.52        0.01        0.01        0.12     976547800.67  540645513948.69    3990827403.39    620366601    6421648850000000241
19720212-195157FIN197211972010119720212    9644187743.89    1027633493.40        2.93        2.63        0.11     169638228.96  731398092029.57    1019125280.28    350470509    390382998hLVgKYfIAzFOLUtDEVziLsKZDBUvAfdYDovfLNhVCUwSfIDPgAjrqNO     
19720213-102501FIN197211972010119720213    2491573029.22      29091580.50        0.04        0.04        0.01     484928756.25  865674591333.74    8496311975.83    702049062    7493131750000000167
19720213-121714FIN197211972010119720213    7907234943.79     119804454.28        0.13        0.13        0.02     264348629.21  849431171531.95    9715597460.98    901878729    9360913520000000168
19720213-204346FIN197211972010119720213    8364074989.58    4452661952.08        8.59        8.28        0.53     958148858.97  139335254475.37    1231221372.74    518275451    5380489560000000130
19720214-005220FIN197211972010119720214    2655449160.90     666909541.15        0.84        0.74        0.25     505251463.12  557013365941.22    2144533605.23    792607983    899162618UOiPPAqTHALSquMEWyPKUQDUMJVXvMfKqTZ                         
19720214-073217FIN197211972010119720214    2059985410.70     604702716.35        0.92        0.85        0.29     544057633.28  763892323265.45    4804765314.21    657234193    712188122qKZmxEJdJHmHxmqcMqVLIgrwrTMFGSYepLzRROMkSDC                 
19720214-202718FIN197211972010119720214    3448733007.60     470568460.61        0.67        0.57        0.14     807313499.12  738246544111.47    1017750539.05    706604102    8314993420000000196
19720215-050955FIN197211972010119720215    5208277367.67     860217920.87        6.42        5.75        0.17     427364057.44  474566708549.45    4329924343.57    133969924    149622880UXKSWgGTVwuzWNnUV                                           
19720215-141053FIN197211972010119720215    3301615520.64     225557110.49        0.34        0.33        0.07     918352487.48  215496402896.56    5999929933.23    660679058    6743079710000000074
19720216-003803FIN197211972010119720216    3536105232.77     432475882.56        0.76        0.69        0.12     381589069.67  751502388296.27    1474951917.73    566229442    624596823DhEFIsYSMqHQmxAANGFHPWdKF                                   
19720216-042924FIN197211972010119720216    1124740535.28     687795556.43        1.03        0.97        0.61     212153742.64   24319434179.66    3346222530.57    666401811    706274282VZFBRwvFHyQCUMDVoBLLIIBmacVsHPTyOUvhQJtRzByXxTqcURyaA       
19720216-155232FIN197211972010119720216    3423602537.27     449611475.77        0.62        0.60        0.13     335472654.26  364535171979.72    7886230950.60    724726055    749379748RIoafLXyzvuVdAypgRHDbVyCNFqJLTgbS                           
19720216-160300FIN197211972010119720216    5272577640.49    1490410952.32        9.60        8.98        0.28     625491908.11  585770066961.68    7842156124.70    155298400    1659117020000000125
19720216-175005FIN197211972010119720216    7356447862.52    2845531975.93        3.43        2.88        0.39     251083281.87  564029393645.77    6827241714.32    829090208    989592623eezYHLVGTnzwQXHAOrKazMfL                                    
19720216-192837FIN197211972010119720216    2826397022.53    1534727403.42       10.48        9.75        0.54      20948557.38  670278434916.56    3337715949.01    146486815    157389053PjlPgtyXFQMaQwoAnVgbUFMVCFQGEgeGVOPIPEPLwBmXWxRK            
19720217-085854FIN197211972010119720217    3035469693.40    1691285650.83       29.67       26.53        0.56     289269918.99  597012593378.23    3998440970.03     56999307     637569530000000040
19720217-110808FIN197211972010119720217     830588915.77     277262788.84        1.77        1.67        0.33     429743755.70  614684358114.01    2962051991.59    156215599    166348140LoSyvUwXvGnKexKhSbbtArGnpUcArarLDzSDOEMMZBwKPwRuADFxSFJ     
19720217-181327FIN197211972010119720217     750123880.72     322802219.36        4.59        4.49        0.43     879468001.08  631598264815.16    6454669749.82     70273722     718749710000000002
19720217-202302FIN197211972010119720217    8153925517.69    1406002066.86        2.41        2.29        0.17     693120572.59  165743220878.41    5224650692.60    584462978    6141722660000000030
19720218-092613FIN197211972010119720218    8982377539.27    5867446824.55       16.98       14.63        0.65     309697466.80  411045081159.65    9411593871.77    345530810    4011567780000000184
19720218-221304FIN197211972010119720218    9023751265.04     279732643.01        0.93        0.88        0.03     147539112.65  365966666231.87    3197345864.11    299659513    316766359RLjhtKlUmfoJhUDVTLrWpRzHYfKThEqzhoWNaWCnyGIpnDFEVgaiwbbY    
19720218-233743FIN197211972010119720218    2295460722.47      66877923.95        0.14        0.14        0.03     575454794.98  323627467249.07    9792770426.01    464974706    4854932050000000259
19720218-235241FIN197211972010119720218    1995510998.23     208293172.70        2.85        2.78        0.10     559392680.14   75997736678.11    5136716106.82     72980499     749077940000000203
19720219-042955FIN197211972010119720219    8759345878.94    4157784356.99        6.24        5.33        0.47     641211836.02  549569868002.41    3392812359.63    666153855    780693848KoviRxUIRFITXCLew                                           
19720219-170032FIN197211972010119720219    7728713405.91    1071380813.68        2.95        2.50        0.14     266837235.61  841682408583.64    1737484783.06    363432799    4291712270000000092
19720220-040447FIN197211972010119720220    1918091262.60     515160066.77        0.82        0.79        0.27      26624383.21  929982299599.08    6406189234.99    626434372    6554805710000000104
19720220-131407FIN197211972010119720220    2418527642.87    1207125761.23        2.80        2.45        0.50     812299812.43   68270054355.10    5935324070.82    431559709    492783129VJecwNGRKWWFBmyGzHnLJQDTAFYJSdZYFIIDBdQdB                   
19720220-171036FIN197211972010119720220    4184835075.89     859936274.99        8.21        7.78        0.21     348583776.45  555730282398.17    1024257405.62    104760525    110479728LKCNUwwVcHHCDVwSxILaphVOqaSQACIMfdTAl                       
19720221-064010FIN197211972010119720221    2395743234.90     748092405.31        1.52        1.40        0.31     467128247.63  989603065220.35    6268269487.89    491625041    5343063240000000211
19720221-081502FIN197211972010119720221    5423712338.30     806249215.00        9.45        8.75        0.15     823427406.21  964856793999.41    3671542905.99     85358200     92161832aJZDEsbtUZIVIFHQlUkKimBOIJCkSOi                             
19720221-172125FIN197211972010119720221    9710647464.85    5937216076.97        7.08        6.07        0.61     180703216.73  560461132719.19    8003324355.13    839122509    978159783OFnTuxOMWDUHOSyWOVCiEosNDI                                  
19720221-224146FIN197211972010119720221    4924937449.23    2446315140.18        3.54        3.03        0.50     855399271.75  595704390791.10    6593001632.80    691627087    806543296yRPdOOYwDRIgGtBTaFzyuaZQ                                    
19720222-140128FIN197211972010119720222    9214024105.70    3275664852.45        3.43        3.13        0.36     307128024.83   12032545173.16    6970662687.73    955164122   10459947140000000166
19720222-214835FIN197211972010119720222    7025648201.69    1623816803.57        7.13        6.93        0.23     316568420.22  654362945917.57    5954246132.86    227706830    2342965050000000007
19720222-223704FIN197211972010119720222    1657799515.42     527061108.74        3.85        3.56        0.32     795411357.04  975494763562.31    8967332512.37    136951698    1478538300000000110
19720223-014130FIN197211972010119720223    7081587073.75    2855004575.51        4.61        4.19        0.40     346840070.71  790465765320.70    5754698250.48    619705379    681682001YlpZAosXzsuvTxMJSRMUB                                       
19720223-134703FIN197211972010119720223    7159094014.52    3051701440.88       14.02       13.95        0.43     778383918.38  959400457471.27    7775173009.50    217659481    218806025qRAMrJWYRgHUIFKxEZjraB                                      
19720223-210511FIN197211972010119720223    8634237518.47    4449989820.55        8.74        7.51        0.52      95371734.52  680948747858.15    2744260718.07    509051309    592867519rflAKFDXHCAcNmwLNJTMIvxdoAJIIC                              
19720224-105708FIN197211972010119720224      73588281.28      38800943.43        0.14        0.13        0.53     700094278.24  846354754328.39    5740827345.75    276650847    301522419QAIfXCkZkcOUWysYZNIrQhFKChnxkXeYAlUVoUXQtalpMEzkjpnJDLQMx   
19720224-113511FIN197211972010119720224    3648631873.50    1590687780.13        2.95        2.75        0.44      52077666.12  948266908727.64    3814089410.89    540020292    577434295qNBRLBcNHRMNCOGgoLutSmLjluU                                 
19720225-031020FIN197211972010119720225    5920927767.87    3783430481.48      113.46       97.28        0.64     905204912.00  581712310334.50    7486204501.19     33346817     38893479UKFcnKTFeKKrDiCQaSvHKASfMHqqwaibByIFXMzCNUKdDSAl            
19720225-064105FIN197211972010119720225    5385665135.23    2210952029.95        9.20        8.24        0.41     432598225.02  471940979611.16    8929641645.21    240416809    268204053vXSEWKALOAvhIlwNVfQQBHKxBjyZoXiQNPJjmHVRQmuFFmfzfaBJyGV     
19720225-142850FIN197211972010119720225    5542609180.28    1389373865.53        2.01        1.79        0.25     873300219.38  513426846457.89    3819712801.63    691016352    7780767350000000244
19720225-234029FIN197211972010119720225    8066528522.32    5116550208.06        6.68        6.55        0.63     937971478.62   84628037180.35     297103641.09    765607044    7806817490000000061
19720226-013129FIN197211972010119720226    1003934916.16     616987741.74        1.37        1.17        0.61     503943045.53  508601997106.33     534721030.77    451241049    526492430NiBcGbDvQsFXSbRxOUPzUvEKLCXRVlDFrhOUHduBWHC                 
19720226-163203FIN197211972010119720226    9994170064.33    2272427925.49       14.15       12.46        0.23     692648870.49    2786220921.92    4264213599.18    160589729    1823603480000000043
19720227-080311FIN197211972010119720227    5744145434.65    1391294265.43        1.73        1.64        0.24     996472055.19  885042379325.60    4937874362.67    804209662    8464207150000000012
19720227-150249FIN197211972010119720227    1848857003.25     743795870.70        1.13        0.96        0.40     485207274.86  507583772669.59    5307757447.68    659704427    7726101140000000209
19720228-061504FIN197211972010119720228    6981623663.79    3887710483.57       86.46       79.28        0.56     765768100.88  174892623537.00    2508684972.83     44966996     490385900000000031
19720228-130432FIN197211972010119720228      14814314.60       7241012.14        0.03        0.02        0.49     507083413.03  964613389492.83    9634369506.00    279425417    3073682500000000219
19720229-012419FIN197211972010119720229    9295139745.93     383072959.21        0.48        0.46        0.04     343820452.01  240356732929.28    2613131537.07    797845900    8248381510000000129
19720229-054605FIN197211972010119720229    5828409379.23    1357932495.61        1.56        1.33        0.23     383229390.26  755267599911.29    4947263704.18    872751863   10190624180000000029
19720229-075257FIN197211972010119720229    9189785343.30    2704464745.04        8.65        7.88        0.29     147114887.61  529039478930.71    2971815727.49    312806275    343281991zCNcUXNeZAUXsHb                                             
19720229-203718FIN197211972010119720229    5397739712.22     501059533.47        9.49        8.69        0.09     200629052.66  226985847950.67    7754625220.05     52793165     576643590000000178
19720301-120820FIN197211972010119720301    7858835159.78     483726710.04      175.55      161.28        0.06      46740688.98  563339882142.91     365428973.21      2755514      2999371jUcWBvgxKjCwRpvXoIjBbXiBA                                   
19720301-193945FIN197211972010119720301    2735808158.02    1753555921.26      185.31      184.54        0.64     517194917.93  887310260338.03    5403045776.59      9462957      95023380000000132
19720302-050330FIN197211972010119720302    2465260345.72    1230969369.27        1.30        1.28        0.50     509376308.25   92297507809.47    9001841771.33    945732118    960597372nFkXCFIQQcAPOHRuYtieKkGSZpAdCmvxWPuheWUSLiFkN               
19720302-172141FIN197211972010119720302    8513237465.19    5482953519.29        6.41        5.94        0.64     808087586.24  456492180874.71    2962636123.89    855402521    9225422390000000142
19720303-083054FIN197211972010119720303    2720464849.26    1251500012.15        2.15        1.82        0.46     204792765.47  926463349511.24    4036461332.55    582408621    6867312690000000260
19720303-135336FIN197211972010119720303    4650577726.15    1631290875.66        8.48        7.32        0.35     331342149.12  891443129412.99    2685213304.30    192361536    2228730770000000011
19720303-163816FIN197211972010119720303    9505407094.69     950866291.04        2.10        1.94        0.10     172517783.62  482913704677.26    7953250465.06    452795165    4913758340000000077
19720304-065752FIN197211972010119720304    2825418058.85     478648072.66        0.54        0.50        0.17     898307520.39   83990145886.06    1704683443.50    891686786    952562608yNswyMTeJisZhBAUQKoZSIKDiQjQGQezvJmxBiPyRJAQuJv             
19720304-210903FIN197211972010119720304    8040675247.11      25892753.96        0.20        0.19        0.00     233856527.28  193549326851.26    9511153845.09    130266900    138058205NDADqvWeHTUAmUatCSDcHERRuXjpHdzMqjiLgxFOplPZNfETQIO         
19720305-085645FIN197211972010119720305    1752058215.19       3879406.23        0.01        0.01        0.00     555452651.79  497619666176.74    9506184699.78    632650576    6371337070000000082
19720305-205515FIN197211972010119720305    9899368454.38     289926338.43        0.52        0.49        0.03     552763455.26    3116204872.80    4308282501.39    562330177    594744703estGmMJWXVNYIvVp                                            
19720306-104848FIN197211972010119720306    6673615327.14     113742742.49        1.08        1.08        0.02     393861757.33  156298878317.12      33552968.17    105338251    105760623yURWxInlVahogpZHAunTIhWpDHUoQwnugkGiHKWVDOnuTAuSApjDJaf     
19720306-194656FIN197211972010119720306    9813783379.04     920035029.79        6.65        5.56        0.09     237103252.67  743871258022.91    5967663468.19    138385408    1653836410000000096
19720307-092715FIN197211972010119720307    9208727270.95     944819253.80        2.85        2.38        0.10     546469175.92   22300736087.39      51861722.06    331719406    3962309700000000213
19720307-114515FIN197211972010119720307     717704185.17       3052681.53        0.00        0.00        0.00     577325974.46  926257092783.99    3213307225.08    670540739    7099000480000000183
19720307-123003FIN197211972010119720307    9289613799.66    1549858024.99        6.24        5.23        0.17     464555412.94  149475348645.58    1012619563.90    248538643    2961291060000000156
19720308-003314FIN197211972010119720308    1640236291.51     922036120.89       25.18       21.85        0.56     855498401.10  694240103156.92    5727674636.05     36618408     421920640000000222
19720308-022656FIN197211972010119720308    9878201547.08    4817470576.19        5.73        4.80        0.49     760741446.37  705967267840.41    4471414815.89    841219429   1004645830FQCxtQRoMnVlnjwEERVRrjOJDAIyWTEKGCbBNsvTNBMQXXA             
19720308-154300FIN197211972010119720308    9573887512.95    1899668295.11        3.35        3.13        0.20     359515980.07  330879449498.56    6485798752.71    566230331    607609573BzijSDvPCIJvDDDXrPdu                                        
19720309-015933FIN197211972010119720309    1835178645.55     254752358.23        0.29        0.26        0.14     608558362.16   77226755969.64    4279507621.15    873679691    989381403JSKnyzjayIuyPFBDYKGYmQJJJALMQVJRXBsXrxUvvRsgSBaOEnDcQEgzHT  
19720309-065918FIN197211972010119720309    8714209012.84    1684080676.42        3.30        3.23        0.19     577128388.64  520081540251.44    4074726893.07    510308896    5211712870000000103
19720309-150844FIN197211972010119720309    5038704149.65    2132731774.41        2.75        2.38        0.42     991822010.23  898137837984.66    6152290285.75    776289920    8959567960000000016
19720310-025742FIN197211972010119720310    2802256193.29    1389030585.56        1.86        1.68        0.50     604201920.17  118656149905.95    8272338327.82    746444353    8263886640000000194
19720310-073101FIN197211972010119720310    8820141582.75    3526430490.99       21.96       19.59        0.40     375566306.73  418094876374.89    8083056341.08    160585651    1799809560000000133
19720310-101919FIN197211972010119720310    6658106912.18     311942499.37        3.74        3.16        0.05     524461667.53  460476941243.58    4827838573.57     83501482     986630310000000205
19720311-001654FIN197211972010119720311    2970483299.95     650851729.53        1.25        1.15        0.22     431926717.17  414689940589.26    7753655070.17    521013892    5675875920000000036
19720311-145036FIN197211972010119720311    4446231286.30    2499736833.53        8.24        6.99        0.56     945885199.19  502881786125.66    4711996013.17    303409402    357722714xUJWMEEmEMdIWSDGXW                                          
19720311-191927FIN197211972010119720311    8795238537.90    4302427684.69      667.77      558.06        0.49     287329864.97  654134419048.14    8490960835.06      6442951      7709666diqlqOsDpYaNQhSPBbXhMXocCDXEfNMfLDMDHOdpovsklTN             
19720312-074836FIN197211972010119720312    3307895403.47    1861406439.36        3.96        3.68        0.56     132020551.87  613625236684.84    1282754399.32    470146082    506472341YGODXTYUYQHKSUzVdmTrHaaZEgiuZLXAwzvjFZMnWXdUSECjfiOJYU      
19720312-170938FIN197211972010119720312    5129461383.37    2395190876.89        5.33        4.67        0.47     106616684.62  331278893768.64    8507890340.38    449406430    513330818JySpXSUPXXRQAhXZYVXuSJeBKDIpCmynRTiStS                      
19720312-201425FIN197211972010119720312     339500046.95     100460910.76        1.08        0.93        0.30     437691440.19  180167097654.84    3836151517.55     93055971    1080559800000000080
19720313-060631FIN197211972010119720313    1114552425.39     377032072.81        0.60        0.53        0.34     460617135.83  609585710769.02    1273710101.77    629594562    714488794WWZnPQCzopSOWpJARPzEqydPAK                                  
19720313-175243FIN197211972010119720313    2748467709.62     652608380.38        1.85        1.77        0.24      73683453.84  907457062839.01    7465607942.01    353670439    3682903200000000059
19720314-034233FIN197211972010119720314    7124806569.10    1553025691.00        7.43        7.40        0.22     973207000.09  717481755692.57    9301181402.26    208940808    209912730PGDBgEZqRneMoLzzQWIWKPqUm                                   
19720314-070729FIN197211972010119720314    3241382839.89    1061762471.69        1.98        1.75        0.33     818462601.36  513059313670.09    4655840882.40    535477354    6081991980000000076
19720314-155647FIN197211972010119720314    2427271540.60     507529373.71        2.28        2.07        0.21     676490212.56  235416347387.39    2127026627.65    222908851    2449899160000000148
19720315-032447FIN197211972010119720315    3145342139.80    2161516286.47        2.53        2.16        0.69     819440121.29  475273479525.25    6890866750.94    855509271   10027239410000000115
19720315-062013FIN197211972010119720315     623266040.81     115685438.14        0.58        0.56        0.19     995959103.51   92279258372.18    7163956024.54    199987856    2049522880000000228
19720315-162718FIN197211972010119720315    7180884503.00    1040356648.80        1.96        1.77        0.14     843689586.74   97543295527.55     294191030.07    531337593    586603914FXFYeNQJTmypAWxzHPOBgNFDcXaQQFB                             
19720316-073153FIN197211972010119720316    5743367611.89    2770218412.31        6.28        5.33        0.48     388119563.08  933676387911.08    9246182330.38    440931226    5197979570000000050
19720316-184630FIN197211972010119720316    8803816782.50    3292406469.84       17.76       16.27        0.37     247809728.40  721869948131.12     503863515.68    185357224    202377132XiKcfZmoGQnBHAdYEzmdTwSdbIDPEXDvLJbgRSdkrsLGrsJIESgMl       
19720316-230240FIN197211972010119720316    1393967442.62     973076725.44        1.28        1.14        0.70     990373992.31  219202512757.57    7338312479.29    762574314    851747360uBBFBUhgSRFtzQIYXtbEFRe                                     
19720317-130218FIN197211972010119720317    8501481774.55    1607458552.31        5.54        4.75        0.19     397592516.70  938113982380.91    2121265620.27    289974927    3382519510000000046
19720317-140338FIN197211972010119720317    8633330751.91    5274367988.88        9.91        9.16        0.61      61347739.79  452474592137.28    2098683793.10    532484691    575714357BELJVClFSUDWQNFrxaHxDDEMSOMNqTeWbFtIh                       
19720318-004919FIN197211972010119720318    3345155780.35    1392274566.79        2.65        2.48        0.42     304520952.64  841487695691.64     285934410.08    525698209    560875344GKXARCFbFebKiAlLUJXKJgRjmqXdAQcnJFJAKTzRouxMxMVkXQMjtVZu    
19720318-123310FIN197211972010119720318    2065151739.29     935811475.10        1.99        1.71        0.45     211114917.10  217049497500.55    9904403295.16    470472540    547272429HEGOhdnxjYISpGXhRRUQahEU                                    
19720318-151137FIN197211972010119720318    8918601248.99    1338254452.00        2.54        2.25        0.15     423365131.54  834544310795.69    7183870923.02    526787015    593667167JrvIZAzWlMCTHGbTEAUdbBtPiFGrTXDLPtHHrjDyTiEWmrrZ            
19720319-060419FIN197211972010119720319    9944680249.81    4784996033.87      121.70      105.92        0.48     878288639.82  102727915929.16    1969216454.85     39316415     451751260000000071
19720319-165701FIN197211972010119720319    6864249835.31    3170794843.09        6.85        5.92        0.46     756213431.69  381794211829.01    5335457166.34    463010033    5352184150000000198
19720320-063626FIN197211972010119720320    2172459756.85     785782811.03        0.87        0.83        0.36     947684482.89  530506469216.32    1924086731.91    905087297    945282682KfRERJQxDalgYSIFQgEiw                                       
19720320-084833FIN197211972010119720320    2273303379.88     819771309.31        0.84        0.81        0.36     257066148.00  854564145801.05    1833580137.28    978033223   10117518390000000155
19720320-113104FIN197211972010119720320    7355310754.50    3759499773.19       20.55       20.07        0.51     709754828.18  742666600006.83     110442952.88    182902423    1873093590000000242
19720320-211139FIN197211972010119720320    8410334562.82    1064432152.99        1.20        1.11        0.13      94034093.76  323883938412.02    5620976842.69    890716387    961090012AChNrBRFTkjZjDXSGVlG                                        
19720321-002258SECAAAAAAAAAAAAALCCOMMONINACodjPwJFNETXxArmxHNJ spliusaKDbIlOGMsYAzBNDIkcpoTV                     NASDAQ202166283    1936091719500426        1.21QFRbFMIOhFIvNDHHKUIHIwUDsyiGpkDUVMQO                        
19720321-071439SECAAAAAAAAAAAAASZCOMMONACTVgiDKnJA OAVFctbEwMDakcdXIxutBAVnE EKHlO AiBFlW                        PCX   344752531    1865020818541212        1.190000000153
19720321-215039CMPQrkRxvbadKcPnWFcOeDWQVadFphGPSbdHFKZstApXDFQCJWWQxhWQGQHgC  0000000272ACTVAEp   189403137954 Summit Street                                                                                                                                              10138       Riverside                UT                  United States of AmericaLandmann                                      bswSgChxNTxDlRgyctPTNwLujcFsojOgARbkFAJRuFNfLAsimEgfJHubsCwmBkaBzFbNVLIdFLkRLhYM                                                                      
19720322-063411SECAAAAAAAAAAAAATGCOMMONACTVDeodxaIBEXMyZAeHLIsQCvsHgMOzPyYWNSlcEEaWKvlVqFzWTW                    NASDAQ517857318    1864050319110909        1.110000000250
19720322-072030SECAAAAAAAAAAAAASUPREF_AACTVBoOMyPoTAqj JRFzFaVKQGfN DyNsMTyUTrSd                                 PCX   861588978    1945040618531029        2.760000000262
19720322-081320SECAAAAAAAAAAAAATBCOMMONACTVIkExLMeIpCfbUGNdVPmlSvHjJAGSFEzmCsYlMAu                               PCX   995962191    1861122218640505        2.950000000055
19720322-161111CMPBJzgahGWDZISSTIpwXQgYzlwMGvKWH                              0000000273ACTVSSCCC+1875072124375 6th West                                                                                                                                                  98105       Manchester               IA                  United States of AmericaGuadarrama                                    UTnoJAdqAlOFyLxdEWFGOfWaEiVop AZINiSpCJpeCpDgAmFZcKGbQNPHUQRJeSHNHyDaybJZNOILwQIRAfICNBIBceGIoFmpQFaUvlQCveMCvdfpBjQZOjcZlNhu                         
19720322-172741SECAAAAAAAAAAAAATIPREF_AACTVrjELklc IKZQKnMrLmLFyaDw NsNlKXAQoVfEQirIjpPSAKgOfNIVdyHRrDbzKE       NYSE  23542172     1939120919090922        1.24VcbAKPfBIpRdEaWhZBDoBABArjGqRCPYqanHvstLOVuMQC              
19720323-051155SECAAAAAAAAAAAAASWCOMMONACTVZzGaJHMhCRczAI                                                        NASDAQ642293430    1860081019030925        0.85RICOfhFDpPHwKRHsmPHYTpTzGDeJMQruPEEdPICrMiweHGwOFQYNoQXZWIjN
19720323-180104CMPXEYdozBcEbPhRFHwKiUQyBWXKiOSSZlHFtNCTxUNaBRyBgaISh          0000000274ACTVHIA   1899092222451 Larner Court                                                              Suite 172                                                                       35877       Worcester                CT                  Canada                  Dolores                                       ACxKcjhHRibLoOiFTAGdWggFcQmQEqyPQEaLkwiZaQNJQUD UMXQamOQaAyzUSMGtKqWKHcwgMSLEhArkUTKiQPMRqSjGRDaEmPeoJQBBeGj                                          
19720323-235932SECAAAAAAAAAAAAATDPREF_BACTVspmAROXmDkgBHOwZOCw KnDLWUnQHWxHtUdJcQoVWfLgUMB                       PCX   959723953    1903121519050824        2.50NBlLFolAbmXBmOMhThAUqP                                      
19720324-125126SECAAAAAAAAAAAAAJAPREF_AACTVetgGPHmxhWVGiKuEGAok LMEANqHVGqdCRVqHJVZCVqBsFzmALgyKjAfEFFV          NYSE  715113420    1955051119520828        1.670000000246
19720324-232751SECAAAAAAAAAAAAASYPREF_AACTVSydPZlNyNRGSHLERRuxOmuFuSbNksHTLKIGDTJOsFI                            NASDAQ493000176    1873112918850714        0.62qRAMrJWYRgHUIFKxEZjraB                                      
19720325-104746SECAAAAAAAAAAAAATFCOMMONACTVDmJrafrgXVKXiyYdoOL                                                   AMEX  299011303    1969111319080320        0.24pmVFtISJNicSLMLBUTybzczhOfHObPpMYpBqjAaxrDHJ                
19720325-211117CMPEHhVHPSQttYrETUxcMnrihIePeOLrTFUmdIKeQiGfzuibJwRV           0000000275ACTVCXGtL 1873021217672 Shelter Court                                                                                                                                             S3B 1F4     Fort Collins             MT                  United States of AmericaKnutt                                         KTfsAobvPKoxrLeCrJraDSMKsXLIIAMUxBsBijOcmNulPyNfljWKysadJNAvfNBZFpVSHc                                                                                
19720326-000416SECAAAAAAAAAAAAASTPREF_AACTVEjHGvEvTjTXiXwtqPkVtMppFLBYzaYNFUKOhUIvM                              NYSE  625710138    1878070819281024        2.60sFUPMbMzZhWukEqBOFVslISMGF                                  
19720326-123625CMPCrHZqaLKlUACIOCnANOtBcGMhwNEnHp                             0000000229ACTVSMBB+ 1898012320716 Wilmington South                                                                                                                                          93302       Ann Arbor                ID                                          Fuhriman                                      vRDhSLBUBBiLPZSiHrQiNWzBlQosnOdTOEJfLlXKSGOqoRYVVLKfDEdPQxshHoLJEoknSndjpRXJnZCENoeBOHjAaWBVvIBKxmpIYzEkKPQWwusrvPDxBorBFrDAzXIWvOCLIAQzMKxVQuTgfoK   
19720326-211247CMPHEvjYRLWLhRJTUgTBETibpNyyFyPDERSmCAIRWwtnGbQOFZqk           0000000119INACRRC   1882033111674 Greene Way                                                                                                                                                60608       Kansas City              AR                  United States of AmericaBideaux                                       vDAUagpHXrPRyZiPWVZSnXtTWuZymWDQjTobhTTJGJdXBbNOqPQ                                                                                                   
19720327-090321SECAAAAAAAAAAAAATACOMMONACTVdMkH VTOFKUdQgAOCqwVo QeEFzvHvFCQwEaoEGeMV                            NASDAQ899879067    1882042519030816        0.06SLjJLcNoIZTAyGyOAtNtTFMQNEKksLfngTYwlVSjEZSFXAXKeoBI        
19720327-141005CMPrbQEMTDSSmesMYTyFxMzrehZuuBFNALNTiGRlH                      0000000266ACTVFPG   195902162333 Bellwood Boulevard                                                                                                                                         B1D 1X1     Shreveport               OR                  United States of AmericaSchriefer                                     GzZ tAHKFVklSwWSINQ                                                                                                                                   
19720328-035956CMPgSPTnEYnBdFkIWPfTapBoPBM                                    0000000267ACTVBDBB+ 191701066503 Robbins Street                                                                                                                                             32258       Dawson City              SC                  Canada                  Sally                                         fLwgQqqKnGBQKJGCcJRrXUErd PQKTpedhKndQxWcUfCyvfICurZLMQHXmcKrbytNMFwRr                                                                                
19720328-100139SECAAAAAAAAAAAAATHCOMMONACTVlAKcZDKodVVTLTUJG HjapbdyDUvi HZYhGqirBHOzQBxwK                       PCX   104414549    1940112218620820        1.12XiuLDVDnYQnZdWqIeVWutEjPXZaaQbOqjsNvlFMIc                   
19720328-214108SECAAAAAAAAAAAAASVCOMMONACTVhFCMdxoCLcZtadOojHiTDBayaCNIulLtHJpHJmHaPMUUVwEKODGERgieplFqIPK tQA   AMEX  659393923    1947090419580216        1.72MMYHEsAdHQrXvDXqWNGKyGRnmNQy                                
19720329-081642SECAAAAAAAAAAAAATCPREF_AACTV NAeHnUhbMKOSgYllfDINjxqGQRbvdqTheRsfqxBPHH                           NYSE  719407924    1936011019651203        1.470000000032
19720329-125117CMPHQSomNnImHMmdRDYNPNRfwVyMKUAVMlSvTbZnNezGMUJSTdgdELs        0000000268ACTVCMAAA 1889090422963 Hanover Road                                                                                                                                              10227       St. Johns                SC                  United States of AmericaCashdollar                                    JkLMHLMsSQKRZygWYiUfNxRVOeGKnpcQOKlpTvXFAWbnCPaUIGWHOIDEwOEuRpEsODyBRLAvPuMXXerpulQXfKTaSNlWVxVFwxUO                                                  
19720330-000656CMPeMeEGklgXHxDbHmSKMgdNjtvbmqrnPkesDKCAFGtvoUrQw              0000000269ACTVFRBB  1940111322140 Conley Crescent                                                                                                                                           31904       Fort Worth               OK                  United States of AmericaLiwanag                                       IPyhQmiPweeAmAJPCYYDMZDCdBmL UZOBNycLBlGnDuQk JQyBZTEaicKkvyB IGGdQEFBlTcGAFEBjxTpoxPGZigzEkzPaBQLEuMQKWurVWrlvxPSfdAhUruGIQJyijtRosd BQRoIE SD       
19720330-082242SECAAAAAAAAAAAAATJCOMMONACTVAEzSUMJCecdlyGnpINlmMmnNnuSKZaQJKGdMHJySABjtinQHUAGQxJ                PCX   835182775    1903022218991218        0.140000000031
19720330-175918SECAAAAAAAAAAAAASXCOMMONACTVKywAiLJYpOVp                                                          PCX   466592934    1932091819261110        0.850000000179
19720331-071828SECAAAAAAAAAAAAATECOMMONACTVvsfEu QFOrZdQbzDhAhprC                                                NYSE  746398665    1930092419160809        2.330000000193
19720331-185304CMPjTZEOvrZoPvhHhEVycMTgdSeDAHkDvARlkstBVErphrWGVaKu           0000000270ACTVRTiX  1964012121174 Jefferson Way                                                                                                                                             M5B 1Z4     St. Johns                SC                  Canada                  Perrez                                        ERIpK VUOrGmVMrhNDCEgAi                                                                                                                               
19720331-235958CMPWaPVywTQRRwsTRQ                                             0000000271ACTVBSC   186602279638 Kirkwood Lane                                                                                                                                              V6W 1W3     Vancouver                OH                  Canada                  Racca                                         rgrLecDtDSOFTxQgNxCkrsOQDVmEUnUbnFloHEFmy GAohSixtuVQWCp                                                                                              
