19690701-000540FIN196931969070119690701    6770413211.26     671620111.47        0.99        0.95        0.10       7005921.82  535805414849.00    8743642969.53    678756398    703872897NXYlMCOvkZMdSTGmlcsYmASEslwTXZUhRGxeSFvRN                   
19690701-132239FIN196931969070119690701    7017845776.36    3052283769.72        4.80        4.57        0.43     309824632.24  641087326150.68    2891635825.38    636178100    6677385790000000124
19690702-041920FIN196931969070119690702    2360384917.25     785082774.21        7.89        6.87        0.33     620647604.71  326707372230.89    8213226647.72     99491346    1142227760000000110
19690702-101228FIN196931969070119690702    9772161034.84    4653551094.42       12.10       11.64        0.48     665162194.38  645169559832.94    4172591790.39    384445146    3998557980000000081
19690703-083928FIN196931969070119690703    5195047049.00    1938301482.26        2.56        2.21        0.37     954607961.68  884290303816.32    2693956573.19    756200475    875489589vnbESGDLPDBDVwsKNSXPqRYLGXjuxVJrQDsEcEVAYIyXWMFThaGbMIZNd   
19690703-134422FIN196931969070119690703    8049005332.36     996801971.41        1.20        1.11        0.12     313988650.97  432156448312.98    6436741850.16    829186095    899899369OHzaLyFKQkeISJnxSTeShaOv                                    
19690704-035826FIN196931969070119690704    5970759985.01    1130232743.25        1.52        1.48        0.19     735330495.72  704558171259.63    9429877796.89    741739520    7611216510000000091
19690704-053215FIN196931969070119690704     749647218.89     307487832.51        0.80        0.69        0.41     306998356.99  921516059076.11    9558254724.93    385388341    446989307yRflLhHvroMJBNHcMIDiQuHspAHUTFVE                            
19690704-102456FIN196931969070119690704    8771906548.97    5975396444.87        8.11        6.82        0.68     248862166.75  109649194656.80    7557993968.14    737198679    8758398600000000096
19690704-125442FIN196931969070119690704    8859037834.90    4953812219.64        8.27        7.12        0.56     430889768.98  360175774344.57    7041445241.57    599355521    695665252tECVFzaZYGOIcLqmNMn                                         
19690705-053417FIN196931969070119690705    1161019207.67     556373475.96        0.83        0.75        0.48     397258956.97  748474048475.08    6050952982.03    672807892    7456441040000000153
19690705-211502FIN196931969070119690705    2832511560.49     725701545.37        2.21        1.92        0.26     694570563.59  692169824392.66    1860840080.53    328636053    377122610GQgODZYcTEajaEMYDrWGoMdiJOENBaMGcnwYwuNTRPoOXXVjWD          
19690706-185536FIN196931969070119690706    7483811882.89    4978901088.24        8.26        7.99        0.67      71005274.55  893087814844.96    1612448831.95    602666023    623019146EOMpasJigJVvYQGKVcDPddEniaOUaTojpCAmYQrUeZJEGo              
19690707-040822FIN196931969070119690707    7135243945.69     611020954.62        0.82        0.81        0.09     772799476.02  224014272538.88    9696173604.98    744612292    7570482710000000033
19690707-213111FIN196931969070119690707    9657444510.99    2111649376.61        6.11        5.41        0.22     954562873.29  925704008851.88    3511820056.99    345632633    390457146hUAyAuPbTqDYKLMtyUtVl                                       
19690708-033106FIN196931969070119690708    5407960338.30    3548994044.61       29.67       27.41        0.66     339574508.63  577255656409.77    5717338565.36    119635541    129479798rqMbvwSCBGYCGMEPKQeELcTKYUzuwRMWTqYPIirIgRbOCStxEXLeiAEZJCb 
19690709-014621FIN196931969070119690709    8286710403.57    3329164030.01        4.29        3.74        0.40     330684801.83   16533269354.50    9143091462.98    776518980    891224133iAJNmDakgxlQcGOiloFqkXDmRxJezUSKSBPCvqFfSbAlV               
19690710-002002FIN196931969070119690710    2776380980.52    1702524306.93       29.22       24.67        0.61      20918694.11  291386211363.13    8723348245.45     58260030     690251090000000134
19690710-225206FIN196931969070119690710    1641187385.18    1111045172.96        3.01        2.55        0.68     350960707.94   44342727983.71    4652104703.15    368807729    4363485840000000049
19690711-100810FIN196931969070119690711    7646208391.59    4716077360.50        5.36        4.78        0.62     904309514.75  836925940173.17     538501260.19    879529941    986766983jlkBZXPcVEbEkvquHcRWHHHVGNQxJWnBWpCCCKENWGMjHFABR           
19690712-084945FIN196931969070119690712    6717011081.71    3770996789.34        3.93        3.76        0.56     550358438.15  397364950294.08    3299759748.21    959695558   10028207970000000021
19690713-012420FIN196931969070119690713    7043748557.48    1472101892.14        4.15        3.92        0.21     683202285.57   59073710579.28    1815247044.27    354835114    3755465700000000034
19690713-222119FIN196931969070119690713    6819415623.55    1485702336.28       20.56       19.74        0.22     765404931.17  138980353370.83    6407473150.77     72268497     752757540000000085
19690714-182410FIN196931969070119690714    4215629109.64     485543854.40        1.41        1.28        0.12     712176148.58  688241927080.64    1588878125.28    343148713    379677014RROTPAhGxBXCsDRWwCaoSoQOjzYvsXPjjDoaqguiSANJtSIiUgcJfFuX    
19690715-050638FIN196931969070119690715    9368101977.18    2545953400.74       12.07       10.56        0.27     243302496.31  516399613109.27    7220582290.55    210918964    241029140ONhcAQwlnmqCCWDoczkXiLhbZXsEJrEEXDUBOGQFbkIMJyvn            
19690715-152341FIN196931969070119690715    4284931060.59    2666546141.13        5.58        5.40        0.62     977703399.22  823848644515.81    7535404051.97    478193966    4934405550000000132
19690716-113812FIN196931969070119690716    2195807575.17      98548545.98        0.15        0.13        0.04     117032352.96  505417488334.66    5799132739.44    665306048    7404930820000000099
19690716-144053FIN196931969070119690716    8351437703.86    3333074856.29        6.55        5.93        0.40     499780768.98  725454725583.83    4321306659.76    508979380    5621602880000000142
19690717-071700FIN196931969070119690717    5213395309.67    1742971007.67       23.83       23.63        0.33     600824415.21  316677119410.57    6378595009.07     73141777     737737780000000118
19690718-031734FIN196931969070119690718    1597202983.15     731146588.11        0.81        0.69        0.46     279617415.07  886111131906.95    8335953266.53    897525226   1058025207FXFYeNQJTmypAWxzHPOBgNFDcXaQQFB                             
19690718-111711FIN196931969070119690718    5501388933.92     715242280.14        1.14        1.03        0.13     180368876.86  675792832375.15    7716689298.87    628953820    6918318980000000145
19690718-144202FIN196931969070119690718    7714321550.30     643500499.04        0.72        0.70        0.08      43449154.81  236513823173.79    5997186449.89    898534382    921821747PAKPEEUQmMEQCIiKNBmUEBtPfusQRkopGWWnKXMrfXJjrgUvxcuTzMgPK   
19690718-220014FIN196931969070119690718    3683117527.14     330371566.00        0.73        0.73        0.09      82175072.73  805065082413.02     822539741.50    451799631    453135069LViVEKgsrKwCVrgOwkPeRFPWWpkHCZiTNGXGkVsAVwjm                
19690719-155239FIN196931969070119690719    2408250441.77     413689895.16        0.85        0.73        0.17     819021147.03  100131983835.35     102943451.14    485112592    5670090190000000130
19690720-024151FIN196931969070119690720     459842691.75     152184948.82        0.24        0.24        0.33     806903389.75  835861072168.34    2246801515.07    630540618    6431564800000000061
19690720-073031FIN196931969070119690720    4082022459.23     575058621.59        0.70        0.62        0.14     931474882.42  106981193547.63    1839728799.13    817991467    9289895410000000146
19690720-150327FIN196931969070119690720    3327457137.87     981128523.72       80.49       67.92        0.29      12032402.75  420074809447.81     766080094.88     12189143     14446253lSBXSwESnnboFFeSvHxFjlfxrwIZABfGMjiWUbhTmnRHnPFOTMlMAQnZJA  
19690721-013512FIN196931969070119690721    4118547343.08    1620105142.93        1.73        1.65        0.39      92994266.96  555363713585.21    4411088530.77    936033369    9847113850000000073
19690722-001505FIN196931969070119690722    4378141621.56     442454280.90        0.91        0.76        0.10     482182896.54  407769628526.88    1668768953.86    484395720    5787082080000000067
19690722-125129FIN196931969070119690722    6253539394.33    3259672773.13       12.49       10.48        0.52     502524966.24  616176070282.58    2133037922.00    261065524    311045479kkhSvCsfgbDUvsiZWtPQwjkYPwKrfTUFMGMCWCBXBcOcTkaLSudO        
19690722-193119FIN196931969070119690722    2126020629.30    1353602466.46        1.62        1.41        0.64     338603051.12  969769051680.96    3533731850.62    835467031    960253336ELRDIvILDRFhUOPlOdBNRoJISmXZkKmyFIXaoT                      
19690723-155838FIN196931969070119690723    4491132397.69     730865249.90        0.89        0.82        0.16     845085443.56  237542553681.79     472548924.18    818575007    888081454qzuJbEnLbLOlOtyvsWNfYJGAxriKRxn                             
19690724-122321FIN196931969070119690724    4853380631.56     415789562.14        2.12        1.99        0.09     156637535.55  757598167403.65    5005289801.70    196415980    2094344030000000003
19690724-160605FIN196931969070119690724    4680398277.29    1091391390.26        1.48        1.29        0.23     976479193.06  630035093382.96     276905440.90    737417504    846365184QPoUnLDTrDgYSUKWmSCDOMHFQOuOStATjAIXdgAbzman                
19690725-110859FIN196931969070119690725    9951410696.86    6946305086.59        8.31        7.96        0.70     280152904.02  741088188387.79    5734252114.64    836195035    8727229470000000059
19690725-163057FIN196931969070119690725    7348885863.95    4145408739.57       15.12       13.69        0.56     572642539.19  508955020975.82    7385672191.06    274229563    3028497490000000041
19690726-082324FIN196931969070119690726    4748023692.54     585467762.56        2.16        2.09        0.12     234752852.35  806926747544.74    9492208046.53    270469931    279848399diqlqOsDpYaNQhSPBbXhMXocCDXEfNMfLDMDHOdpovsklTN             
19690726-203430FIN196931969070119690726    1960841925.08     798867911.56        0.86        0.73        0.41     104030763.25  440764450695.42    6809667409.82    927771083   10939860280000000109
19690727-004314FIN196931969070119690727    2950999077.87     379173516.11        0.42        0.38        0.13     497483592.77  469975785774.34    4980889172.96    899854396    9916281860000000082
19690727-190742FIN196931969070119690727    8063726461.19      71907338.61        0.09        0.08        0.01     690527244.56  572226260307.11    7476939634.19    832443150    853293747mBRtpjNBECQCRiWtjEutqI                                      
19690728-025445FIN196931969070119690728    5793462479.04    1112947481.32        1.38        1.23        0.19     242677142.93  737330001828.48    8041729280.24    804467123    908036593VZFBRwvFHyQCUMDVoBLLIIBmacVsHPTyOUvhQJtRzByXxTqcURyaA       
19690728-135518FIN196931969070119690728    6253111412.23    3337302961.73        3.68        3.64        0.53      54903930.10  599854969887.36    5112757606.37    907528447    9164937230000000161
19690728-231844FIN196931969070119690728    1340059546.15     627920656.48       24.56       22.89        0.47     632960941.86  249717892149.91    2369888929.96     25571203     274347540000000158
19690729-183548FIN196931969070119690729    7461789248.67     819843228.80       56.49       48.88        0.11     374616192.86  452811957936.65    3961115059.84     14511870     167721530000000125
19690729-194724FIN196931969070119690729    8522291420.06    5577398113.66       15.44       13.37        0.65     612807933.97   91232410437.04    2584093199.62    361222934    4172368220000000126
19690730-121055FIN196931969070119690730    6246352881.04     420669677.23        0.43        0.36        0.07     831210512.16  292997591640.16     855989013.90    976538723   11608029160000000058
19690730-175131FIN196931969070119690730    6477465493.02    3139899802.05       22.99       21.08        0.48     612134231.80  362954322275.58    1783367726.21    136580259    148934758gIOONPxnQUwBdFNEMLBUXdUbFPDWDVOVnWIIMRpOMbaMGipmCAICpjncsHs 
19690731-161910FIN196931969070119690731    9958436564.82    6172705450.17       24.50       20.96        0.62     788107133.43  657391813025.36    1754897358.17    251907353    2944469940000000098
19690801-015023FIN196931969070119690801    4617916605.57      79400898.53        0.11        0.11        0.02     495923053.93  612506432696.71    4687577804.11    693082927    741371563RzFPWFvwZRrSBSctRiMfHfNKAAwdNTjFVMI                         
19690801-152626FIN196931969070119690801    8311789429.26    2723144085.57        2.74        2.66        0.33     193699781.66  437042969124.97    3455612042.22    992418531   1023998543NiBcGbDvQsFXSbRxOUPzUvEKLCXRVlDFrhOUHduBWHC                 
19690802-115214FIN196931969070119690802    8888972426.44    4165715397.55        5.87        5.59        0.47     184680299.24   97401663120.42    7025403371.70    709150310    7450539350000000062
19690802-233359FIN196931969070119690802    1288573894.30     356109327.66        0.49        0.42        0.28     803413929.86  444048429477.59    4005421952.47    725755340    8442557320000000023
19690803-003557FIN196931969070119690803    2599581528.78     276680488.38        0.55        0.55        0.11     872387441.90   25007101653.51    8516642616.59    500371256    5074108110000000113
19690803-114724FIN196931969070119690803    8505708981.31     225401258.58        0.26        0.22        0.03     627869650.44  478856759567.78    1189326476.22    870951625   1026807090QTlJJPTwTIKGjWucWLFdQIFqUFDViLqZHmopzBSaxPctxonmQDYpdPzwRDD 
19690804-011829FIN196931969070119690804    6632552139.34     607749042.04        1.53        1.52        0.09     712198599.16  788493718779.75    2834405806.89    397356639    4011048270000000108
19690804-122520FIN196931969070119690804      17099912.95      10223552.53        0.01        0.01        0.60     625454261.35  814304345326.31    8727250365.39    990871200   1148706704yzVtIWYoRQKKPNbDwXqdBMdFXWIZfiTteG                          
19690804-174656FIN196931969070119690804    8032066008.61    1770428769.71        1.99        1.79        0.22     270021769.42  640571367639.74    3121682147.25    889587059    990227690bqxEENiCeuJtRlUKFwhdKteH                                    
19690804-211701FIN196931969070119690804    4352774833.03     358988942.80        1.20        1.16        0.08     302831980.66  886020260400.44    6278089748.58    298333984    308663780VRCqMDchijxAuePBgjywAGgqrVRBEFpiTlAyRVbIdJsaEVtlYWHXc       
19690804-222200FIN196931969070119690804    9250710785.81    2151315321.76        7.13        6.58        0.23     735085485.05  271356108850.25    4637460346.32    301521291    3271730670000000038
19690805-143913FIN196931969070119690805     522845720.65     243445057.83        0.44        0.42        0.47     308296349.37  134018495322.83    5792103516.37    548934740    574056465WCJJAitQbHnCKfmKEVEELEBjYtHsVGTBpOMMCLXEadMPRGRTA           
19690805-173005FIN196931969070119690805    9391394036.93    3842357820.22       14.65       13.84        0.41     428435107.11  374755689582.59    1460056912.43    262342870    277677349MDjVavoVSMeRlCAiXqmFZzvARFaNTAslRoYCUeWRGOXU                
19690805-210355FIN196931969070119690805    2452288441.42    1622549546.01        2.13        2.03        0.66      41652526.88  338609895720.30    4556653818.05    762572948    801107841WtLJlcZhUpnUJhcOl                                           
19690806-133429FIN196931969070119690806    5398166612.67    3414319529.95      122.16      108.67        0.63     520014869.91  778746841319.65    4268088232.95     27949077     314205440000000016
19690806-194856FIN196931969070119690806    6820384049.40    4600975871.73     1128.68     1077.33        0.67     600634232.61  631910976518.71    3944674972.98      4076426      42707310000000044
19690807-170632FIN196931969070119690807    7005518038.56     509400507.70        0.54        0.47        0.07     817657730.69  145297858449.61    3316652951.99    942381716   10748713190000000101
19690807-220709FIN196931969070119690807    5063200153.18     698179887.13        3.36        3.25        0.14     846834143.72  765452252216.20    4976236055.71    207836364    214625539IBCqnhGjFJlbBaLpCfWlwAwAXuFGAsRugroSvLEF                    
19690807-230942FIN196931969070119690807    6288105444.37    2999878222.91        5.70        5.49        0.48     576349309.55  667393406267.28    8795553447.52    526398324    546268365LRYKYZXBcxmTSSowQAFUfTJRSoIvPgvimQgPedHDROTgzAImiQMWqxVFPKu 
19690808-163530FIN196931969070119690808      90130179.71      10108089.80        0.08        0.08        0.11     631162040.47  173850931446.38    1259503636.72    119724094    122380409PJfOlXRPMTdOuTIMAy                                          
19690809-082559FIN196931969070119690809    7884583911.61    2160028409.50        4.03        3.37        0.27     779113086.29  816307615059.98    6703568041.99    535515067    640460363SPxWWxntruWsXkUhrLeUTFIRwNluEpnOeOAYsCBLnc                  
19690809-183357FIN196931969070119690809    9237249248.80    3551531719.87       47.80       40.54        0.38     208601445.47  812789613070.53    4505486504.12     74305971     87614427rkWTCsQbCPAUfRcKLCwMGTdIqvRSpGXQyDXxU                       
19690810-162309FIN196931969070119690810    8994350891.09    1417016947.17       16.07       13.73        0.16     766169351.36  228896415582.14    6558303497.18     88150650    1031873270000000152
19690811-025535FIN196931969070119690811    6581591599.92    3740385783.11        3.97        3.52        0.57     896125540.14  900574059455.32    9880073679.61    942977016   1063385965sEdXWlAyBGoFClpXvyNNafsKbfeEnSrT                            
19690811-090259FIN196931969070119690811    3119213572.54     777971785.86        1.22        1.05        0.25     343330373.88  901450767352.86    1512358693.21    637183588    7410977840000000094
19690811-142155FIN196931969070119690811    2135452292.59    1164262604.86        2.08        1.83        0.55      80926652.70  869820685454.35    8853122539.44    560799234    6349046890000000072
19690812-123134FIN196931969070119690812    7516206941.94    1650714266.70        1.83        1.65        0.22     137153741.00   44601566815.25     245215574.51    902880981   1003300712JrvIZAzWlMCTHGbTEAUdbBtPiFGrTXDLPtHHrjDyTiEWmrrZ            
19690813-110456FIN196931969070119690813    5980879143.49     832567752.17        1.53        1.31        0.14     428150590.51  635283913082.97    1673207947.45    544949768    6346636650000000050
19690814-093425FIN196931969070119690814    1691041714.65     776944366.67       22.23       19.21        0.46     752575526.06  253730062380.09    5586730908.21     34954884     40451646AYrIhMoBIgUBkRdxKABPjIIShjxFyaWTAsK                         
19690815-023333FIN196931969070119690815    3677723159.40    1153639240.84        4.39        4.18        0.31     968548088.84  624314323450.21     316990605.78    262691718    2761697630000000009
19690815-072759FIN196931969070119690815    7095894102.27    1539407815.63        2.20        2.13        0.22       4449771.04  934651764579.27    5475005082.99    699708142    7218048910000000031
19690815-183511FIN196931969070119690815    6345630782.73    1477706380.44        2.08        1.91        0.23     340100015.06  458328406615.14    4823599017.04    708761533    774725789XcxyxkqjaesCOVlDpRLKOSaaUSDCxuJjG                           
19690816-150905FIN196931969070119690816    9503376336.56    4420198456.00       27.40       22.95        0.47      82447673.64  518004579607.24    3369492108.57    161326127    192605606JNrlzArRLtDOXxp                                             
19690817-031303FIN196931969070119690817    5295079267.02     850832242.71        5.12        4.36        0.16     551166107.42  888824426160.34    6022557732.17    166125327    195129409HEvjYRLWLhRJTUgTBETibpNyyFyPDERSmCAIRWwtnGbQOFZqk           
19690817-044722FIN196931969070119690817    2365329481.78     967401014.50        1.43        1.31        0.41     499797559.77  779059148518.08     411431761.49    677384576    740581661hJTjBraMaWddGWF                                             
19690817-121854FIN196931969070119690817    6982378846.42    2477392923.11        2.81        2.36        0.35     377331059.62  170528805751.88    5608946129.64    882040591   1050784850PGDBgEZqRneMoLzzQWIWKPqUm                                   
19690817-223315FIN196931969070119690817    7910492521.85    4985937326.69        8.31        7.70        0.63     971635327.97  482842847455.61    3142771939.90    599929455    6472770580000000154
19690818-170328FIN196931969070119690818    5077128680.83     119167338.49        0.30        0.27        0.02     990003507.07  173264810923.03    9573276136.51    402114404    446415729JOlePeOMqNiWFtIikbYCtGoucRYkTNggTpiDSTEocDbaMdhzl           
19690818-191335FIN196931969070119690818    1990887356.96     407786864.60        0.50        0.46        0.20     458858909.21  672387466120.79    9283005622.32    821461396    883166290KsLBXnElVKdTMXGCGoOrJDQaBpHiZwbprNnHXjI                     
19690819-074614FIN196931969070119690819    6860802372.25      96936562.34        0.10        0.09        0.01     667759395.64   88262040055.07    7939463891.48    963402244   11149503680000000133
19690820-012327FIN196931969070119690820    5929913829.54     802974250.52        1.15        1.09        0.14     690283181.32  451197550664.78    8235380521.11    698989155    7368274260000000002
19690820-163033FIN196931969070119690820    2876888257.85    1696979317.26       61.80       56.58        0.59     657695952.92  181819404723.19    5443326284.01     27459955     29994166gDqcCBxupXLOeBnjyoDuJKKpXXazMTBejzLaoxVkzpfVHbeQYNnEL       
19690821-012713FIN196931969070119690821    4808481193.06     864424622.46        1.05        1.01        0.18     536619576.29  168671506538.29    6522100875.58    822937153    8548610170000000005
19690821-184735FIN196931969070119690821    9696973283.12    4153068695.58       12.87       11.86        0.43     520085242.10  167912818280.83    1148179328.59    322649346    350283898NkpmsBILljFbVIAskKSudkLAIHYbeCnBzSVbIcIypZcePYIXqxdlNs      
19690822-115949FIN196931969070119690822     576690991.81     312133739.76        0.54        0.49        0.54     707911983.32  577868405789.04    2669346608.27    577833805    6381968400000000165
19690822-145728FIN196931969070119690822     655037098.63     361876393.04        0.81        0.80        0.55     137397387.29  799839991142.75    9254219766.70    448582129    453707492hLJBQUzrFVOXJcPWoMTCtDJWVHTNVVRwBxaKF                       
19690823-054400FIN196931969070119690823    4615532289.69    2131909825.59        3.05        2.79        0.46     235728283.19  555982709675.39    9985150885.43    699408456    7651323180000000159
19690823-233319FIN196931969070119690823    3937750626.66    2614484220.51       10.98        9.98        0.66     178867423.07  219596102802.37    5537068638.28    238171489    261899652SJyzkTKNVmGtmiE                                             
19690824-001040FIN196931969070119690824    7072738408.85     371659381.03        0.40        0.36        0.05     785111983.85  536714110823.85    6879929602.14    934741186   10440317520000000097
19690824-105043FIN196931969070119690824    3200119379.41    1982939155.98        3.07        2.62        0.62     746069988.54  329837176676.70    1289483119.06    646545112    7556185240000000070
19690825-081241FIN196931969070119690825    4676559871.91    2282964605.81      190.69      169.97        0.49     134570929.67   87765846191.09    5177272591.89     11971979     13431466zSzyZVwpMSypTaf                                             
19690825-221516FIN196931969070119690825    2154161928.73    1485725025.06        4.80        4.79        0.69     602281065.16   83646430380.08    6526944298.50    309763530    309925312EsHPWeZIUldfxNQnmwk                                         
19690826-180022FIN196931969070119690826    6517748758.25    1422699776.44        1.67        1.54        0.22     156640938.96  602241182961.62    2984085073.69    852102599    924519162hcPDGWJeqNhVOJEHQzDTICfkFUCNaLlcnCkzQvSJALfIzRb             
19690826-184127FIN196931969070119690826    7426477141.03     476672664.72        0.82        0.72        0.06     526461674.76   60537243035.54    8108238189.75    581868630    6663191220000000057
19690826-232229FIN196931969070119690826    2098797668.22     882161172.97        0.90        0.76        0.42     527336673.78  947006396797.48    5391180524.09    978711054   11655727840000000092
19690827-120322FIN196931969070119690827    9288557310.54    1275006739.86        4.97        4.60        0.14     941785394.37  819169504554.53    2551572533.42    256727070    2774339000000000035
19690828-090128FIN196931969070119690828    9419398502.29    3596192209.31       29.82       26.48        0.38     611536064.06  509659112471.37    1775097234.98    120584569    135793791RSWvpXShAohbCnBYubXQUbMLtPavDHUQn                           
19690828-213103FIN196931969070119690828    5174509116.66     895796057.71        1.19        1.14        0.17     656865857.73  126762859787.73      13801348.50    753004029    783108790GKXARCFbFebKiAlLUJXKJgRjmqXdAQcnJFJAKTzRouxMxMVkXQMjtVZu    
19690829-022437FIN196931969070119690829    1101257531.91     104547399.91        0.12        0.11        0.09     892016023.41  722168252125.33     713689266.64    856794833    910313528JaBRAUCPDCLITNXXrADVCSIopfxogeRFkYFvBVlr                    
19690830-010326FIN196931969070119690830    9444527090.19    2651131153.53        7.60        6.41        0.28     271611566.30  290747134578.38     257077015.53    348928862    413751702EKxtQJAcqNDYsGjPTVlSMPKGHLQauQwSokAAzptqRDUgdn              
19690830-054919FIN196931969070119690830    5603364108.03    3551243416.87        3.58        3.30        0.63     870975958.82  575300605575.82     181608090.74    990612209   1076907864QNZUltgBGCXGYshw                                            
19690830-105007FIN196931969070119690830    9054119606.31     160121353.65        0.37        0.34        0.02     146099984.79   11766402178.01    6146902562.62    432136929    4655323580000000083
19690830-143305FIN196931969070119690830    1893413116.64     843240482.62        6.78        5.94        0.45     435753487.28  360369278383.80    6665670872.31    124322966    1418519100000000066
19690830-191714FIN196931969070119690830    3127994257.98    1205442843.22        1.29        1.10        0.39     588552870.99  348159157698.80    7437272454.09    935824811   10991780520000000022
19690831-015032FIN196931969070119690831    3131442779.64    1194243531.96        2.19        1.98        0.38     741706202.32  215389022466.40     667205019.19    545552534    601680654iNHnTftjXfvHrITLJdLaYdULuwCuiDvUOwI                         
19690831-211249FIN196931969070119690831    1069429047.00     385862190.12        6.29        5.62        0.36     766208143.30  818534457518.18    5615454040.90     61327040     68646586FQCxtQRoMnVlnjwEERVRrjOJDAIyWTEKGCbBNsvTNBMQXXA             
19690831-222808FIN196931969070119690831     107035350.65      67081942.09        0.10        0.09        0.63     825008981.53  119881524643.62    4655628633.55    666175245    7327534100000000015
19690901-125403FIN196931969070119690901    4778880037.13    2337421594.18       29.00       28.12        0.49     757187164.86  836054824685.67    1428482645.44     80610348     83124773SAFZEJLLiMLuOrGrCmR                                         
19690901-172837FIN196931969070119690901    4218665673.73    1598740527.49        3.38        3.03        0.38     165278614.65  219459613155.19    6377823127.38    473634843    528216797jUcWBvgxKjCwRpvXoIjBbXiBA                                   
19690902-070129FIN196931969070119690902    7290378680.50    3044291937.69        4.57        4.47        0.42     927165660.43  363793677310.24    4876247722.61    666806052    6813608470000000063
19690902-173434FIN196931969070119690902    6771889769.77    1859529611.70        2.00        1.86        0.27     493562280.06  563162724275.96    9465933430.00    931205321   10023509010000000020
19690902-183519FIN196931969070119690902     993635529.25     693620121.90        0.70        0.66        0.70      83580849.69  666064921983.98    6424839916.51    994556067   10465361900000000043
19690903-085544FIN196931969070119690903    8668198525.41     175587062.74        1.51        1.37        0.02     202211994.48  966275055139.00    8693746587.42    116351296    128582459UfSHWSCITBCAOZQunWBPoRwGIRuCUoPSdEQARTADOJmAyACdfM          
19690903-093335FIN196931969070119690903     945773137.51     528610578.08        2.00        1.91        0.56     764153703.41  630307118629.31    1881950455.98    264354987    2766047350000000084
19690904-015356FIN196931969070119690904    4793716644.46    2562704695.08        3.31        2.80        0.53     829251867.95  896419215425.28     296487447.57    775072272    914411561CVRXvUkWOxdMcWRMhABiVpiKwSnFEzHzbbeQ                        
19690904-231402FIN196931969070119690904    3902190396.91     482749832.80        0.62        0.54        0.12      60945121.67  548868546749.34    7591771763.33    780683723    8965532510000000114
19690905-151947FIN196931969070119690905    2593010047.88     718065072.43        1.51        1.50        0.28     298413307.01  631421916704.69    9024458997.74    474304860    477415609YlpZAosXzsuvTxMJSRMUB                                       
19690906-121618FIN196931969070119690906    7096018809.13    3723269982.81        9.83        9.62        0.52     545590962.42  630277329761.98    9323267383.42    378780122    3869662220000000138
19690906-141640FIN196931969070119690906    9126436629.89    4979554901.59        6.26        6.00        0.55     416681085.74  796116462280.99    7245050790.42    795136349    830056249RhUQRxcjdEgKAzNIHpMnLOkaWYvDQqHM                            
19690907-072311FIN196931969070119690907    4421147736.43     854421554.82        3.02        2.57        0.19     541816670.62    8135427855.52    7557570763.27    283222988    3319954240000000042
19690907-192216FIN196931969070119690907    5043206621.38     131689225.94        0.17        0.17        0.03     240082623.34  542530602222.52    4148953722.85    764166227    794816962IHAiIELZmpMXSKIrRVovqarZpwJMeyEpSwQWmbjcix                  
19690908-170246FIN196931969070119690908      92402568.89       5764272.55        0.01        0.01        0.06     539582847.70  232431279466.03    5893282806.27    483392777    511229274CJDIgUzBAIqWZQVUTlyQjQGEMKgPacOT                            
19690909-003239FIN196931969070119690909    8338325683.56    4374016159.19        4.61        3.88        0.52     733987393.82  142870997144.62    7152695124.98    948774723   1128561166dBBCsCzeivSxrOWJZkMbNfLitfJSVqvvAy                          
19690909-052108FIN196931969070119690909    3822507945.58     690319276.40        1.07        1.02        0.18     321939391.28  262398539776.42    3029481828.66    646465637    677096969aaCRGOKapDAmHhNFT                                           
19690909-234621FIN196931969070119690909    2747692346.37    1191304641.70       15.20       13.05        0.43     159445923.66  612531302476.65    5719612486.60     78358474     913116200000000080
19690910-111632FIN196931969070119690910    5018601805.55    2367107183.23       17.74       16.19        0.47     249375238.59  293438186925.45     671546869.74    133439301    1462086450000000120
19690910-205422FIN196931969070119690910    6422518988.98      80806075.65        0.12        0.11        0.01     501565606.68  786404684604.76    8784790509.44    677324391    766058064zjoKtxCKSTNWLpRzJEjyVWiVEuzmYUTLdbyRHLSIgDUbYquZsCvOKJvFaWMu
19690911-062316FIN196931969070119690911    7030087945.09    3456533660.52        3.84        3.44        0.49     616952763.21  496999499272.12    3448116214.85    899455464   1004391425dGTSaPOJMHvtCCHelvrPOQXnY                                   
19690911-070820FIN196931969070119690911    4183847109.34    2343171268.87        2.61        2.23        0.56     147512734.28  287324803104.59    4103713005.89    896058349   1048638026XDnNdfGcCiNIOwdZoWMTZgVYEOsHLSH                             
19690912-035818FIN196931969070119690912      12756643.67       3440538.54        0.00        0.00        0.27      87383427.43  731407413781.43    6543632608.70    822099100    9836153880000000056
19690912-040812FIN196931969070119690912    2733162598.13    1807300082.99       50.48       44.62        0.66     869004422.36  770392836081.91    2143415459.46     35802462     40505814VSvMNAtEDeXQNEDooBurhHTZUGXzfeRCZXFKsELbuDdCGvFheOL         
19690912-233845FIN196931969070119690912    2142249213.89    1054098399.93        6.62        5.96        0.49     512881442.64  450908729150.05    3667447562.17    159117669    176842133TzOOKJSXlzetRDAZNOaBGRiAoYkrPjDLzvR                         
19690913-092804FIN196931969070119690913    6627757967.79    3356575910.00        4.44        3.79        0.51     971471617.51  252195249768.98    4344420173.67    755625014    885011006xJLQVuTFshRimMWvovlkhREDPsbyCEbOPAiHlYQoNpMfOnOS            
19690913-132520FIN196931969070119690913    4821439107.26     909941865.59        5.65        4.99        0.19     987207715.85   24342223777.64    5227067831.10    161140652    182530103zIHLKvPBQrCTBYzpZzUJZwMrKqTpUZPyXUykkId                     
19690914-052258FIN196931969070119690914    9956816540.40     203692980.61        0.25        0.21        0.02     364631315.40  552445018613.25    3823504070.78    816423329    9777018240000000048
19690915-031132FIN196931969070119690915    8425391033.22    5063131923.93        5.41        4.66        0.60      40688085.13  510956776670.17    5509140255.34    936592171   10855317780000000054
19690915-092657FIN196931969070119690915    7372762184.22    4226966088.49       46.88       46.04        0.57     680839954.56  966375175042.85    7425961717.72     90157692     918083690000000051
19690915-111950FIN196931969070119690915    2841401548.26     873671567.88        1.07        0.90        0.31     313308045.44  401751770785.18    2321165242.34    819685881    9718389260000000163
19690915-224421FIN196931969070119690915     322192019.92     181455708.92        0.24        0.22        0.56     265553543.56  961516334036.91    3036593303.17    767557676    826575003JCFOaBxNVpRmAPrlOMHhDbxMXtDSIqOWAypHKArsJlVKEInHOA          
19690916-092923SECAAAAAAAAAAAAAMMCOMMONACTVNRkNraQpLgTGsOXfFcvYNsUWTKZcWDKVGVWPHPVrdEO                           AMEX  111844137    1923082619520915        0.02KJhQqvrlpQBidNaiKSbeNNikTGFNyqfAokZNpWiMnQ                  
19690916-115004CMPTxTPsLmGwimWWXASxFWhHELRSjbULIsdFngWTKprXoTR                0000000173ACTVMGAA- 193606231238 Westwick West                                                                                                                                              30916       Windsor                  PA                  Canada                  Suben                                         ZTjdXATFDDcSCBzbElKtSUfuXrDbyNZNTgLEAWFVqCXtCpNipQhTSoRiJHBFPrnEkCvHHQPeLSOnzgKmSGsasPaPLOLmKEPL nHPLKUrnMHWNKEMuUcvFJFRJkWorviEwXZYLuZXGBKdJSv       
19690916-174148CMPSLjJLcNoIZTAyGyOAtNtTFMQNEKksLfngTYwlVSjEZSFXAXKeoBI        0000000166ACTVRBBBB 185603252260 Mulberry North                                                                                                                                             23282       Grand Prairie            UT                  Canada                  Gravely                                       xQplrexIqeVxHvEnPKceQKrzCXXwxpKKIOPdJDCIUUDdH                                                                                                         
19690917-113304SECAAAAAAAAAAAAAMGCOMMONACTVitRYB nGKcLQgNRCKqsovRTqGyNIHZAyqZyTcmAOMgDSRGK                       PCX   38079137     1914042618980825        0.07PGaykMWIRXtIvCjWQotAVyIQMBtfCUlqpQvbAcJpMrOZRoSijDVbEagyXN  
19690917-204542SECAAAAAAAAAAAAAMTCOMMONACTVLJs HhpxLAHfVfYEGdEg                                                  AMEX  407041722    1880112618870114        1.480000000094
19690918-115414SECAAAAAAAAAAAAAMNPREF_AACTVaWsiDlIAtINCKFFKRvzTRrYT                                              AMEX  305562018    1954102618841019        2.310000000092
19690918-160937SECAAAAAAAAAAAAAMHCOMMONACTV NaDhDDWmPCvEsrJjFdVVYUfAbWx                                          AMEX  543971511    1938073019160816        1.21qNBRLBcNHRMNCOGgoLutSmLjluU                                 
19690919-072057SECAAAAAAAAAAAAAMUPREF_AACTVKoZCzyEDPSBmyyAA MhvfcNPTIFyauvmWiXEglfgqhTTUQUwnzXzTPKBJVEUYrDOA     AMEX  54239020     1914040618651018        0.290000000059
19690919-231433SECAAAAAAAAAAAAAMOCOMMONACTVylRqPRYkYJCypeMPtEEQQgnZkRZiMwqqBjCi                                  NASDAQ784864667    1850010819400313        0.64tECVFzaZYGOIcLqmNMn                                         
19690920-201301SECAAAAAAAAAAAAAMICOMMONACTVHSTifqDnwUZvKtyphQDCfbXpxHKwoxufSxWKMpSiBIofGfCGMTSNdpKFUACxGUz       PCX   673471499    1962090918721209        2.12KRtMROFTkhVPydRKxEDtVV                                      
19690921-013938SECAAAAAAAAAAAAAMVCOMMONACTV XeFfnuJdG ujbQy GzAJJkwdfzqSOuYgOROwJiACgFePzIJL                     NYSE  371243321    1857052219050830        1.980000000124
19690921-170356CMPPbZdBtNVFkoHUVrXoPHrheGsXLJgIHgHTAbSKZsIPv                  0000000171ACTVOID   1946070218909 Hawkins Way                                                                                                                                               M6U 1G6     El Monte                 NM                  United States of AmericaManger                                        XNsqObrKGSZSPmNQwJpVnDCOgRjdbCWCiQRyEKDRLJRIPALGTY                                                                                                    
19690922-051146SECAAAAAAAAAAAAAMPCOMMONACTVgKBeCKnawMCnROEeNiQASGrJAcJgNMDRPgLFLUkGQyPRDvoxqToU Uv uxA           AMEX  172909373    1948021018721003        1.610000000092
19690922-202445CMPhcPDGWJeqNhVOJEHQzDTICfkFUCNaLlcnCkzQvSJALfIzRb             0000000131ACTVAAAA- 1887071617676 Rusk Street                                                                                                                                               06101       Hayward                  MN                  United States of AmericaDammann                                       ATjGgaRSvkFYKyGJoC BdYAcOUj DOCHyzePLzdpbXkUADCzEKLPSuFpENmLrAULENTrCHMLOzFsyeSCOTXKJqXIkTeoPCKrGelLcjyAcQyyZLCEV                                     
19690923-084604SECAAAAAAAAAAAAAMJCOMMONACTVwEIdaOCoZOIUdlZlAJeiBCrpMIyMMWLDbZmJVnSKUohzPxMxjBxvvwaSYjmUS         AMEX  732482286    1886042319120301        0.670000000070
19690923-090848SECAAAAAAAAAAAAAFRCOMMONACTVEpXlWdIKUOoA                                                          NYSE  147571040    1886053018511204        2.520000000021
19690924-050332SECAAAAAAAAAAAAAMQPREF_BACTVmWKeUsAhAtlxFNFG BaCGHnQLxKlAhZOqdxOBwqqRCGQnZOSkxBDaHtNHRQLXJKS      AMEX  90265611     1908121819090411        2.60yzVtIWYoRQKKPNbDwXqdBMdFXWIZfiTteG                          
19690924-182509SECAAAAAAAAAAAAAMKCOMMONACTVhazSNxfPoCOPtp ezwFkSvXzFuFb                                          NYSE  191060835    1951031919211125        0.760000000156
19690925-144955CMPWqeiYOFGTjVEbfOBYccBfxuAwwzR                                0000000169ACTVMHD   1872020115451 Beningus Rue                                                                                                                                              97218       Pembroke Pines           NC                  Canada                  Fafard                                        aHqkAaJPHjIOKNZeiPOiUbDVO BRbBhTaMIPJMFSQctxRvqhtWSZAYZzSdDvyMLDtVrIxHmLSQNF SalTAGgJsBLiRzUbtSrkSeLfBuDHwCLTcqiXSzPGkKPmtF                           
19690925-230817SECAAAAAAAAAAAAAIECOMMONINACZCDnikHAeVqwmkWAJiqeFBZIWzzQeAalVLsrNtqXTBJLvUffjJVaRUyyTDbf          NYSE  178264525    1884092318510807        1.910000000011
19690926-052605CMPRIoafLXyzvuVdAypgRHDbVyCNFqJLTgbS                           0000000174ACTVCPAA- 1906122424890 Lake Drive                                                                                                                                                H2E 1Z2     Vallejo                  DE                  United States of AmericaTumulty                                       MiRQDSJcsnMMBfUBhCMHKpLvKzRsFJuffY FQAOFHgiLIICPNObnHdJBNAmKOAFRePUwoJOeLQBxeMIgqnCkSNWqEF                                                            
19690927-024946SECAAAAAAAAAAAAAMRPREF_AACTVNvmceEgGLABB VyGvaJtHmMwECRvUaOJTLLAFpJDYweYCHzHk                     AMEX  412680371    1869111019680704        2.74iAJNmDakgxlQcGOiloFqkXDmRxJezUSKSBPCvqFfSbAlV               
19690927-054256CMPUXGHkVXHONXySRVzmlfgOKLOPXECLsMMjGzHJnirREX                 0000000167ACTVATBBB 193410237474 Washington Park                                                            Apt. 79                                                                         94297       Hull                     AZ                  Canada                  Semidey                                       RMGEZMtzMuJzpTboHhDccuuRHT TNKDdXqlG BXpuHnSUHZFFyqsgePvTMlFGoEDWfQag                                                                                 
19690927-070646CMPzRUPBBfUiMinqnbQBpsAavFODFdBPmkYvLolpCtKqmeICrhsJTmwX       0000000172ACTVBNB   1904052215326 Frostwood Boulevard                                                                                                                                       10285       Tallahassee              NC                  United States of AmericaMalinchalk                                    xUVAuYj iBTbmOoDJZtZSKTFOInr                                                                                                                          
19690927-111236SECAAAAAAAAAAAAAMLCOMMONACTVAURCIJMYOfgpqHUaTtNXmRHNekRJOWdTOnnyiUuxZXlBIBXBnXQQ IrGawcPnr        AMEX  858867984    1947111019410506        2.89JNrlzArRLtDOXxp                                             
19690927-224353CMPhUAyAuPbTqDYKLMtyUtVl                                       0000000068INACIPAA- 1906120711528 Edwards Lane                                                                                                                                              95254       San Bernardino           WV                  United States of AmericaHarrow                                        BJPjEBiLafqfVUHdPLIIOUVoenJyBmVsTybsciXYwacTMKZCK OSaOhZ hrvKGCaKCHINLGDGyDUWpWnfbVXDjKmAEPu VlMJIJSPDBpdfgTMgZIJEcwInAxEbzQHIWjxxcyODkBDrapF         
19690928-122347CMPnJeCzbUuGqxTKWAoQUAHEtBPtJA                                 0000000170ACTVNGCCC-1922101523127 Camelot Way                                                               Apt. 824                                                                        H2C 1Y7     Chesapeake               WA                  United States of AmericaNesbit                                        GwcjgDWphcTMx FmsLcJW GPFOtMRwqMftofCseUCWCyPvVcTMDyUHfCtIEckffLRmVTOFgpaDIvhPLtLq                                                                    
19690929-053849SECAAAAAAAAAAAAAMFPREF_CACTVBQcLdYoUYmaWGQOKfBOKQmeCijEIziVjCCmicDIssHkfLoqcxYKFzqYUImkShoWaoG    AMEX  54850370     1894110519050601        2.400000000016
19690929-110600CMPURZBtUKnpDKKHZbOejdWhikbEaSqvjzvEtNLbCtShSSaX               0000000175ACTVOOB-  188712216937 Conier Street                                                                                                                                              T6B 1H2     Naperville               IL                  United States of AmericaRouse                                         PHItuYHIumgGzPLSqABEUkMwdpeFTnvKCeMxDWFEcsFWSeFEXGNfPMllULfBTWOOLkZzbJZMbBySkDXIZdNHENWDxnCiQQcwtiAZGIEBRHHiWTDoeVrEicOePyOadIx                       
19690930-054002CMPiygCnruNmmiRZKrPxEHpuLAIrZIVgBcvWJzjzMNW                    0000000168ACTVCTAAA 185201176028 Upland Rue                                                                                                                                                 V6K 1Q2     Amarillo                 Manitoba            United States of AmericaFlegle                                        SUEEJskppigrBOgnXmpUIXBVJOiHZFaaOFWGbQSlOmQqNNZzbEaEgGJaWkb                                                                                           
19690930-235958SECAAAAAAAAAAAAAMSPREF_AACTVWQUuEwMtjFDGQAQDXOaGkZJ                                               NYSE  399154515    1962081618520809        0.530000000047
