19760101-032555FIN197611976010119760101    5295694020.50    3019297992.09        7.90        7.20        0.57     710382983.27  516022711366.37    4408338948.27    381968367    4193294950000000002
19760101-042619FIN197611976010119760101    7364537091.44    2129047526.46        4.56        4.20        0.29     740255777.10  587850884068.05    9967777538.87    467041098    507121531QTlJJPTwTIKGjWucWLFdQIFqUFDViLqZHmopzBSaxPctxonmQDYpdPzwRDD 
19760101-060203FIN197611976010119760101    3569007281.61    1407444049.87        2.70        2.35        0.39     949090899.09  290318507632.99    5699175486.58    521557840    5984086920000000168
19760101-133657FIN197611976010119760101    5433801295.02    2747560410.60       17.67       14.74        0.51     989728280.57  876695094606.68    2117271889.44    155497173    1864262790000000141
19760101-183911FIN197611976010119760101    3335176398.37    1253761387.98        1.28        1.23        0.38     725123677.09  274707197808.36    2790752329.36    977076108   1018881500BeGOWxPTEYMAIQhKJtpUTqYu                                    
19760101-190212FIN197611976010119760101     945414751.77      78592383.98        0.42        0.41        0.08     206292650.04  388737027283.35    3554073559.70    187848625    1903309890000000266
19760102-030356FIN197611976010119760102    5823514729.41     358022411.69        2.04        2.02        0.06     756784151.49   82183488230.77    1954781235.01    175181154    1773770000000000361
19760102-131941FIN197611976010119760102    9220236886.19    2361178010.29        6.36        5.38        0.26      86594399.98  972524560802.72    1243844747.84    371505727    438615350goSRNVUkcPXyQRRlpYlGSMEPGClsCMX                             
19760102-174407FIN197611976010119760102    2914529843.49     861661173.83        1.77        1.75        0.30         30809.67  304655841750.68    5383110946.81    487848349    491911589tYUELPJWFzDOmlWEUA                                          
19760102-221322FIN197611976010119760102    4090283782.14    1992212757.14       22.47       21.33        0.49       7825224.02  662769608814.82    8883691155.54     88647964     933815580000000269
19760103-063707FIN197611976010119760103    5437597264.44    1483939188.55        2.85        2.51        0.27     332132295.40  917598864599.45     441673266.77    520175712    591431477CQGpvekRzqSfESwKURQOoomSanpImBHcOUixhL                      
19760103-132019FIN197611976010119760103    2884648818.82     801961040.81        1.62        1.48        0.28      34627820.43  271404681528.33    9087784489.30    495020888    5432503820000000151
19760103-182412FIN197611976010119760103    2802824425.82     274505263.63        0.48        0.44        0.10     600018330.91  418755468945.72    3080099892.87    568180730    620309184eBZLwzfHUBLxsWSFpQmudmDjRXm                                 
19760104-034724FIN197611976010119760104    4141280647.02    1080477037.13        3.36        2.94        0.26     252419735.45  965473171177.98    3331820663.40    321928286    367779244PJfOlXRPMTdOuTIMAy                                          
19760104-065257FIN197611976010119760104    4524272815.36    2264643648.24        5.55        4.84        0.50     409133377.79  168662059550.82    7829658259.21    408206608    4675377380000000381
19760104-080622FIN197611976010119760104    4308499905.94     692495423.91        1.07        0.94        0.16      50585810.65  268849791307.61     449737394.81    644450816    7378142120000000057
19760104-113306FIN197611976010119760104    8415010950.91    3717203603.80        6.53        5.55        0.44     201788639.48  335950474228.58    4292481482.21    569552385    670166847VTGIYOHqQTinymJiaerSHchHKAKjpPD                             
19760104-184216FIN197611976010119760104    1775123694.28     975006335.76        2.84        2.46        0.55      17304664.79  377811844906.26    7658460246.58    343333906    3955732170000000324
19760104-225817FIN197611976010119760104    7096426527.02    2545612494.94        3.32        3.28        0.36     425612368.27   16646417008.13    9884776731.74    766979655    7771888090000000382
19760105-080517FIN197611976010119760105    1846620189.60     389257267.98        2.21        1.97        0.21     995481838.25  688729601047.70    9539773708.77    176149162    197235321yJZRFbHLdseBeTnJIpEmTJtfrrDaEFBWyS                          
19760105-181846FIN197611976010119760105    5953458410.72    3320105940.93        5.28        4.83        0.56     468383229.80  851011738162.40    2184653694.02    628441936    6871233670000000039
19760105-213655FIN197611976010119760105    3501827026.19    2331677258.39        4.08        3.44        0.67     197069725.26  211467169134.48    9404363979.34    571587010    677364772xItpdiEnJJAMNVucbcMCrZOxGKVLQtYwdGnBtSGBDqMTsWQhoJxXwANLFnQo
19760105-215139FIN197611976010119760105     196447586.13      95992351.04        0.27        0.23        0.49     208908221.02  673596017524.85    9606564906.30    355750468    4179782070000000063
19760106-064421FIN197611976010119760106    6633565964.19    2621767641.47        7.16        6.24        0.40     139214682.65  521857392717.89    8995642496.33    366034319    420388473VikNJFYegVVQGYqpTEnxkClfSmGXAyLaNwsjSHKiUlJafPQsCfYY        
19760106-130501FIN197611976010119760106    1148314100.86     769945161.14        2.08        2.05        0.67     731850858.61  705483336351.67    3514734295.55    370086818    375301477MCUMedIwKXKWmxZtjKLGmNhZVZwXLheDyjZaNegMuWB                 
19760106-223012FIN197611976010119760106    3706654719.01      99096101.74        0.11        0.11        0.03      17171312.38  892952850763.14    5486057104.38    879150707    935136251vDOkAbyNyfNiUAoMMxwWWTIWEYeJPfPRnnjcwmlWawDedDa             
19760107-030302FIN197611976010119760107    2589436708.35    1504248146.14        4.41        3.91        0.58     479231966.28  211796218593.75    2242324979.02    341091123    384327901xmDrKxzvaIXsTFOMpTzYAMbnGGKMgDKzDxVLwGQZItIKENHjcHYWSGGeBQ  
19760107-050335FIN197611976010119760107    2941620814.44    1436009445.56        4.70        4.08        0.49     567175581.83  533277994840.42    2929163783.36    305316014    351539866kCGxWShTICEMykTPjwUmen                                      
19760107-075808FIN197611976010119760107    9769059131.25    2491940722.36        3.75        3.52        0.26      99298958.34  598340731612.88    7765668354.31    664281101    7073924110000000392
19760107-130700FIN197611976010119760107    2483056965.97    1331721671.99        3.14        2.88        0.54     500845189.64  940120537483.81    1368083785.37    424421798    461863306lSBXSwESnnboFFeSvHxFjlfxrwIZABfGMjiWUbhTmnRHnPFOTMlMAQnZJA  
19760107-221614FIN197611976010119760107     932828088.51     112318920.61        0.21        0.18        0.12     957511449.42  892200084388.95    9619853975.08    544413588    632194467VSvMNAtEDeXQNEDooBurhHTZUGXzfeRCZXFKsELbuDdCGvFheOL         
19760108-033036FIN197611976010119760108    4862026737.61    3207236328.24        3.61        3.52        0.66     743661732.94   76879169414.53      36176138.91    888303639    9114345410000000405
19760108-072605FIN197611976010119760108    2440918036.24      76028991.21        0.16        0.15        0.03     811045286.39  929183837647.80      76812276.04    478452382    490808336GKXARCFbFebKiAlLUJXKJgRjmqXdAQcnJFJAKTzRouxMxMVkXQMjtVZu    
19760108-085749FIN197611976010119760108    1743835660.37     685958752.53        0.82        0.76        0.39     544978538.73   97849718760.40    6276554844.43    836192525    8977125340000000252
19760108-133601FIN197611976010119760108    4998553965.71      21467075.91        0.03        0.02        0.00     639529240.03  321094982390.16    4987794432.57    851775933    8775196360000000128
19760108-230437FIN197611976010119760108    8606473882.25     534134957.44        0.60        0.53        0.06      93465055.04  344552047842.07    7598260110.52    894418636   1015914109IVBxurMKnJbFCkiInnTeIC                                      
19760109-044836FIN197611976010119760109    3215396224.17    1751977907.12        3.21        2.90        0.54     438217401.53  274851462843.56    5344776674.97    546547062    6048631720000000184
19760109-120615FIN197611976010119760109    5009076878.13    3473648952.32        7.00        6.58        0.69     840690970.10  949898597690.35    3071828140.87    496160212    527899998hAZTeeUwWHJnxVqOIIMdOeIUXVFVRVcjVxkKbHSX                    
19760109-150904FIN197611976010119760109    6132907513.94     686148321.64        1.26        1.18        0.11     318759095.32  653454997370.04    5476148915.18    544827339    5812824640000000374
19760110-002154FIN197611976010119760110    8681312841.00    3955351618.94        4.15        3.97        0.46     221249242.41  266384554307.03     104806257.14    953004923    996949060XjSxlGRryfrgvCMaReGMEXLJuiXaSRQMSTRccKTbdXRVwcSDVVf         
19760110-062252FIN197611976010119760110    2872209313.82    1216601720.63        1.45        1.43        0.42      44675987.87  724418052452.43    9579620165.86    836317587    8486458760000000220
19760110-164612FIN197611976010119760110    4592527434.15    3042531235.06        5.03        4.89        0.66     738436683.21    8445910138.68    4028557289.04    604421295    6225637960000000080
19760110-192222FIN197611976010119760110    9971756203.64     127559735.22        0.19        0.17        0.01      79496430.92  813967084933.11    3400024119.76    664460322    761079411imdafqhUOHJJweSjJLCsJtrIwQTHOvwNcouZrYzKuEbA                
19760111-025140FIN197611976010119760111    6211031357.01     916998399.21        2.78        2.37        0.15     458788413.04  669942782063.15    5742139408.15    329859095    386260948gGWmrXJoqkjXNgwDRfiWhPTGZW                                  
19760111-091812FIN197611976010119760111    9369716533.05    5350588103.29       13.93       12.61        0.57     307749073.15   89705068980.59    5902641247.04    384130595    4243510940000000377
19760111-093447FIN197611976010119760111    6093477906.37     989090115.20        1.79        1.61        0.16      43864164.48  200707843192.81    5987422900.57    551915347    6158926130000000053
19760111-150426FIN197611976010119760111    7569251945.89     550583627.53        0.64        0.63        0.07     433910810.73  156582920822.22    4741280634.38    855008440    877556604pArpWSNsgNKTOPAFFXMA                                        
19760111-234806FIN197611976010119760111    3309310979.32     442218449.38        0.73        0.67        0.13      78655277.80  317763257826.91    4642501208.95    607591169    6575673900000000209
19760112-061442FIN197611976010119760112    9078323136.57    5802786362.71        9.40        8.82        0.64      47271812.68  337876947604.50    3248741842.15    617344857    658107953RwMVIveGZUngCTRjOjhJsfVt                                    
19760112-141143FIN197611976010119760112    4690379955.39     321609409.53        0.42        0.36        0.07     389685518.89  107958478601.13    9684193467.92    760718156    889013981YpbHzwUNEAFRSRGDoObqLpwydBbHFFewWSzCrbAQkJqTTzimOZOBxu      
19760112-195406FIN197611976010119760112    1472255829.52     480318964.26        0.65        0.59        0.33     672810407.52  230369758533.55    6550533286.66    740216772    812532963BCRRYMzpoAimKRITzLWLsoomeKjnZvguJDE                         
19760113-005557FIN197611976010119760113    3717110379.62     553730378.33        0.58        0.50        0.15      22813273.60  584551225873.81     590370437.43    949441419   1099302723IddATadJgdCfioVIuoybWUMFoSVrQfTjTzmECHLAKP                  
19760113-062204FIN197611976010119760113    4718611778.73     578572350.38        1.07        0.90        0.12     312115911.34  273414523404.95    9181130919.45    539972999    644861280RIoafLXyzvuVdAypgRHDbVyCNFqJLTgbS                           
19760113-064547FIN197611976010119760113    8621121307.80    3751596419.42        4.41        3.93        0.44     389426307.88  589689224320.26    6636267589.45    849895297    954194114VRCqMDchijxAuePBgjywAGgqrVRBEFpiTlAyRVbIdJsaEVtlYWHXc       
19760113-152020FIN197611976010119760113    8932869113.13    2889517849.78        5.82        4.92        0.32     149651311.12  312483034341.58    9882950725.70    496165904    586772633KwGGHtkLxtWGPwoGFVBKTqHdHhmZbSsgyyHfJEsFJbOuJAQfYzTNZNcIDF  
19760113-160419FIN197611976010119760113    6691348964.51    3497301679.26       11.81       10.96        0.52     552195853.16  549677381626.39    7856692409.04    296169682    3189639270000000242
19760113-203758FIN197611976010119760113    8665286947.63    5422762465.99        6.54        6.04        0.63     168723987.18  597899674684.70     180245414.97    828967457    8970760490000000005
19760114-033732FIN197611976010119760114    4158534776.01     490782195.43        1.10        1.02        0.12     345141832.48   38034165795.60    4984221687.69    445363853    4805528850000000234
19760114-052947FIN197611976010119760114    4168820774.81    1689063816.17        2.18        1.95        0.41     956326810.66  738974402965.13    8511991817.39    775370211    8666294030000000173
19760114-104208FIN197611976010119760114    5121394620.10    3313652261.61        9.23        8.58        0.65       5161211.92  547527209387.67    6168972318.81    358895857    3860037700000000304
19760114-192355FIN197611976010119760114    4672793662.63    1562783783.98        4.16        3.65        0.33     960465574.33  727516629089.83    1457314454.96    375598713    4276882890000000092
19760115-013641FIN197611976010119760115    3027628102.37    2053808493.44        3.48        3.26        0.68     903171683.13  769556353796.60    4800690615.67    589729145    6305512820000000011
19760115-034801FIN197611976010119760115    3522599414.19    1859897749.29        3.60        3.34        0.53     756606840.77   27115231719.69    5823867243.83    516201019    556851568LgvggaUVPIWggCTSXUGuimmMSetVYshIxgRZrdvICEjJVNigB           
19760115-102648FIN197611976010119760115    9220429478.62    5189630693.41       16.21       15.12        0.56     582494544.44  195309204503.32    7774606609.23    320212704    3431713880000000299
19760115-111747FIN197611976010119760115    6714426550.75     655483888.67        0.68        0.62        0.10      86870900.72  253869581546.38    5451709747.50    966300522   10544677610000000349
19760115-133234FIN197611976010119760115    7704153676.85    4042872206.47        5.09        4.89        0.52     800605355.58  926182017237.97    1804878571.24    794526061    826969365EsHPWeZIUldfxNQnmwk                                         
19760115-224221FIN197611976010119760115    9282244283.50    6483228255.90       18.23       17.51        0.70     231694153.01  131858698299.89    9580078011.57    355571606    370246195tECVFzaZYGOIcLqmNMn                                         
19760116-005040FIN197611976010119760116    5303095781.44    1773435019.84        3.86        3.41        0.33     477350680.95  728030109398.42    5877525516.51    459418323    520465127VxmNpSrxEBXnLfMwj                                           
19760116-092820FIN197611976010119760116    7371419593.65    4770643732.77      119.15      118.37        0.65     595415508.60  421084541762.80    3721278078.98     40038158     40302975TLgAVlQbztQeATlXKZcDRVCQNVYt                                
19760116-135330FIN197611976010119760116    6456856138.54    4449113143.25        5.14        5.04        0.69     285361709.35  766967980037.09    1663429596.23    865773332    883576562SLjJLcNoIZTAyGyOAtNtTFMQNEKksLfngTYwlVSjEZSFXAXKeoBI        
19760116-222647FIN197611976010119760116     358701816.38      86686293.90        0.19        0.18        0.24     864743891.14  533968214429.56    1404016058.39    453699806    4741380130000000157
19760117-045122FIN197611976010119760117    9757887376.68    4631752150.76       24.52       23.85        0.47     876992146.52  766746161990.39    7603433924.67    188931545    194191477qBMMQLoTVJXYOWHbqUadsqhStqZmMDQEYnX                         
19760117-150528FIN197611976010119760117    9697482608.26    3999474075.48        8.32        7.06        0.41     964627453.94  330792033061.10    1410767483.30    480419102    566865787SOHsouEIQhzIAMeFABDlHzVVpeXiHlUsEEOxcBPIJW                  
19760117-213341FIN197611976010119760117    3824480142.44    2527665739.18        5.09        4.42        0.66     965293125.38  321181570690.57    7929504724.19    496481665    5715456860000000199
19760117-222636FIN197611976010119760117    5626684891.72     620376609.34        0.73        0.67        0.11     478383959.68  388739229041.95    1970873836.56    853231003    928764091kBFzLPYLDHAuIEHlgFFBqUhnO                                   
19760118-054230FIN197611976010119760118     561959306.43      57272733.14        0.16        0.14        0.10     190574312.11  680741038960.71    3610843571.94    368147215    4171397200000000275
19760118-062501FIN197611976010119760118    5039286474.93    1514019132.32        2.15        2.08        0.30     190464257.48  531364865603.95    9589900486.95    705710489    7272557650000000230
19760118-065548FIN197611976010119760118    4461213025.99    1816437249.41        4.67        4.63        0.41     963547436.14  691551360199.57    4533104916.43    388704323    3922433000000000342
19760118-092833FIN197611976010119760118    1979204637.99     973901849.69       14.30       13.32        0.49     822499630.06  212821167962.43    4407535165.96     68111494     731046360000000375
19760118-144340FIN197611976010119760118    6337551986.64    2586256208.74        5.05        4.83        0.41     347803277.19  824050139849.35    9003455353.61    512145980    5359103010000000123
19760118-215353FIN197611976010119760118    8720010385.28    4857714169.63       19.37       17.65        0.56     376441242.52  118017348999.40    4115095501.34    250808779    2751883680000000338
19760119-063704FIN197611976010119760119    7937150684.84    4914045914.22        5.63        5.21        0.62     694294050.46  315245379657.83    4780997370.82    872478217    9430408360000000042
19760119-073658FIN197611976010119760119    3164030118.12    2151715259.93        6.44        5.78        0.68      29041723.50  347931636175.12    6268149602.81    334248849    372410393JaBRAUCPDCLITNXXrADVCSIopfxogeRFkYFvBVlr                    
19760119-110732FIN197611976010119760119    3266201576.80    1134374234.77        1.20        1.09        0.35     422981504.35  106362420973.50    6084333385.94    943017266   1037958655IBCqnhGjFJlbBaLpCfWlwAwAXuFGAsRugroSvLEF                    
19760119-192611FIN197611976010119760119    1905469756.63     987383545.20        1.77        1.67        0.52     437406221.42  771043657617.66    9999510419.13    557865181    591911990VxhJFCbVNWpWKaEImA                                          
19760119-201839FIN197611976010119760119     342270808.47     164582083.19        0.18        0.15        0.48     647486795.10  787774684599.40    4726182885.93    907828269   1082419670MutMDETGPQErOpBIRhWAXwXLNwWkMGQjEDbVomDzQUTAHsQLe           
19760120-001330FIN197611976010119760120    8256627997.94    3494175938.23        4.38        3.98        0.42     761258495.06  943597254961.98    2688362974.71    798074270    876864740RoWWWWjHcEnPEUUWt                                           
19760120-084935FIN197611976010119760120    6365954890.65     606033391.67        0.63        0.59        0.10     985952272.77  643743276975.97    6265776195.96    955552099   1024021178WtLJlcZhUpnUJhcOl                                           
19760120-154459FIN197611976010119760120    9208528250.98     765922927.81        0.93        0.88        0.08     257058923.36  897911056005.13    2069450845.35    819866524    8705342600000000389
19760120-221606FIN197611976010119760120     417709089.82     161844337.06        0.19        0.17        0.39     778859898.58  441888711104.92    4687963001.51    870471047    942695539UXKSWgGTVwuzWNnUV                                           
19760121-042609FIN197611976010119760121    8249226397.56    5281109925.08       10.33        9.86        0.64     735190252.31  585612900957.61    5360528963.20    511278944    535442070bhCOcOvQNEbBAnMceSOKIWFWXZjykjxqQIOCQOISWCHAjEeDSloP        
19760121-074644FIN197611976010119760121    7263190192.37    2223032280.10        4.73        4.30        0.31     473922538.83  322802114094.01    3280800258.87    470384687    5174059150000000370
19760121-143649FIN197611976010119760121    5301464517.92     563533673.48        3.89        3.79        0.11     797207781.59  266304740144.80     710532201.03    144996124    1485750650000000348
19760121-202131FIN197611976010119760121    3296439381.07    1409407685.63        3.38        3.05        0.43     701281519.94  561313587666.55    4340683182.31    417007871    4620638220000000120
19760121-224258FIN197611976010119760121    9381504478.27    5127860303.37       15.74       13.37        0.55     863086880.43  165881238315.60    8248186715.98    325847101    3834388890000000264
19760122-013516FIN197611976010119760122     589364128.45     368935427.08        3.60        3.11        0.63     464130487.95  330796416641.32    7106977732.82    102480466    1186059830000000210
19760122-065442FIN197611976010119760122    4064929648.76    2302587766.36        6.08        5.27        0.57     181558653.97  245790857173.01    6870961746.49    379025665    4365180100000000056
19760122-130618FIN197611976010119760122    6465660853.20    2858427851.71       16.63       15.15        0.44     308084296.99  205292206463.20     751451632.60    171862967    188718479RhUQRxcjdEgKAzNIHpMnLOkaWYvDQqHM                            
19760122-135642FIN197611976010119760122    1752815536.12      77152762.94        0.15        0.14        0.04     700276846.50  491193754049.87     943011438.10    515600572    5346034640000000071
19760122-213941FIN197611976010119760122     410647881.73     106948369.79        0.13        0.11        0.26     963790567.08  151143725557.89    1754066486.74    823596955    939210682RzFPWFvwZRrSBSctRiMfHfNKAAwdNTjFVMI                         
19760123-020124FIN197611976010119760123    8501698228.76    5229393026.49       14.53       14.48        0.62     823259733.19  879383323120.85    8508473356.67    360007270    3611997460000000307
19760123-090843FIN197611976010119760123    6261644259.68    1519619398.68       11.79       10.32        0.24     209803848.96  215614094437.72     252269659.03    128933760    147272210bVdysLBHshjuPhsNYkHFNjcUcvqFIGJCdTiXjgeSviTyXxtbw           
19760123-110616FIN197611976010119760123    5603346054.12    3718701854.87        3.95        3.44        0.66     842863195.51  584984394627.33    2933195570.53    941213083   10816135830000000243
19760123-211408FIN197611976010119760123    2217134839.54       6728753.23        0.01        0.01        0.00     894269820.20  294397137710.92    1170409335.81    494434954    525442770MMYHEsAdHQrXvDXqWNGKyGRnmNQy                                
19760124-030212FIN197611976010119760124    9583229037.78    1527691566.12        1.56        1.45        0.16     957177204.75  314493484041.98    9339096635.30    977183087   10567645530000000372
19760124-032130FIN197611976010119760124    6822709024.70     898107394.79        2.20        1.87        0.13     934263134.58  321340084468.18    1610439390.87    407674358    481280415NETywBVQRDrvjEMFNOUECiUBQnOVFLSdbNhLTqVKJxSLJIXNsm          
19760124-101845FIN197611976010119760124    2944553601.48    2030498593.94        9.89        8.54        0.69     555368361.79  715992781364.00    6833049747.12    205353442    2378651800000000193
19760124-105619FIN197611976010119760124    1115385412.64     610781441.95        0.61        0.58        0.55     258376469.84  721132868887.29    9242991273.28    995753169   1057552914uBBFBUhgSRFtzQIYXtbEFRe                                     
19760124-170509FIN197611976010119760124    6337752762.83    2115317631.94        2.83        2.48        0.33     443088198.25  628496648069.62    1956386780.37    747512858    851971533ZmRKTZLbWcRahUkhOdxFeAjKwTqyprwFYoICqZPrNS                  
19760124-193118FIN197611976010119760124    5670440851.25    3441288887.97      123.72      122.00        0.61      62362174.34  786260771442.38    6187238292.85     27814847     28206858mnSNZsOOTQfGeTtBmUNXOdRKTXHPDQHLYzLOmgJhpjXennHqIMZ         
19760125-044249FIN197611976010119760125    5905057609.19    3299781756.68        8.52        7.19        0.56     971596305.46  387071561258.45    6699612455.48    387220779    459077585CJDIgUzBAIqWZQVUTlyQjQGEMKgPacOT                            
19760125-135102FIN197611976010119760125      18999615.99      11711766.56        0.11        0.11        0.62     380678100.14  318638518514.51    4087074632.20    102995680    1064210180000000328
19760125-151417FIN197611976010119760125    4910815641.29    1065879803.03        2.83        2.48        0.22     105488569.18  589551765576.96    5255915476.17    376781208    4295480280000000134
19760125-212954FIN197611976010119760125    4256346370.91      84784840.19        0.09        0.07        0.02     135383106.80  132765481351.97    1840308786.46    946989654   11351372510000000245
19760126-021148FIN197611976010119760126    2108135405.34    1019424488.89       25.21       21.42        0.48     807204863.16   58037317096.28    6118119263.65     40444644     47583877ONhcAQwlnmqCCWDoczkXiLhbZXsEJrEEXDUBOGQFbkIMJyvn            
19760126-111518FIN197611976010119760126    7217979675.35    1230543320.77        1.64        1.44        0.17       8234714.75  653401563167.83    2100360430.40    750231909    8561962320000000293
19760126-182951FIN197611976010119760126    5291745107.05    2742157277.82       95.16       93.38        0.52     383773643.08   65784245645.17    9024534238.93     28816088     29364959pCpCzKjHcYqVffAhFtKrpRMJCHZR                                
19760127-035205FIN197611976010119760127     234594666.60      69034098.52        0.20        0.18        0.29     505175822.12  385717936904.93    6102107352.80    347399604    3870730420000000404
19760127-094735FIN197611976010119760127    5475070453.77    2486322459.63        9.98        9.13        0.45     216511929.16  114295928718.84    4994249391.99    249252929    2723895070000000022
19760127-150842FIN197611976010119760127    7055740378.49    1847358832.90        2.61        2.21        0.26     412047546.96  504880651669.47    9542219432.26    708549148    834501634iNHnTftjXfvHrITLJdLaYdULuwCuiDvUOwI                         
19760127-161826FIN197611976010119760127    7319901443.84     735980276.87        2.22        2.19        0.10     843117456.06   92826737616.46     894621211.55    331136394    335857908FhhfrkesbFUwpaFPO                                           
19760128-021355FIN197611976010119760128    2827471979.24      95463958.34        0.11        0.10        0.03     272189331.53  199052670714.76    6124454737.18    852904008    9869660610000000373
19760128-102549FIN197611976010119760128    2955295405.60    1329176194.03        1.43        1.32        0.45     585829615.12   36940138509.80    6019026437.41    929410376   10042776070000000255
19760128-162604FIN197611976010119760128    2336994150.85     973114369.16        5.71        5.67        0.42     605257816.48  895170987428.66     985690044.68    170359543    171640630eezYHLVGTnzwQXHAOrKazMfL                                    
19760129-010411FIN197611976010119760129    4459458377.04    2995150030.29        3.50        3.00        0.67     967718704.67  650217313168.30    1546023258.73    856141202    9995976930000000013
19760129-082114FIN197611976010119760129    1960651588.63     155678655.25        0.20        0.17        0.08     383963350.37  891552869788.31    4641265818.01    781978634    8976820360000000415
19760129-100607FIN197611976010119760129    2651072293.09    1227558089.56        2.43        2.13        0.46     720974177.60  516113649165.86    8440241717.72    504972256    576201385zScyndwxOcLUXIwtrdKPFPDeQiYudN                              
19760129-140052FIN197611976010119760129    9316443492.32    6467542285.68       14.66       14.49        0.69     694591220.31  420323753133.81    8706121222.06    441119843    446309292VPfRrzGJDSXFSOgYEIxOaJaDXEAMCqvMuZEQm                       
19760129-230455FIN197611976010119760129    2528615184.90    1602485740.52        3.93        3.61        0.63     645266753.21  523256075047.67    9305212613.81    407529785    444090771oIQejJbSLBWXaQIsuHTVgYmfsffAYKYVcOoxXezynfpc                
19760130-021846FIN197611976010119760130    3566354422.47      40731772.61        0.06        0.05        0.01     634837255.97  481745270538.46    9512965888.95    677773231    7673659900000000129
19760130-112557FIN197611976010119760130    7267315997.50    3138914039.01        4.38        4.05        0.43     457303926.14  585480777586.49    3617389456.39    716013410    7759912280000000237
19760130-164324FIN197611976010119760130     791629198.93     212828615.12        0.38        0.38        0.27      24327650.17  633256228817.32     821965541.05    557115814    5652498520000000395
19760130-180439FIN197611976010119760130    4217487783.13     111708099.75        0.21        0.20        0.03     822288948.41  568318562276.70    9879183830.97    534736557    545376215LViVEKgsrKwCVrgOwkPeRFPWWpkHCZiTNGXGkVsAVwjm                
19760131-004359FIN197611976010119760131    3550224350.59    1130878955.09        1.75        1.47        0.32     706986831.55  551915706935.49    2850975679.98    646584763    768988094CVRXvUkWOxdMcWRMhABiVpiKwSnFEzHzbbeQ                        
19760131-032438FIN197611976010119760131    5164403414.32    1703914027.98        5.22        4.65        0.33     874245723.66  218331846893.13    3874688530.75    326246969    366494877XcxyxkqjaesCOVlDpRLKOSaaUSDCxuJjG                           
19760131-070433FIN197611976010119760131    1110510376.82     201295393.34        3.34        3.28        0.18      88670153.19   48951216016.55    1413154077.00     60257185     61316996QEKXHKbURLabMoB                                             
19760131-160225FIN197611976010119760131    1678835486.44     897830883.74        2.14        1.91        0.53     469906060.25  160980894873.19    9632776102.22    419418724    4693397320000000284
19760131-170230FIN197611976010119760131    2343610855.26     916761174.02        5.82        4.96        0.39     471981560.28  545282798786.61    3427610469.56    157501739    1849792650000000321
19760131-203314FIN197611976010119760131    7729330923.87    3061669355.61        3.10        2.92        0.40     363462545.16  765947294534.33    2092249491.96    987519446   1048160610KystGlBRwWHnygomAkGxXAAHJowCiGoTIuBrJfHMDMYlMVI             
19760201-052341FIN197611976010119760201    2952466352.38    1962639473.61        4.67        4.10        0.66     907194702.52  893158432949.06    4302618445.38    419966863    478751447SAFZEJLLiMLuOrGrCmR                                         
19760201-145017FIN197611976010119760201    4699371874.39     640098074.95        2.55        2.45        0.14     124414058.41  759866967034.20    5626865618.65    250748480    261018814OqAIeBICyTDaCjYBokKBWwGIbTbHykBtzpJVuZzfWHKRHbYByNSoGLc     
19760201-165115FIN197611976010119760201    3574933598.83    1591149170.56        1.74        1.54        0.45     445724409.02  252792114430.57    6112870066.84    913198886   1034419538XdCwDlGsXFstGqdCIcNOKJfTOQPnoEeELXbNmwOl                    
19760201-224650FIN197611976010119760201    7198051401.46     445595047.96        0.52        0.44        0.06     404366888.60  335156579207.34    1058111800.84    858372795   1024145595UfSHWSCITBCAOZQunWBPoRwGIRuCUoPSdEQARTADOJmAyACdfM          
19760202-075155FIN197611976010119760202    4180721733.50    2496200696.43        2.68        2.43        0.60     930422534.07  240601555119.49    6918685790.15    933128043   1027404880eyGBByYTpoRbgjJdHtPbQdJTXrTbcWTJkSHlPvDAkK                  
19760202-081542FIN197611976010119760202     144556894.78      87026940.50        0.36        0.30        0.60     603260949.35  677343981311.55    4985114594.64    244870972    292808214DgCLMNjmKXvnbcxbsNRzicFHLhHVDWDkKUSGCEKJtTHOqhICxuVIu       
19760202-183504FIN197611976010119760202    3886733944.00    1087286484.32        1.39        1.17        0.28     384843735.06  795425532162.34    1653134192.47    783220775    9331953610000000180
19760202-230611FIN197611976010119760202    8281519145.13     129560648.82        0.64        0.61        0.02     589611239.14  336907007338.94    4658312725.89    203450926    2126588940000000352
19760203-032149FIN197611976010119760203    1539840966.67     551522806.26        0.62        0.57        0.36      26169378.73  440150225041.33    1270643200.28    893511553    9710898010000000206
19760203-051857FIN197611976010119760203    8594858576.02    1473252014.49        3.14        2.69        0.17     486746157.02   17533406299.51    6083913063.65    468791586    5470907280000000051
19760203-061520FIN197611976010119760203    1088436039.20     203002098.19        0.79        0.77        0.19     151517112.73  774231347775.71    9746507596.07    258360111    2635555970000000098
19760203-123651FIN197611976010119760203    4568574470.74     678666593.74        3.91        3.32        0.15     247432997.59   21803072427.56    1112602490.51    173461367    204369114DhEFIsYSMqHQmxAANGFHPWdKF                                   
19760203-141431FIN197611976010119760203    2382522325.23    1494414442.68        2.23        2.12        0.63     301411136.13  160549779344.45    9273880813.69    670300221    7057126050000000394
19760203-222954FIN197611976010119760203    4902392268.28    2884346855.74       99.69       97.57        0.59     387987347.75  939846271242.43    5227240559.63     28933964     29561111JSKnyzjayIuyPFBDYKGYmQJJJALMQVJRXBsXrxUvvRsgSBaOEnDcQEgzHT  
19760204-035101FIN197611976010119760204    1595763195.38     919573413.78        4.40        3.82        0.58     403430166.31  485037805458.91    7302477755.79    208790148    2406148680000000224
19760204-045259FIN197611976010119760204    9602906843.88    2640283730.70        4.69        4.37        0.27     360915173.26  729586778186.39    6324552457.06    562363314    604356060QmIWAMFMBoTuKqcwLewoBsILHXZmmGvSQMLGNPfKFLTSEGyMR           
19760204-080621FIN197611976010119760204    9726732997.42    4324440878.33        4.73        4.11        0.44     150187728.62  643542189754.64    8532686084.38    914910416   10533704730000000201
19760204-134946FIN197611976010119760204    8166815773.43    3377907808.56        6.31        5.55        0.41     417375006.98  147611928755.74    6907583618.49    535254978    6080881430000000271
19760204-195049FIN197611976010119760204    8224951020.05    3617211929.30        5.42        5.07        0.44     876987765.50  550070244577.82    2655548914.88    667800754    713538064XUhuCIMVvmnSqMBPsPTqVPeOhOJjWFWHqbzvsVmNTAFOvA              
19760205-045107FIN197611976010119760205    1212119043.10     695643287.93        5.40        5.13        0.57     729521637.46  532512592350.43    4627826566.53    128919695    135721207yCYxzdCtKDVDKNxAugXBOfBjJNSubdTVTPNMQGEtO                   
19760205-074158FIN197611976010119760205    3572919877.00    2487302837.03       70.21       65.81        0.70     367902272.38  968701948672.83    2353222932.80     35427899     377938330000000188
19760205-171855FIN197611976010119760205     849813790.36     276144957.93        1.80        1.50        0.32     224826946.17  216136613162.05    8796292876.79    153465631    1837742490000000329
19760205-212155FIN197611976010119760205      36931477.70       8927840.25        0.03        0.03        0.24     247893776.38  558340780229.76     122406383.51    268360554    273171192BvhtIYLKwSFVFgnsTkUZnIpBxtfPFEEeEcMLBFYLtOxBVxdDDIhwS       
19760206-074429FIN197611976010119760206    6402213604.13    2136895960.80        4.67        4.29        0.33      28320787.09   41879805283.15    3465772540.35    457943318    4979305410000000331
19760206-165525FIN197611976010119760206    8684191353.80    5126073490.05       21.96       19.65        0.59     981102511.11  680728740001.21    6752331695.78    233417854    2608379480000000330
19760207-031312FIN197611976010119760207    4174723160.17     424985002.39        0.43        0.42        0.10     439948918.88  995622334831.02    3417848695.91    991045669   1011406897HlQPdCFlfEZpMPIC                                            
19760207-042633FIN197611976010119760207    6393347953.67     181743920.83        0.21        0.18        0.03     335679941.33  463315105450.07    4509431664.37    873942034   10112454430000000077
19760207-080703FIN197611976010119760207    7855594728.53    4360071449.51        4.64        3.96        0.56     475241412.71  600112478469.14     831262540.66    940582102   1102352457zIHLKvPBQrCTBYzpZzUJZwMrKqTpUZPyXUykkId                     
19760207-153810FIN197611976010119760207    8284092841.04    3921309006.01      205.86      203.16        0.47     241730804.08  198031314485.96    6808902628.89     19048194     193017530000000018
19760207-175028FIN197611976010119760207    5709360298.52     682409599.78        4.37        4.18        0.12     172068823.99  250074817984.92    3184667460.41    155999565    1633097260000000294
19760207-175536FIN197611976010119760207    4432048743.45    2826251547.32        7.20        6.63        0.64     113162593.93  214161497808.61    2471460857.62    392407677    4261039510000000376
19760208-013347FIN197611976010119760208    8552320137.60    1459312861.28        1.63        1.62        0.17      53645007.65  132468060181.16    5427199830.63    894370826    9021938640000000218
19760208-081810FIN197611976010119760208    8882809251.74     756913817.53        0.81        0.81        0.09     159620332.01  552263352058.47    4575721254.17    929765920    940132936XEYdozBcEbPhRFHwKiUQyBWXKiOSSZlHFtNCTxUNaBRyBgaISh          
19760208-182802FIN197611976010119760208    3130862834.19    1350284119.61        1.53        1.31        0.43     709152492.81  122153874301.89    4763959283.91    883082115   10299276530000000009
19760208-235525FIN197611976010119760208     563644954.32     314256036.53        0.55        0.51        0.56     327512367.92  908136698632.45    3099562200.51    569898907    6192511410000000216
19760209-054442FIN197611976010119760209    4422234977.50     807746773.53       47.27       46.49        0.18     988207029.16  217481659104.78    6069543518.48     17087463     173753830000000369
19760209-121208FIN197611976010119760209    6610660092.93    2974646288.00       72.22       63.95        0.45     680774961.50  285697387594.33    2622703038.84     41191350     465124040000000153
19760209-130905FIN197611976010119760209    1299399371.03     461647617.39        0.57        0.51        0.36     439443285.46  936651217485.66     244354155.92    815442370    9011644310000000121
19760209-142609FIN197611976010119760209    4900773186.53    1159400830.20        4.13        3.66        0.24     669426142.30  174147224587.74    7848720854.32    280649674    3170392640000000050
19760209-185723FIN197611976010119760209    4436670603.24     414061952.55        1.18        1.04        0.09      96004112.04  825212505964.64    6871867594.78    352083287    3967799680000000034
19760210-020039FIN197611976010119760210    1325656314.27     388104367.73        1.64        1.46        0.29     256473808.31   52131272282.02    2745040145.91    236912704    265592638NtOdvFBFUhCVdhuIepZmNOBReS                                  
19760210-091040FIN197611976010119760210    4310158241.52    1101057388.94        2.95        2.77        0.26     973031722.88  238476747777.55    7813608019.58    373590723    3977571470000000138
19760210-131032FIN197611976010119760210    6884542864.41    3385942497.25       11.55       10.07        0.49     644711704.50   97435175984.49    9643408617.34    293264974    336278330xNZnDTSoUVPNSoYdgBUPLqzOHFZzrIJQNLRxXgjb                    
19760210-142134FIN197611976010119760210    5136844023.34    1710873760.62        3.62        3.16        0.33     231378587.63  363650778046.11    5742405199.42    472383502    541333907wGdVXrkktIjHLmLGSuJmmZ                                      
19760210-191250FIN197611976010119760210    8118106876.26    1672350112.81        2.81        2.77        0.21     250085409.68  935799114972.43    9689237209.31    594223007    604641832KCAQyxiZXoJdqKDEQYobKyFIDOjTuAXaYXNcpSHBpXYaEVEJiQphzVsDQo  
19760210-202433FIN197611976010119760210    2711615179.81     423973783.59        0.79        0.75        0.16     704884565.54  373134912082.84    1756187180.71    539841959    566957524HTVgzOLbcXLlFrFJcvEFRXR                                     
19760211-042651FIN197611976010119760211    2660975308.87    1378924592.81        8.20        6.88        0.52     438332355.09  128726805073.49      64494129.79    168242009    2003647660000000137
19760211-051945FIN197611976010119760211    8306669824.64    4379138105.72        6.17        5.21        0.53     333314681.60  713279610051.30    5575686798.32    709641931    839829831qHNTtjtRGMZppVRjcMXNYkzLPeMhkorcRLFhljKfx                   
19760211-145920FIN197611976010119760211    3884759536.84      94638689.35        0.12        0.10        0.02     315715901.41  774556307479.84    1306183575.53    803997269    9563289430000000371
19760211-194128FIN197611976010119760211    7972182572.85    1249296731.30        6.41        5.47        0.16     640988353.51  819822123355.56    1088907698.60    194914504    228404765DGDgbyTniJxSJJPHLVwwcatOfVEGLQJcDCwMnGNsQnkAvm              
19760211-225921FIN197611976010119760211    1902201294.32     213444080.70        9.26        8.08        0.11     997238267.71   35771971195.29    1209607562.42     23055353     26416032eZCQjyMmFdRWexdtIZLQhOOJyGrGYSQXYtwRPBLnMHEfMTMFz           
19760212-051547FIN197611976010119760212    2875181487.05    1175364845.31        3.25        2.83        0.41     334701106.23   67047595619.97    3194143592.99    361614230    4153640960000000290
19760212-150535FIN197611976010119760212    3024086230.73    1880155339.98        1.98        1.69        0.62      93226650.41  257853869075.31    6188871643.82    948146182   1109434457GQgODZYcTEajaEMYDrWGoMdiJOENBaMGcnwYwuNTRPoOXXVjWD          
19760212-215103FIN197611976010119760212    2545626650.64     143388281.30        0.26        0.26        0.06     648006192.75  537511920086.87    9183095334.43    553283078    5614777280000000060
19760213-065114FIN197611976010119760213    9018618730.33    6295237990.88       17.39       17.35        0.70     934303817.69  373168860092.29    2637642169.24    362097246    362933166JrvIZAzWlMCTHGbTEAUdbBtPiFGrTXDLPtHHrjDyTiEWmrrZ            
19760213-123636FIN197611976010119760213    4421159951.80    1741996504.91       20.81       19.89        0.39     828063079.06  400738539940.41    4392580128.94     83694585     87601808kSxkTQMzqhWgWKPLpUlwjLKzNGWxVHpWhoJmHwHOcdsys               
19760213-155808FIN197611976010119760213    1978259046.90     559827509.47        0.64        0.64        0.28     428164005.50  450695453286.87    6020131759.95    869704226    874411527URZBtUKnpDKKHZbOejdWhikbEaSqvjzvEtNLbCtShSSaX               
19760213-231500FIN197611976010119760213    9225170288.52     942863807.97        1.40        1.23        0.10     149851056.39  485110709572.68     890395889.12    671956271    7666015070000000363
19760214-074003FIN197611976010119760214    9026937777.77    2646496451.16        4.74        3.98        0.29     506904359.96  445900301678.70    9484362981.22    558119217    6646085570000000183
19760214-113457FIN197611976010119760214    7714945700.49    2353541029.49        2.63        2.20        0.31     356446504.40  377111419968.86    1744444136.80    894395264   10686288910000000118
19760214-164459FIN197611976010119760214    8556754011.27    4110440709.16        4.55        4.17        0.48     148707241.57  609226375096.44     591215521.30    902482538    986622498DIPPjcmxrwIwYNRnOzSotzgUkufjD                               
19760214-201231FIN197611976010119760214    9920140228.31    6509127576.56       26.16       24.60        0.66     654340102.13  599955287205.59    6649285170.57    248773843    264647514MXAKJrzxMhpCcVmYFiKnlZmdyyKlpz                              
19760214-210314FIN197611976010119760214    5509605588.35     256382116.50        4.56        3.99        0.05     443237266.68  522393419502.82    7105219666.86     56259735     643271800000000038
19760215-030135FIN197611976010119760215    8821553959.87    4670955305.83       16.35       15.10        0.53     128988974.52  372933397936.63    5000386821.50    285726446    3094275890000000205
19760215-055443FIN197611976010119760215    9545024468.47    5896695745.86       17.73       17.38        0.62     757495191.71  439292837293.25    7119806168.59    332661684    3392404560000000100
19760215-122017FIN197611976010119760215    8337879267.81    2974716966.19        5.69        5.65        0.36     752559483.42  806385969373.55    3310853441.67    522943329    526068018COuSdFGyHSPGOUhjCwiAIgrW                                    
19760215-175424FIN197611976010119760215    9231879923.19    2277720390.53        4.07        3.85        0.25     488142211.66  284505343113.97    8117445016.17    559384804    5915892670000000400
19760215-214917FIN197611976010119760215    6557869866.59     369060799.31        0.51        0.50        0.06     715416139.27  131046716379.74     322762400.50    719658689    733169863YwfZSzCHnIqSMrTYCCEtVKrNxTKQsq                              
19760216-001054FIN197611976010119760216    1788557102.95     537257077.36        0.75        0.63        0.30     687713211.49   48954072580.23    1849096697.82    717503562    857235395aJZDEsbtUZIVIFHQlUkKimBOIJCkSOi                             
19760216-074028FIN197611976010119760216    5237693500.84    2307776672.63        7.17        6.33        0.44     510243564.16  497033978094.90    8045824482.62    321993374    364344837qRPVVdOiHOaRcVTAInDgjliDRKxjgWiFKZqiTVfCOkJATvp             
19760216-141653FIN197611976010119760216    9011886987.27    2723736720.84        4.26        3.91        0.30     311324595.30  879713294396.62    9637637471.92    638815560    696744965rqMbvwSCBGYCGMEPKQeELcTKYUzuwRMWTqYPIirIgRbOCStxEXLeiAEZJCb 
19760216-154514FIN197611976010119760216    5620988704.53    2341209987.88        3.97        3.95        0.42     247036032.14  522379547256.64    4571541268.83    589725221    5920905580000000163
19760217-002923FIN197611976010119760217      86146179.64      47115956.89        0.09        0.08        0.55     470930583.32  819502776761.68    8914990640.85    533015941    6093209560000000194
19760217-022335FIN197611976010119760217    1842544448.26     782521679.00        5.11        4.50        0.42     315738069.27  761756872809.65    9541800592.40    153051685    173709296WdMLSShTWMSjGnzJGcANLThOWRoeveGhIRasLWaagwQJgdEQZJUwQjGtCng 
19760217-082405FIN197611976010119760217    1008350853.79     480377659.83        1.56        1.37        0.48     605548172.73  567977368282.84    8399999061.26    308467462    350511692jlkBZXPcVEbEkvquHcRWHHHVGNQxJWnBWpCCCKENWGMjHFABR           
19760217-104948FIN197611976010119760217    5222974812.20     814672331.65        1.25        1.08        0.16      67662701.31   36635434782.43    1200024104.99    652360863    754890113PTNTHCLWsriUMNBFhDQDGtmBPPNiLOSaNy                          
19760217-111154FIN197611976010119760217    5752661177.98     685781480.53        2.21        2.05        0.12     375818756.83    9819205186.52    4022423763.90    310625246    3352508420000000091
19760217-142252FIN197611976010119760217    8484811754.86    5534050273.46       14.23       13.74        0.65     167228273.04  488933098581.91    6343781109.22    388964855    4028749600000000231
19760217-224742FIN197611976010119760217    8416447386.66     845262715.04        1.87        1.86        0.10     948347739.56  907982310757.32    1027805763.80    450992497    4547396780000000367
19760218-090344FIN197611976010119760218    6236892125.18    1521944666.13       22.81       21.18        0.24     147769617.71  638969382539.40    6253202274.46     66729661     71857823QFRbFMIOhFIvNDHHKUIHIwUDsyiGpkDUVMQO                        
19760218-162316FIN197611976010119760218     216418907.35      64645876.71        0.09        0.08        0.30      65391173.30  347424262247.93    4295486878.34    729766899    7909094160000000178
19760219-013951FIN197611976010119760219    8886569177.45     404456769.07        0.45        0.37        0.05     174169702.57  161642392883.03    8981153271.02    900300291   10789812470000000131
19760219-031112FIN197611976010119760219    8536432424.79    4792922057.98        8.74        7.69        0.56     882258337.31  642870324267.44    4446716371.50    548086947    623295193gIOONPxnQUwBdFNEMLBUXdUbFPDWDVOVnWIIMRpOMbaMGipmCAICpjncsHs 
19760219-032818FIN197611976010119760219    3478766264.88    2160757170.47        3.04        2.66        0.62     683886462.46  344330938343.41    8140632256.90    711771521    810979145YtvHEQBjudJlIIctWcFxmnzyLLXwZIjQbTYYSJjShQPPW               
19760219-100734FIN197611976010119760219    6801837259.52    4680540090.88       22.66       19.11        0.69     652557372.68  440824624541.74      22625954.08    206524045    244871328niISurcNZMDtUHJAAmpALeY                                     
19760219-180555FIN197611976010119760219    1685738663.04     439747176.00        1.75        1.61        0.26     933494364.45  946241989327.21    8520481572.86    251754312    273793420XLTxGrTTSMIeAKqzJEDWF                                       
19760219-234848FIN197611976010119760219    1426468403.11     511076879.88        0.76        0.70        0.36     491813853.70   96193658901.43    9881927617.91    668521919    7345488590000000114
19760220-011213FIN197611976010119760220     803054116.78     104643061.78        0.13        0.13        0.13     488460748.60  941937691719.42    4956622507.68    800149537    805101795TGCJKTzuEdhxAvEJ                                            
19760220-012154FIN197611976010119760220    5363356638.03     416234243.43        0.43        0.38        0.08      14730919.54  497406833414.91    3970904709.22    975779734   10818556510000000387
19760220-045148FIN197611976010119760220    6760658118.54    4575124419.14       15.86       13.89        0.68     964145322.82  422973770012.39    2781953308.18    288489589    329408762diqlqOsDpYaNQhSPBbXhMXocCDXEfNMfLDMDHOdpovsklTN             
19760220-131522FIN197611976010119760220    6507717332.75     637322706.00        1.35        1.27        0.10     551551495.94  561681097447.52    2308631014.97    472211973    500203440CrleKXckDGjjocRGbTqCKV                                      
19760220-190902FIN197611976010119760220    7377209855.29    2820167364.66        5.13        4.78        0.38     480187484.59  386024709463.78    6337123817.21    549957424    5905540810000000357
19760221-001743FIN197611976010119760221    9516191509.47    1236461021.19        4.68        4.10        0.13     575050072.20     570234979.14    3160492345.65    263987879    3018885840000000326
19760221-060803FIN197611976010119760221    4798941384.96    1726927629.69        9.84        9.22        0.36     395844183.73  605889336583.78    8132231934.32    175452479    187342658jUcWBvgxKjCwRpvXoIjBbXiBA                                   
19760221-084314FIN197611976010119760221     227221673.79     125919550.81        0.87        0.76        0.55     993081491.11  210885707456.11    9650453504.37    144756824    165498896HazhIGPeCVSzQZwuNFJTfJUbhYdYFIlCd                           
19760221-154325FIN197611976010119760221    5104728996.87    2128562659.51       15.66       14.67        0.42     401987829.17  404716275204.52    6377530053.76    135963794    145138746EVUsfGZbFTVUBMUvYJxLFJecNoRUrFGd                            
19760221-210355FIN197611976010119760221    3299329633.47    2000904574.07        3.88        3.41        0.61     512942399.76  630100710425.02    6186211899.04    515514715    586699701XRHEsIMnqEiPOnfAJBLTVbfGKETfCFVYROPP                        
19760221-210645FIN197611976010119760221    6013648879.79    1891481538.45        2.41        2.32        0.31     533461958.28   81300783172.27    3682131172.38    783713959    8164955720000000259
19760222-032238FIN197611976010119760222    9853254978.79    4672010888.63       11.42       11.02        0.47      22205467.78  800421658533.99    4176871190.67    409225546    424073388JCFOaBxNVpRmAPrlOMHhDbxMXtDSIqOWAypHKArsJlVKEInHOA          
19760222-134500FIN197611976010119760222    8319326594.66    1966469297.65        3.01        2.96        0.24     392369775.77  950750235482.29    9259532234.02    654026703    6632836870000000196
19760222-232052FIN197611976010119760222    2358939588.65       7970824.55        0.02        0.02        0.00     964241078.43  721453378100.98    7215865896.09    335921100    377587333reiXxzjRuPXPXrZpVKbnvJ                                      
19760223-090820FIN197611976010119760223    7363610281.39     580254262.43        0.86        0.80        0.08     839172104.28  111896187554.88    9376981380.43    671844493    725665613EVDrXsEiEnLdzKgVPyHxGfRHFwSXDLmBVPRuIGzcczcxVVXFnGDnNgo     
19760223-134428FIN197611976010119760223    7119389048.69    3864536999.19        4.91        4.17        0.54     339283070.87  592130492759.50     578478790.07    786749045    926079389pYFBZnXNInPnlGsIKS                                          
19760223-203511FIN197611976010119760223    6221202408.76    2810662873.42        7.02        6.58        0.45     318858058.38  851508191503.84    1775235204.86    400115180    427087103EOMpasJigJVvYQGKVcDPddEniaOUaTojpCAmYQrUeZJEGo              
19760224-011421FIN197611976010119760224    5360036272.68    2738879210.27       22.76       21.96        0.51     749236445.10  400420430085.45    4074668663.86    120353034    1247231160000000094
19760224-072112FIN197611976010119760224    6662023228.96    1235929520.12        2.96        2.93        0.19     489550596.63  657341181614.60    7018100117.16    417769590    4220703310000000095
19760224-143320FIN197611976010119760224    6419527134.06    1912016407.66        2.34        2.29        0.30     785881527.62  783266078729.70    5001218600.53    816327740    834834816KmmVMAnFFPQmIEPRJFeYqLOdwxWQuDObsQcTKGNrrp                  
19760224-144724FIN197611976010119760224    3850794998.20    2255508951.93       14.88       12.48        0.59     640963327.56  481079254101.19    5439194135.06    151567312    180792700qjSaOCoSjvkDDsGBRSZtQArhIwHqECVHSANLKMfXfgkBvoVykkPSLPYv    
19760224-185942FIN197611976010119760224    2873385140.84    1863173455.69        3.03        2.79        0.65     442799694.34  485028475939.39    4449866966.25    614086916    667354040PjlPgtyXFQMaQwoAnVgbUFMVCFQGEgeGVOPIPEPLwBmXWxRK            
19760225-003147FIN197611976010119760225    4213850577.07    2458084436.32      540.27      492.84        0.58     584806684.86  275403869056.62    1463714023.56      4549735      4987622EKxtQJAcqNDYsGjPTVlSMPKGHLQauQwSokAAzptqRDUgdn              
19760225-025754FIN197611976010119760225    4555732724.61    1850612283.38       10.14        8.59        0.41     725655923.31  455687193018.72    7816280273.60    182430369    215548944SOPPuOMCTbeveWIKDERTzYxQZoJMLnCRCTOnPlMoXbgwuX              
19760225-093107FIN197611976010119760225    7360995164.59    2580454621.25        2.63        2.35        0.35     981166479.13  479732078477.00    6997527291.15    981446437   1096000763ZQTjEUONCDrpaHYvA                                           
19760225-190252FIN197611976010119760225    2182746345.49      52730232.10        0.06        0.05        0.02     573449242.95   52344829556.72    3547271668.06    866939129    9767850380000000236
19760226-001723FIN197611976010119760226    5372437253.35     519324423.45        0.69        0.68        0.10     123397383.58  157610916671.02    4238088927.52    758068412    761080801VXpGhfFbmgISLSMZVQlpBtNxkRhiLKvoTFIEKvFgIOL                 
19760226-084432FIN197611976010119760226    5369086197.60    3305833032.93       21.75       19.96        0.62     905849510.89  542012287923.56    5366844891.55    151968303    1656437340000000286
19760226-141719FIN197611976010119760226    2666223026.69    1677958181.91        1.74        1.69        0.63     612223208.66  953293999417.25    4657325248.97    964220487    995481958UXGHkVXHONXySRVzmlfgOKLOPXECLsMMjGzHJnirREX                 
19760226-211658FIN197611976010119760226     951164584.32     163719748.99        0.35        0.34        0.17     765709239.53  496630285220.03    6686264013.61    468379366    4827844910000000291
19760226-214551FIN197611976010119760226    9954877919.48    4345870761.04       10.58        9.49        0.44     763750815.31  669377653930.59    9445975677.92    410763901    457826315kkhSvCsfgbDUvsiZWtPQwjkYPwKrfTUFMGMCWCBXBcOcTkaLSudO        
19760227-055544FIN197611976010119760227    5337853116.74    1946895568.47        3.54        2.99        0.36     473323267.81  832275960499.34    7178686741.79    549668089    651502229aaCRGOKapDAmHhNFT                                           
19760227-104108FIN197611976010119760227    9194992510.48    5614378450.13       29.17       27.38        0.61     563229977.15  764007753141.72    2691689548.54    192494434    2050231930000000408
19760227-163537FIN197611976010119760227    3021837519.44    1544673059.65       23.24       20.03        0.51       8169218.47  191192160032.81    5845030690.42     66473427     771218210000000225
19760227-171454FIN197611976010119760227    8573704340.25     994462842.10        1.50        1.50        0.12     687134466.41  705446649263.41    1268720012.05    663549122    6639539830000000300
19760228-014128FIN197611976010119760228    8259458813.30    2050637214.62        2.79        2.50        0.25     805445805.39  188423011755.98      16231873.77    735246190    8209299320000000355
19760228-082711FIN197611976010119760228    7070495747.14     434098062.05        4.22        4.07        0.06     165941866.96   21364978823.96      23839428.28    102810378    106672035jmClCXBcZwINVyetRxHbWYRbsYBIFkuIGtecXWIN                    
19760228-120748FIN197611976010119760228    7271653562.59     679515089.30        3.15        3.01        0.09     147702649.78  418563083010.48    3950156907.29    215799103    225759786QrkRxvbadKcPnWFcOeDWQVadFphGPSbdHFKZstApXDFQCJWWQxhWQGQHgC  
19760228-212443FIN197611976010119760228    8938354710.94     577041248.92        7.37        7.31        0.06     210579981.10  885579961364.94    5470730177.64     78323754     788910860000000187
19760228-234642FIN197611976010119760228    8616978387.08    4402548202.91        9.58        8.73        0.51     818175978.65   10864750850.64    5899199062.05    459365668    5041343600000000281
19760229-000745FIN197611976010119760229    6421552203.61    2720827020.48       38.57       35.70        0.42     422375060.53  564238740627.36    6585817920.28     70538471     762043320000000105
19760229-051653FIN197611976010119760229    9267812872.99    4997441348.81        5.30        4.72        0.54     831382830.61  609839576357.85     591998345.53    942395170   10579660870000000015
19760229-131651FIN197611976010119760229    7446923172.37    1887449459.13        8.65        7.42        0.25     629504865.26  241869294968.46    6803623066.05    218106517    254217803qKZmxEJdJHmHxmqcMqVLIgrwrTMFGSYepLzRROMkSDC                 
19760229-173316FIN197611976010119760229     591536719.95     172789264.09        0.27        0.23        0.29     246585413.51  793337821317.16    8281067641.04    630806158    752498715yRflLhHvroMJBNHcMIDiQuHspAHUTFVE                            
19760229-225107FIN197611976010119760229     191611429.08      63817598.07        0.34        0.32        0.33     670845143.79  635231821548.38    7312434203.83    189501692    197929237PMxrpPAnXPHDSTHsWMEDADIdlCPGiaiNlasgKOGMTzMetG              
19760301-023434FIN197611976010119760301    2517024232.43    1529484485.47        2.34        2.16        0.61      58038114.40   69773170713.51    4376448397.09    652664775    707854357LRYKYZXBcxmTSSowQAFUfTJRSoIvPgvimQgPedHDROTgzAImiQMWqxVFPKu 
19760301-120207FIN197611976010119760301    6333958586.18    3366990462.39        6.15        5.74        0.53     937495963.35  671224812348.82     851082072.78    547601915    5868970670000000026
19760301-123655FIN197611976010119760301    7207925232.52    4111599849.42       14.83       14.42        0.57     615548867.75  379999000259.37    9604113933.09    277230363    285224388mBRtpjNBECQCRiWtjEutqI                                      
19760301-212150FIN197611976010119760301    6345805053.81    4237186242.79       11.14        9.42        0.67      15252208.68  321410188724.09    9665369277.30    380410199    449778813SJyzkTKNVmGtmiE                                             
19760302-004659FIN197611976010119760302    1346914395.74     186220211.10        4.16        3.52        0.14     531643102.92  836482731892.42    5197235270.03     44760807     529565760000000262
19760302-033143FIN197611976010119760302    6379712529.67    2413401839.69        5.91        5.52        0.38     849452324.10  537443450243.92    3550178042.97    408112935    436903886GZYLRjrimaTBIzBBifAOowqfEgITGEQXq                           
19760302-040001FIN197611976010119760302     857471334.82      48071207.76        0.12        0.11        0.06     841108063.37  538651228662.42    8429820877.86    400221004    432827053QZoKTiXLKvPjulUWXMCUtVfATzbC                                
19760302-054806FIN197611976010119760302    8924369916.28    5135491868.23       20.16       18.25        0.58     717723827.50  371374941302.01    3495497826.81    254699730    281408328XiuLDVDnYQnZdWqIeVWutEjPXZaaQbOqjsNvlFMIc                   
19760302-093405FIN197611976010119760302    6900707102.66    3245172666.07        6.51        5.64        0.47     744922243.73  651603303143.68    3346967465.70    498367561    575679660hLJBQUzrFVOXJcPWoMTCtDJWVHTNVVRwBxaKF                       
19760302-161516FIN197611976010119760302    1430127651.24     401717448.46        0.61        0.53        0.28     532352321.18  377898999073.98    2713677416.80    656809622    760109798LKCNUwwVcHHCDVwSxILaphVOqaSQACIMfdTAl                       
19760302-222251FIN197611976010119760302     204234890.16     138947299.13        0.33        0.33        0.68     122890692.56  994331656839.08    7347192560.89    415529613    4208097430000000239
19760303-022912FIN197611976010119760303    7065624180.66    1658177237.86        3.66        3.49        0.23     732256540.80  133301357497.88      17272944.28    453036920    4757882610000000354
19760303-114630FIN197611976010119760303    6320055872.15    2619964056.27        4.83        4.06        0.41     686425088.69  438629463644.83    8612682785.80    542127226    6455300480000000171
19760303-201023FIN197611976010119760303    7738225440.49    2013837831.42        2.95        2.69        0.26     581687414.98  434743261530.30    6403137463.55    683636624    7492548680000000359
19760303-230542FIN197611976010119760303    7681685209.69     922865190.99        1.67        1.62        0.12     894282640.75  249063298620.79    8902624001.50    553558213    568854614bDehSFMUUzvBayHEfHPXduNBnPkf                                
19760304-083614FIN197611976010119760304    5806080616.74     518977123.28        0.70        0.65        0.09      98425587.41  285989181876.13    4017585637.75    742468176    801024335FXFYeNQJTmypAWxzHPOBgNFDcXaQQFB                             
19760304-173843FIN197611976010119760304    8970566004.85    3799890126.93        8.80        8.01        0.42     178000108.19  768857205817.78    6797365546.10    431957248    4742594620000000406
19760305-030523FIN197611976010119760305    6989477853.99    1403732323.29      122.89      120.00        0.20     191205510.11  739876501839.73    4800867067.72     11422505     11697825inZSWxMORYAMakTEICVCgOECFdCknDeuMDaK                        
19760305-034747FIN197611976010119760305    4451395028.72    1739761271.81        3.15        2.82        0.39     215450064.13  622182469593.16    6392321929.18    551701812    616036393YStBqxDsjUXfEHExmWkfvZRlOucebnJJtfSSdWkqXFQNgAfpCpiUBfCjU   
19760305-105213FIN197611976010119760305    8717061266.12    4874565803.30      118.58       99.03        0.56     556587513.96  129108879752.56    1951817583.54     41106963     49224319fKTWdFNbJFpYzsgNOKBALRptDJzAgeGSPxIBaUpK                    
19760305-105644FIN197611976010119760305    2573801474.28    1126488103.75        1.72        1.46        0.44     675114304.84  914098054384.33    2182058924.22    653979374    7715792130000000228
19760305-202024FIN197611976010119760305    6885887257.70     540460969.67       12.97       11.03        0.08     344477367.13  390278544278.62    6376824206.24     41685942     490190290000000336
19760305-224229FIN197611976010119760305    2328707768.43     365996963.80        3.77        3.71        0.16     693662711.41  207564645783.67    3286397251.41     97156937     98691013HCyVIHyFodPADbGORMCBjByxRTESfBNDTPBZrsTBUACleKEVFjHkSOorMc  
19760306-060110FIN197611976010119760306    7443303358.41     759277386.43        0.84        0.82        0.10     642941970.83  623673907127.39    3516052205.43    901214288    9311361300000000102
19760306-101329FIN197611976010119760306    5149210423.74    1254899137.23       28.18       25.23        0.24     393613473.55  102465726912.45     669655072.19     44538305     497285740000000226
19760306-185440FIN197611976010119760306    5485898005.03    2288373670.98       96.49       96.09        0.42     341204482.24  271738681631.17    9876248851.59     23715804     238158640000000244
19760306-214811FIN197611976010119760306    3176853996.72    1414396273.72        1.58        1.44        0.45     673776885.61  875798302592.60    9677669369.99    893962039    985628636PAKPEEUQmMEQCIiKNBmUEBtPfusQRkopGWWnKXMrfXJjrgUvxcuTzMgPK   
19760306-220054FIN197611976010119760306    9746749303.68    6015279580.76       49.39       41.64        0.62     729277217.01  484702198353.05    1502349107.13    121794664    1444711690000000319
19760307-002822FIN197611976010119760307    1888459188.71     737835809.30       24.62       22.16        0.39     961930212.81  190520176840.78    1462891400.36     29969320     33291307CrHZqaLKlUACIOCnANOtBcGMhwNEnHp                             
19760307-003936FIN197611976010119760307    5567271056.31    2630231003.75        4.46        3.75        0.47     586092218.30  387413085976.39    8969312319.21    590169588    7019225530000000169
19760307-101801FIN197611976010119760307    5570699084.31    2902492538.75        4.11        3.93        0.52     276545800.24  415757717278.19    9691493902.74    706272104    7387517970000000003
19760307-124224FIN197611976010119760307    6564581158.61    2815649521.31        5.40        4.51        0.43       1630659.26  145325136533.51    7522918021.58    521100938    624034906rPWbxnnUObMNJMOJlQGmL                                       
19760307-190308FIN197611976010119760307    8280055661.32    4083641124.66       24.23       22.10        0.49     403417117.60  659633233362.76    7768206728.79    168526257    1847769590000000358
19760308-034112FIN197611976010119760308    4670809633.59    1380202116.68        6.28        6.17        0.30     903961875.25  484358304816.12    7389885740.48    219711405    2238603950000000065
19760308-082350FIN197611976010119760308     118233333.54      13792519.12        0.06        0.06        0.12     225159590.68  892055074773.61    4005415066.60    212794575    2494445050000000249
19760308-173951FIN197611976010119760308    7669326382.38     763486013.18        3.76        3.18        0.10     215923842.61  749336881371.20    8068313651.52    203117965    239824869XDnNdfGcCiNIOwdZoWMTZgVYEOsHLSH                             
19760309-020713FIN197611976010119760309    4190679805.28    1784563714.21        2.18        1.82        0.43     589919605.17   40633277204.53    7676468622.64    820144979    9804437480000000198
19760309-064411FIN197611976010119760309     918280912.10     351195817.84        0.53        0.47        0.38     634600133.24  274262057523.09    8946871960.81    665587447    748069671XoiKshFwSFJUseOHEjDTDwhjrzEOjDKGxCcQHEWSpOFWUGSRWjBI        
19760309-094311FIN197611976010119760309    6359087220.52    1355611863.46        1.39        1.23        0.21     161930291.46  216588184543.68    1519388298.92    972112363   1102126240DQuJNtEYqROCQUqiSrVTNyPDbqoiEAHxIIhMFJpSwLlaTsi             
19760309-161645FIN197611976010119760309    8124726710.24    2478256512.83       21.08       18.31        0.31     973098884.78  482403670882.67    8920415284.74    117568265    1353690640000000353
19760309-193322FIN197611976010119760309    4142807158.62    1145811309.26        1.24        1.21        0.28     651589126.14  751378394261.75    5538746713.32    924187537    943842148WYfOapWvnEnhMhkNzSVXGjPrOIiIqEAzAsUFAEZ                     
19760309-214829FIN197611976010119760309    5713623303.43     747361667.90        0.80        0.68        0.13     514326335.35  685307993820.17      61900747.14    937050218   1106309266HQSomNnImHMmdRDYNPNRfwVyMKUAVMlSvTbZnNezGMUJSTdgdELs        
19760310-002539FIN197611976010119760310     280682148.52     112966527.36        0.52        0.45        0.40     499020636.81  664402498088.90    3980367126.33    215316195    2506431050000000232
19760310-062646FIN197611976010119760310     482272430.25      96454638.76        0.10        0.10        0.20     882742406.79  558271659546.70    4630333114.26    982039151   10121319280000000081
19760310-091904FIN197611976010119760310     388392091.11      65905972.83        0.12        0.10        0.17     479836107.23  446214711233.45    4062608581.66    535948198    635165589OCuNrytyPITVDUziIzC                                         
19760310-124452FIN197611976010119760310    1456174513.25     278292028.19        0.39        0.33        0.19     792883775.32  627176702699.55     315743106.10    706838183    844094863aoTgMQQOVPapOXWxUW                                          
19760310-221723FIN197611976010119760310    8642200137.68       7682473.07        0.01        0.01        0.00      76595055.63  335063417592.69     622385442.03    770636821    8998764960000000099
19760311-023837FIN197611976010119760311    1509688711.84     114757510.85        0.26        0.22        0.08     256544096.75  654929931267.69    7757593059.87    440145167    5263142280000000124
19760311-083907FIN197611976010119760311    4840978340.27     148727039.55        0.71        0.60        0.03      14247924.68  326014361250.17    8349578723.48    209323530    2462150730000000247
19760311-145835FIN197611976010119760311    1838610067.37      60928288.19        0.08        0.07        0.03     875811559.25  726287759647.94    6187664478.91    750725151    895017967sOinkIiTdaWTBlAuXFDL                                        
19760311-172328FIN197611976010119760311    9706380606.72    2748606380.39        3.29        2.97        0.28     723306168.61  405055769406.10    3352431722.43    836454635    925887615rkWTCsQbCPAUfRcKLCwMGTdIqvRSpGXQyDXxU                       
19760311-231858FIN197611976010119760311    1990766490.03     796597232.70        1.52        1.35        0.40     896628037.35  178828571272.32     651160116.50    524243497    5885692920000000278
19760312-030258FIN197611976010119760312     652909754.42     455204119.44        0.48        0.45        0.70      80698231.78  480357576509.13    4888298924.94    952491139   10118055180000000368
19760312-063209FIN197611976010119760312    3658120978.53    1545166710.97        4.26        3.90        0.42     475886944.67  520343277620.81    7194810049.47    362480485    396412047VZFBRwvFHyQCUMDVoBLLIIBmacVsHPTyOUvhQJtRzByXxTqcURyaA       
19760312-080600FIN197611976010119760312    3301869024.01    1670421934.45        8.95        8.59        0.51     159304650.55  587416523681.57    8195603353.16    186616052    194482818rvAVWdPVTunQSZzOYjDYsGwWMYXjBJVnLeRwbiMTRnNBlj              
19760312-153233FIN197611976010119760312    4497949939.98     206931888.79        0.32        0.30        0.05     910740778.59  183571853087.13    3741328157.98    651205059    6924919590000000170
19760312-161215FIN197611976010119760312    3326200546.00     765637346.42        1.12        1.09        0.23     344770304.10  450996818269.83    9739484411.10    682924942    704618787jTZEOvrZoPvhHhEVycMTgdSeDAHkDvARlkstBVErphrWGVaKu           
19760313-014839FIN197611976010119760313    7213160511.35     810604738.41        2.50        2.24        0.11     365353037.34  248624677675.33    5374956263.57    324845929    3612743190000000104
19760313-061828FIN197611976010119760313    1990485522.01     176217683.42        0.35        0.34        0.09     156563884.53  336224271290.61    5839617515.01    497608082    5191924640000000016
19760313-145830FIN197611976010119760313    2533065547.51    1046772438.11        1.81        1.69        0.41     607124636.07  852215008929.07    5282240220.20    579860688    619410986sEdXWlAyBGoFClpXvyNNafsKbfeEnSrT                            
19760313-233642FIN197611976010119760313    3399929976.62    2362367507.48        6.41        6.22        0.69     176445894.90  448703907349.93    7452981804.34    368619447    379574716yNswyMTeJisZhBAUQKoZSIKDiQjQGQezvJmxBiPyRJAQuJv             
19760314-031030FIN197611976010119760314    3719689965.74    1485698453.39        1.74        1.49        0.40     847920162.76  761111927389.78    3211363935.51    853842534    995905759PtkhYEKCAIopXOowBJbKCkVze                                   
19760314-130739FIN197611976010119760314    4269941773.19    1357243936.19        1.59        1.40        0.32     993034683.98  829664548130.06    1288031066.44    854806640    9668266410000000397
19760314-182649FIN197611976010119760314     543299203.05     198797262.95        0.23        0.20        0.37     480034401.67   74816493725.37    1713430665.96    878282203    9809860670000000263
19760314-214059FIN197611976010119760314    7906988647.65    4549002426.93       72.00       67.55        0.58     434291997.15  607875632705.79    5061478199.54     63180457     673425840000000341
19760315-002216FIN197611976010119760315    5913260393.36    1624148219.45        2.58        2.25        0.27     951190392.58  562791841485.06    3624262059.38    628341840    7215060930000000159
19760315-064835FIN197611976010119760315    8411046699.43    2556418491.24        2.85        2.54        0.30     963965705.74  971004199431.75    5987610998.70    896228023   1006745032estGmMJWXVNYIvVp                                            
19760315-074334FIN197611976010119760315     359662697.35      46848800.88        0.18        0.16        0.13     234385080.89  325145177658.47    1225329246.63    267309923    300563587hSAOpCrPCpgAkXnAJGTxFjcuADeHUaavHTPF                        
19760315-105236FIN197611976010119760315     585672873.07     306881585.75        0.66        0.55        0.52     838991225.60   26696544494.46    5210279112.88    466636463    5572956860000000418
19760315-201955FIN197611976010119760315    8487934151.30    5320201135.95        9.89        9.62        0.63     204308147.26  154937648451.59    4702770662.46    537794670    5530896680000000101
19760316-035731FIN197611976010119760316    9011364976.31    4248430589.22        5.61        5.12        0.47     621678737.01   85879886266.36    1009562145.00    756859322    8295908170000000142
19760316-044232FIN197611976010119760316    6423795918.23    1925524235.72        5.84        5.77        0.30     389553757.43  895955054645.01    2235327171.42    329837323    333928841QrDjsjjfXYcImGGENLZci                                       
19760316-113058FIN197611976010119760316    3791532930.01     349768227.66        0.58        0.55        0.09     185943641.19   77059773067.06    7432522165.64    604900612    6331231230000000320
19760316-145015FIN197611976010119760316    2549796877.67     335579045.75        2.09        1.76        0.13      15110986.67  597542062755.66    8574096275.05    160887477    190987195sPFpJfRunRmoHacLH                                           
19760316-234255FIN197611976010119760316    4538805842.49    2666221033.41        8.55        7.82        0.59     211715010.02  494216145713.43      56886742.60    311921549    340923473PGDBgEZqRneMoLzzQWIWKPqUm                                   
19760317-013442FIN197611976010119760317    8391355244.35    2830927048.48        2.94        2.71        0.34     544697668.57  462501987439.00    5083048460.92    963027872   10457545070000000419
19760317-033144FIN197611976010119760317     807081884.78      99190052.69        0.53        0.47        0.12      30278597.66  811552125785.27    1374140690.07    185565687    211666226FEJqDJbFBHFbMSWLMHkubadniLCUCNTSGIPYDVhVRqNYCB              
19760317-101503FIN197611976010119760317     465101314.01      85939177.61        0.11        0.10        0.18      22317839.29  753068062681.13    4305171941.82    806230926    886045731bqxEENiCeuJtRlUKFwhdKteH                                    
19760317-113632FIN197611976010119760317    6973234928.96     650282762.46        8.58        7.45        0.09     613182746.42  750419081537.76      87545818.87     75750629     87323800WkpXrjqzVKYWoORXgeENMSywSdqIIZBO                            
19760317-193334FIN197611976010119760317    5443130611.13    1198070068.40        1.48        1.42        0.22     838816931.61  858121521973.80     126118138.70    809851571    843566743MDjVavoVSMeRlCAiXqmFZzvARFaNTAslRoYCUeWRGOXU                
19760318-000218FIN197611976010119760318     203628602.11      78467920.64        0.19        0.18        0.39     484112379.99  919995756334.71    6315928848.50    423280209    4475191890000000130
19760318-102309FIN197611976010119760318    1534684878.24     723215133.00        1.79        1.52        0.47     104855141.01  809052706114.32    4137995057.48    402991647    4765805540000000313
19760318-185531FIN197611976010119760318    3210942659.22     692535785.77        1.04        0.87        0.22     235170210.81  885923311675.69    9127187186.86    667865218    800278639CPnPGITQVJHhsopfSxRSFYkiFqIUVYUdQaP                         
19760318-193142FIN197611976010119760318    8156005600.35    2486474403.88        3.25        2.96        0.30     984093649.43  663603712248.07    2974740664.12    765191414    839942136YNouztDEEgVJnWzrV                                           
19760319-012752FIN197611976010119760319    2708393150.83     419798368.33        0.52        0.51        0.15     249730964.94    2087033077.33     827564557.33    812107293    8202927450000000340
19760319-021522FIN197611976010119760319    7675203838.88    1961377591.89        2.00        1.68        0.26     521315214.09   42426134427.91    9949120302.04    980560521   11676980730000000396
19760319-044235FIN197611976010119760319    9550614748.74    3031983230.00        4.35        4.11        0.32      65748742.66  506710142427.77    9715927064.59    697216685    736985333GidZUqrCDURnPxkVcQLUZHoNkSljfGvxVi                          
19760319-071547FIN197611976010119760319     203868744.91      32459752.47        4.84        4.70        0.16     640526605.32  162776001163.04    4979454667.41      6708135      69042430000000308
19760319-142710FIN197611976010119760319    1920210367.44     928792419.02        1.85        1.80        0.48     821204394.71  519109172519.65    8157207139.24    500748034    5161500100000000208
19760319-215106FIN197611976010119760319    5677021381.31    3676751882.36       46.68       42.52        0.65     414178449.47  459866043986.72    3727845512.62     78770354     864652080000000421
19760320-040704FIN197611976010119760320    4037837400.47    2020888333.62        6.24        6.08        0.50     716306998.51  480358901654.77    6073713925.48    323982458    332244010OVJLucFRYBOGFvuGZWfrWIXkXlBAMCEIbLeGWNDEcqjSGqJQxkWjJNbeHGX 
19760320-073126FIN197611976010119760320    7624760337.84    4578119721.06        6.98        6.90        0.60      28591625.91  307984007528.49    9112386913.12    655548893    6637778660000000177
19760320-123652FIN197611976010119760320    3257171201.30     903532822.20        2.99        2.74        0.28      48060145.52  817762975515.47    2858982953.67    301798029    330270351WCJJAitQbHnCKfmKEVEELEBjYtHsVGTBpOMMCLXEadMPRGRTA           
19760320-134431FIN197611976010119760320    7396830466.47    2691589475.33        3.40        2.93        0.36       9252415.05  977956009457.27    1972595431.58    792555846    9176076460000000033
19760320-192539FIN197611976010119760320    7089381587.06    2489987384.11        3.08        2.92        0.35     445855664.42  303662798752.62    8737796043.80    808722145    853828498aJnupDvnaiBqYlvlJdvOTCGVuaVkoH                              
19760320-200447FIN197611976010119760320     957977175.85     229542477.83        0.48        0.43        0.24     317230969.95  588672803201.82    5551751013.35    476174742    536727042GcOZWfgNzDuOjKAXcEZk                                        
19760321-000500FIN197611976010119760321    2066678442.86      27831684.70        0.12        0.10        0.01     689584419.19  591889618618.20    3100221533.53    238263305    2842544620000000422
19760321-004321FIN197611976010119760321    6442782981.75     885954396.56        1.34        1.17        0.14     541518533.14   20605359056.39    3607242907.38    660021776    7571129960000000008
19760321-024546FIN197611976010119760321     725602026.00     377992283.99        0.68        0.59        0.52     221991500.29  882433127331.16    4160771384.96    557841680    640694378vyTDfqipWGWxVaqrlSLwEsgtkcrVBDweTYQXhVJWaSrEOAunHKWFPfAXhQ  
19760321-053101FIN197611976010119760321    1920116749.83     635799247.21        1.22        1.09        0.33     708468154.68  144558678555.74    5477175967.77    521960285    585972197BELJVClFSUDWQNFrxaHxDDEMSOMNqTeWbFtIh                       
19760321-141056FIN197611976010119760321    3359940941.05    1610513629.38        7.40        6.48        0.48      96427984.57  555940831490.98    2940698959.76    217669786    248612173CRdJpWDQreFROHBFJMWTljcjrFTJfFFYspoqiNhLKuVAcQDTaY          
19760321-182507FIN197611976010119760321    6310838711.54    2317954771.81        5.20        4.36        0.37     174657427.04  867959498631.92    6204288825.33    445852482    531508622XRRaoTGVkESYUzgHljeXSSJwJXOeXA                              
19760321-215112FIN197611976010119760321    4096895499.22    2486825328.83        8.23        8.20        0.61     900328442.30  484830094270.38     457714704.20    302319086    3032998700000000257
19760322-004603FIN197611976010119760322    3579184038.85    1872892420.09       16.37       14.83        0.52     169069564.23   79615405450.36    2607253149.43    114386442    1262970740000000423
19760322-020353FIN197611976010119760322     250821074.74      93821568.80        0.19        0.17        0.37     512280170.60  435907151300.55    7511168578.23    486588815    561759834IpUvDutBNJLLFrITZFfqfLPfjMxpEJrOMOlqIyUZhnAtHSmCahkyWFbdlCEO
19760322-085137FIN197611976010119760322    3967493597.59    2179798179.35        9.26        8.04        0.55     302815086.08  152847059088.93    5188023904.60    235432417    2711634620000000386
19760322-092943FIN197611976010119760322    7819503005.85    3316931045.54        6.51        6.08        0.42     739052437.08  294696919988.78    9183043146.54    509585146    545961027woZXzDcbdAeOUrcpqMMIcCCSFSAEOqoSqMN                         
19760322-141941FIN197611976010119760322    5713331861.91     189854292.41        6.63        5.71        0.03     601424077.21  548981589635.37    4948736123.95     28649955     33233675UOiPPAqTHALSquMEWyPKUQDUMJVXvMfKqTZ                         
19760322-223827FIN197611976010119760322    3758528146.75    2049966210.33        6.74        5.96        0.55     664157336.00  416641923271.71    7291290382.39    304017739    343886090JySpXSUPXXRQAhXZYVXuSJeBKDIpCmynRTiStS                      
19760323-050155FIN197611976010119760323    3722005764.00    1336895131.84        2.09        1.81        0.36     515483688.15  449667053147.86    9601403889.86    640248573    7379308390000000346
19760323-084501FIN197611976010119760323    1235143644.63     864246221.42        2.29        1.96        0.70     243776082.07  584831884565.48    1000862205.20    376746476    4414390970000000424
19760323-173020FIN197611976010119760323    5162405315.44    2479706401.22        5.59        5.01        0.48     205724441.97  997934252984.69    8269444005.29    443217414    494629112vXSEWKALOAvhIlwNVfQQBHKxBjyZoXiQNPJjmHVRQmuFFmfzfaBJyGV     
19760324-025211FIN197611976010119760324    6448373856.04    2996577437.25        4.31        3.78        0.46     314846696.27  473082563992.74    1248961281.53    695714636    791944035iXUGHHxqpzQXrsqqQTEnuXFxroDeijHhLDuSP                       
19760324-064051FIN197611976010119760324    8158419121.63    1700148273.67        3.07        2.74        0.21     951289898.09  966909444582.30    4138670807.95    553438283    6207555970000000212
19760324-132315FIN197611976010119760324    2708285138.21    1807117313.56       87.53       84.11        0.67     133159152.23  825388526244.57    4146161146.56     20644747     21485748tqlRQYAzmtTPakQfMSMZlHg                                     
19760324-132705FIN197611976010119760324    7702646755.14    3277743550.51        9.30        8.36        0.43     950021926.15  871446091978.97    5752441946.36    352387764    3920079960000000267
19760324-165626FIN197611976010119760324    8507780444.81     845962364.40        1.03        0.96        0.10     833934400.75  266019426546.30     330451889.63    817702961    8818824520000000185
19760325-010535FIN197611976010119760325    9424653121.32    3371387537.93        4.87        4.48        0.36     414563664.50  290756855228.17     226953242.19    691896236    7523974160000000425
19760325-035218FIN197611976010119760325    6885673467.58    1740612174.87       14.66       12.92        0.25     837694421.24  608002632308.06    5997977636.88    118737903    134757600mqXmkgPPhQUGVluJIDZDxHwwoISSW                               
19760325-124358FIN197611976010119760325    2745820280.09     715799335.93       16.64       16.08        0.26     954323660.65  849918234371.80    8852865693.44     43024937     445216270000000215
19760325-153718CMPPnXvOcdgWFenJEXQ                                            0000000433ACTVCPD   1944022415624 Pembrook Boulevard                                                                                                                                        74141       Abilene                  GA                                          Atkins                                        sFUyUBIWnuhTnOnEeyCcbugA                                                                                                                              
19760325-172531CMPPhLUuRCKdkCUTGXCWs                                          0000000434ACTVTIAAA 1882061420854 Piedmont Way                                                                                                                                              E7O 1F7     Rancho Cucamonga         DC                  United States of AmericaBenard                                        cpgyfiDidlfVQOkOPfanImXNAaGNUbdGdPfWsPUXGdXYZXnOc UVVVMPSExZgTGRAbBcmrpe                                                                              
19760325-220226CMPpQHkvrTEQZFMdYuerUGbNzFHvDhVZLEtKnRHHsmKVVmiibhW            0000000435ACTVDDBBB 1873030522386 Spanish River Lane                                                                                                                                        V6W 1T1     Buffalo                  MA                  United States of AmericaMcdonald                                      yZQWqLOxafpMUBYSa                                                                                                                                     
19760326-082441CMPWKHSDaFEDSYXOynePKHWBGLeJ                                   0000000050ACTVFPAAA         5385 Young West                                                                                                                                                 80143       Mobile                   NH                  Canada                  Degrange                                      DSAWXXJpJtYSfjjPBUBSTtFBPzAVcLqglVlwFQ                                                                                                                
19760326-163507SECAAAAAAAAAAAABDOPREF_AACTVhwJxtrVGtDKfoCmSEzC                                                   PCX   501540868    1959042719630307        2.20bSRRblvmDfNJIUUERFKAuupeAUU                                 
19760326-194158SECAAAAAAAAAAAABDTCOMMONACTVT xMZcaGDAjRaMxk                                                      NYSE  457042999    1862081319731219        1.820000000350
19760327-021134CMPnJeCzbUuGqxTKWAoQUAHEtBPtJA                                 0000000170INACNGCCC-1926100823127 Camelot Way                                                               Apt. 824                                                                        H2C 1Y7     Chesapeake               WA                  United States of AmericaNesbit                                        GwcjgDWphcTMx FmsLcJW GPFOtMRwqMftofCseUCWCyPvVcTMDyUHfCtIEckffLRmVTOFgpaDIvhPLtLq                                                                    
19760327-045705CMPAvCbuYoNHzndoNzQcpmWOtTFhPTPHG                              0000000426ACTVSCBBB-1873111819649 Carnation North                                                                                                                                           55432       Montreal                 CA                  United States of AmericaFitzgibbon                                    KJqwRNADjEnOnFCZgjwySCeCWjvKGzBiXdFDJyAUnsSiScZMUeOQBxiQyUtYoaTHXpcubHUXKDoVuJl                                                                       
19760327-081316SECAAAAAAAAAAAABDFPREF_CACTVHQxaEDZeeVPOOPbHJjDUBSdEaAeA KStHIiPJCqshRBFmhHIfhSXolyukTYUHFD       NASDAQ467802133    1921081318730123        0.280000000392
19760327-112306SECAAAAAAAAAAAABDKCOMMONACTVJbocJBBKXatF SYBABrUsRTDWbLLRCZsFndRFQTGiTnsTp sEPOi                  AMEX  311421784    1858110819110601        0.32WdMLSShTWMSjGnzJGcANLThOWRoeveGhIRasLWaagwQJgdEQZJUwQjGtCng 
19760327-113603SECAAAAAAAAAAAABDPCOMMONACTVwEPQkrIuZyExGPNRjpYpF akGjmfIXdxEGuoFOcWTGV                           NASDAQ834276659    1901080219520209        1.350000000003
19760327-175943CMPKXURuEhUIwPPexJHYIiHTBspFanGDCqu                            0000000427ACTVPRAA          2700 Westpark Street                                                                                                                                            H2A 1U7     Oceanside                KS                  United States of AmericaHaflett                                       hivJMHqDOEAFPOknIrRRXSzLcLL MXFpDObVWQCCzNLymVZHsKaqwSPzlPzplfEwFKAPZVdIUYDLAiHsCCLrIKLZ                                                              
19760328-033714SECAAAAAAAAAAAABDUPREF_CACTVYiAyzesUVyZAGMDNTlmNScxcyXqhgbBJCZJHEEEjbGWtztEZv                     PCX   664427913    1875110719051204        1.59zjoKtxCKSTNWLpRzJEjyVWiVEuzmYUTLdbyRHLSIgDUbYquZsCvOKJvFaWMu
19760328-074607CMPpIcNfPPBGvDFpVVzFYMOIINuDPrXwOTebCLY                        0000000428ACTVFWA   1930062315491 Pacific North                                                                                                                                             94623       San Bernardino           MA                  United States of AmericaBossler                                       NrHlqaqUFMQjKPxHyLDcEGLuGllHmlbBNskkHeAJUiSKxRTHVIqRGlLQhMTOOoDmvLDTAZMdQzuWxHoWUDyWQBzLHT OLWOLeJiKsMWTNfpDIWfAjGDOBFtO                              
19760328-164457SECAAAAAAAAAAAABDGCOMMONACTVNVNJkoNTqxmadMGCxsNMxlqb EYNQAkLTkhGSfKJwmbGdkONUleYgKAUQSJgYJ        AMEX  156963091    1878040619640316        1.07bDehSFMUUzvBayHEfHPXduNBnPkf                                
19760328-224540CMPnsUSMbYuOGhrdUDWlMOfj                                       0000000429ACTVDRVpM 186505091684 Weyland West                                                                                                                                               90223       Kitchener                IN                  United States of AmericaTena                                          e xwSAaWRIBf                                                                                                                                          
19760329-070352SECAAAAAAAAAAAABDLCOMMONACTVRkjJMfGIQvYBnFylAglPvcmoMMhRQoE sIavJONIJcOpJJBCfP                    NYSE  349238585    1910010419510823        0.080000000272
19760329-075043SECAAAAAAAAAAAABDQCOMMONACTVNucmvbPtItZgqStHDrsFZTBNpu WDdDHPbcbP LifpUooI                        PCX   152395883    1921120819270924        2.48RhUQRxcjdEgKAzNIHpMnLOkaWYvDQqHM                            
19760329-174339SECAAAAAAAAAAAABDVCOMMONACTVSDIUAGJgOcSqGyVCQQGKWyZiRJww                                          PCX   712398405    1882090319580911        1.92daGGtcoTREcrZvEbKVXTGbZcgwEydZMugGTKPnwbTU                  
19760329-191837SECAAAAAAAAAAAABDHPREF_BACTVFlpHvx CIBAJRMZ dgxFPxiHMHOf                                          NASDAQ782661534    1857100919661107        2.78xbVeKWmFwIRwSgzjbG                                          
19760330-002609SECAAAAAAAAAAAABDMCOMMONACTVmEpRgVITCajeNyJDApRQOhSPBYELPocZEet                                   AMEX  773300560    1968091718501012        2.27yzVtIWYoRQKKPNbDwXqdBMdFXWIZfiTteG                          
19760330-080924SECAAAAAAAAAAAABDRPREF_AACTVwGNEtGxATsMJQAWSuaexNftTOgAeTeyFNQIPSGirvumXKy                        NYSE  667193433    1871080719200103        0.14BRtMqXSsBDukvVHTiOgEMWtHXrYWlFJqYAkUUXXEpmmWVYnGCknscAOAskMP
19760330-180039SECAAAAAAAAAAAAAUCCOMMONACTVigag KeLVQSjkcEcOTiuBKKehmQSMLkoJIMoPfIQYCMVdGGyaDn                   NYSE  130291711    1904020418580227        2.170000000377
19760330-202830SECAAAAAAAAAAAABDICOMMONACTVZpesnVlAFkwLGZtdDWVTULKfYapWlIromaIQjlx TdoXzWNwCZUTUUMKxhmli         NASDAQ464965521    1932022719321009        1.940000000253
19760330-213341CMPCmLqGWKCHBbzTIVWaIQMaNtrRXcCDziloXgYWLuOVnAALJVOwDXmwZu     0000000430ACTVWUBB- 193707147629 Windchime East                                                                                                                                             93777       Bismarck                 FL                  Canada                  Kinnison                                      kWVyyhmBOCXrNAsTwOJHdhXwSrwTrPCMTbPSIvyYpDHthIcnMmTLGKOAnLIZuuZJsruOydVDuRYQoBMrJmBJacGM                                                              
19760331-002053CMPtTUAfoWQKwcDHtQLAZMwzFpRYSTJLRpTJRFUEJZRMy                  0000000431ACTVCMBBB 1967042521261 5th Park                                                                                                                                                  90824       Peoria                   IA                  United States of AmericaLueders                                       OlxyboMoQBKfD                                                                                                                                         
19760331-093727SECAAAAAAAAAAAABDNCOMMONACTVGkoqSeEoEGKQ LkTCDUFGWmmRnwPYmwJyWEnDhKOVrA                           PCX   513667009    1951072619420710        0.530000000185
19760331-094627SECAAAAAAAAAAAABDSCOMMONACTVWvLXRRBHoJzaFSNEdxwo NoZJHKR LNTzzFvjWHKUhfcLGshmkpOzRjAUmHCTUNW      NYSE  784889452    1910040118850324        1.430000000207
19760331-100633SECAAAAAAAAAAAAAUFCOMMONINACqcvurNf phMvFnoUDSUH                                                  AMEX  872203249    1933041419600727        2.71hLJBQUzrFVOXJcPWoMTCtDJWVHTNVVRwBxaKF                       
19760331-151354SECAAAAAAAAAAAABDJCOMMONACTVeOfXVFjuiV EPoiVTQIGpZSwaEKGs HMAPPguQUWEMQtUdjVMDGFPwaGaHFsGpcYsRyVI PCX   800687311    1905080519270914        1.42YGODXTYUYQHKSUzVdmTrHaaZEgiuZLXAwzvjFZMnWXdUSECjfiOJYU      
19760331-235958CMPPVBZxYPMjWfcffeMZnrx                                        0000000432ACTVCHqZH 1926021622987 Milbury South                                                                                                                                             14616       Jersey City              UT                  Canada                  Yaple                                         UcCEXCpuvPtrBPDXvmQOhBQepOLDTTkefqrexXIpZQAXNv                                                                                                        
