19690401-155445FIN196921969040119690401    9101752597.75     218815934.29        1.43        1.29        0.02     849737308.55  227830811288.65     628579226.57    153445609    169288868OHzaLyFKQkeISJnxSTeShaOv                                    
19690402-020121FIN196921969040119690402    9013886680.11    2009827837.13        4.34        3.85        0.22     247278807.68  195136063071.37    5872482939.38    463086825    5219355000000000050
19690402-193802FIN196921969040119690402    1923736303.67     975399353.27        6.05        5.29        0.51     848018578.07  223288641426.08    9307389407.15    161287149    184225785GQgODZYcTEajaEMYDrWGoMdiJOENBaMGcnwYwuNTRPoOXXVjWD          
19690403-044443FIN196921969040119690403    6848970297.30     732922774.51        2.61        2.23        0.11     799286944.63  101334773514.73    8815285020.02    280422962    3286259450000000119
19690404-012251FIN196921969040119690404    3411830440.37     344775449.93        0.62        0.54        0.10     968795095.67  267737133488.03    3710696414.51    558031437    640422704OQrOAucqBZdHWTvrsGTQqDUAJesbyHxtJHEzCHKBOOQPPk              
19690404-234406FIN196921969040119690404    7732706120.16     687380955.24        1.27        1.21        0.09     282968841.33  496789578612.15    9548004007.94    541400918    568704051DGDgbyTniJxSJJPHLVwwcatOfVEGLQJcDCwMnGNsQnkAvm              
19690405-040511FIN196921969040119690405    1469262107.84     851432281.19        1.09        0.94        0.58     513985344.20  906039906479.58    6458951954.39    779750125    9061955100000000116
19690405-214219FIN196921969040119690405    7325121017.06     533803656.55        0.83        0.73        0.07     751729136.98  504140568465.45    2278930752.37    639841146    7336498370000000097
19690406-135217FIN196921969040119690406    6011532315.48     223205403.42        0.30        0.25        0.04     365364708.56  172136912754.62    5195244446.55    747275198    8793229460000000112
19690407-133214FIN196921969040119690407    4681862336.39    1500317535.00        2.08        1.98        0.32     624184491.41   27391057767.35     742311129.30    721385780    7588866350000000092
19690408-054655FIN196921969040119690408    5228502243.64    1920486961.70        2.78        2.41        0.37      13424182.82  807299269243.08    7481545179.92    691691895    7965279580000000146
19690408-203000FIN196921969040119690408    9489031101.93    2145459711.16       41.86       41.85        0.23     653764821.16  813330849829.61    1142457562.44     51259215     512710850000000129
19690409-170223FIN196921969040119690409    1897132636.81    1317072168.94       58.72       51.91        0.69     216854839.05  547660889849.37     583003056.78     22428830     25373177qzuJbEnLbLOlOtyvsWNfYJGAxriKRxn                             
19690410-102920FIN196921969040119690410    5542787224.20    2968867910.01        3.42        3.04        0.54     825152420.01  662152563382.76    6515645610.57    869023277    9762934840000000015
19690410-115024FIN196921969040119690410     455648354.60     112664166.90        0.57        0.55        0.25     957694329.16  615364146428.22    6406026228.87    196142232    2063682950000000109
19690411-010121FIN196921969040119690411    2889926464.34    1995033754.52      274.92      256.43        0.69      92834452.02  712147331347.99    8309581424.71      7256720      77799360000000075
19690411-091817FIN196921969040119690411    7962495851.63    5413314165.93       16.64       16.50        0.68     245221593.17  595262722915.60    5997255597.61    325279672    3279951520000000004
19690411-204206FIN196921969040119690411    1584867925.32     627453659.88        1.45        1.23        0.40     781895774.20  219311374345.15    3573214201.00    433916851    510374668RhUQRxcjdEgKAzNIHpMnLOkaWYvDQqHM                            
19690411-215223FIN196921969040119690411    8914631636.10    3152997200.74        4.55        4.35        0.35      13957497.12  434579857688.72    6921647469.35    693258690    7254476340000000113
19690412-200549FIN196921969040119690412    7567003384.46    1507691586.75       28.12       26.42        0.20     665457546.85  318739711572.10    7032713123.86     53620828     570721370000000080
19690413-164722FIN196921969040119690413    7954777712.40    2606050627.58       20.82       18.79        0.33     593749127.92  545576833564.53    5678180564.65    125175420    1387248600000000038
19690413-225122FIN196921969040119690413     875013603.73     245077687.70        0.32        0.31        0.28     237952966.46  494496350497.56    1980805526.67    764143192    7820759050000000122
19690414-001627FIN196921969040119690414    4516892160.80    2062915574.14        2.21        2.17        0.46     365554751.70  420940268831.04    8441756077.81    934521006    951617194FCOCNTOPibcmwDBHblaHXU                                      
19690414-193208FIN196921969040119690414    4315907983.65     941027077.08       10.04        8.97        0.22      87222137.05  709572017427.28    2195168638.23     93765570    1049392010000000051
19690415-150009FIN196921969040119690415    1862929517.12     404790120.48        0.42        0.38        0.22     198396174.20  715710355805.42    5873620675.01    959167639   10592954330000000152
19690416-060708FIN196921969040119690416    4002638250.03     414348270.85        0.41        0.38        0.10     374685392.40  362220276041.60    8246546860.59    999284905   1102563093XiKcfZmoGQnBHAdYEzmdTwSdbIDPEXDvLJbgRSdkrsLGrsJIESgMl       
19690416-204335FIN196921969040119690416    3790884552.11    2366463703.97       10.90        9.31        0.62     293771121.65  869854836968.74    9171170166.47    217027625    254128982AYrIhMoBIgUBkRdxKABPjIIShjxFyaWTAsK                         
19690417-105654FIN196921969040119690417    7854042692.12    2778160999.67        3.73        3.18        0.35     661650998.69  768136378009.09    7238633655.72    744944156    872800278EOMpasJigJVvYQGKVcDPddEniaOUaTojpCAmYQrUeZJEGo              
19690418-075336FIN196921969040119690418    7352671725.28    2425151329.48        7.35        6.81        0.33     227766429.85  927368252454.49    2556833927.14    330059304    356051667hJTjBraMaWddGWF                                             
19690418-184019FIN196921969040119690418    8695739112.92     216229187.11        2.89        2.46        0.02     911269398.22  566301627197.86    2850070617.42     74870753     880235500000000049
19690419-074018FIN196921969040119690419    7130672951.84    1457401577.92        2.44        2.32        0.20     296366050.86  492234523605.99    5246775980.28    598326077    629540102jRhDJJDxLPxUEMMpdhzdZNqRVTuzMCrlMcwMsdHNvIEBwDfErPG         
19690419-113643FIN196921969040119690419     297100277.68     169983727.69        0.64        0.61        0.57     998796485.39  133082058389.73    9541380192.56    266343757    2781085840000000155
19690420-010136FIN196921969040119690420     465109391.26      30981838.45        0.09        0.09        0.07     771097321.84  471491316214.56    4433847267.98    342468965    362400407KCkPotwrqSQFGNsyRmfAqMDPgLswKnMFgi                          
19690420-222426FIN196921969040119690420    6910190422.50     494614418.60       10.36        9.81        0.07     351152235.34  703393958572.62    8181518851.34     47743355     50432818aJZDEsbtUZIVIFHQlUkKimBOIJCkSOi                             
19690421-023759FIN196921969040119690421    5363663896.35    2992021926.32        5.00        4.53        0.56     809325516.16  466846267279.43     241111514.40    598824517    661069400sOinkIiTdaWTBlAuXFDL                                        
19690421-070100FIN196921969040119690421    5065085018.28    1525802413.30        2.63        2.53        0.30     418503581.59  190924948374.26    3340624726.25    580196650    6023416110000000019
19690421-140252FIN196921969040119690421    3517234573.76    2285194190.23        2.68        2.53        0.65      26210932.65  675593064968.05     212144058.16    852885271    9015470310000000083
19690422-040957FIN196921969040119690422    7274229166.01    3939217504.01        5.09        4.34        0.54     365947599.73  577893430355.48    4476850791.96    773389126    9071909360000000003
19690422-095946FIN196921969040119690422    2560406733.90    1081744594.52        7.11        6.49        0.42     319573899.10  315465199971.26    7875175278.96    152069223    166635051SAFZEJLLiMLuOrGrCmR                                         
19690423-062937FIN196921969040119690423    8809866433.70    2627958673.34       33.85       29.75        0.30     860115647.45  900242248261.29    6436613408.80     77625006     88326567EVDrXsEiEnLdzKgVPyHxGfRHFwSXDLmBVPRuIGzcczcxVVXFnGDnNgo     
19690423-064730FIN196921969040119690423    7162883574.00    2667788667.53      252.64      239.10        0.37      61002578.29  198001937929.91    6121508745.87     10559436     11157733qKZmxEJdJHmHxmqcMqVLIgrwrTMFGSYepLzRROMkSDC                 
19690423-172434FIN196921969040119690423    2621595647.51    1260429930.96        2.04        2.01        0.48     129041494.34  365926293525.17    8873959786.21    617208735    627466007OKehKyGaHgbEeBcBDAnFaXwXmCfzDCIig                           
19690424-170129FIN196921969040119690424    4142792416.85    1795093011.33        2.01        1.69        0.43     731428728.29   65701429529.83    7373982657.81    892397220   10600825520000000042
19690425-031503FIN196921969040119690425    9985875776.06    5500701135.51        6.09        5.98        0.55     652949701.07  129631892503.72    9409357078.42    902651250    919711862QTlJJPTwTIKGjWucWLFdQIFqUFDViLqZHmopzBSaxPctxonmQDYpdPzwRDD 
19690425-051732FIN196921969040119690425    1188705178.47     507144844.04        6.65        6.25        0.43      10339692.38  853193975500.70    6810345852.59     76218637     811703720000000120
19690425-130858FIN196921969040119690425    9583267773.51    5244553217.43       11.78        9.82        0.55      30496558.60  204447470086.78    9447089134.51    445253134    534120573WCJJAitQbHnCKfmKEVEELEBjYtHsVGTBpOMMCLXEadMPRGRTA           
19690426-062447FIN196921969040119690426    8876079184.38     721224878.79        2.46        2.07        0.08     670256604.91  965602678951.64    2738553180.75    292795478    3482127360000000036
19690426-082058FIN196921969040119690426    9751125092.79     791439960.07        4.26        3.71        0.08     702786099.76  424853603528.95    1056168444.22    185588730    2133040320000000117
19690427-000325FIN196921969040119690427    7601896013.14    4983072977.25       17.17       15.76        0.66     230628949.85  562329123605.73    9722038395.21    290202452    316233284EVnyFUGFEJmFNaFNVU                                          
19690427-204933FIN196921969040119690427    2996348673.26    1341741824.72       18.44       16.23        0.45     960092557.35  377593014604.10    2365660394.22     72754595     826549210000000140
19690428-024148FIN196921969040119690428    9365305531.91    5620050849.20       13.58       11.63        0.60     203906041.68  643410746166.74    2258133558.95    413801666    4832179030000000025
19690428-113053FIN196921969040119690428    5285065235.69    2358481312.74        3.13        2.73        0.45     508786604.79  996858886272.30    3995749728.93    752973402    8627023630000000009
19690429-060816FIN196921969040119690429      89175995.72      28819687.95        0.04        0.03        0.32     379481368.26  367054177158.86    2351597746.45    782072654    8915527850000000033
19690429-084712FIN196921969040119690429    5564579246.94    1017141222.67        1.58        1.50        0.18     640322347.77  712779714949.88    9775622816.76    643232813    676644407PGDBgEZqRneMoLzzQWIWKPqUm                                   
19690429-112214FIN196921969040119690429    3424215793.10     947745824.33        1.46        1.45        0.28     804888734.70  487578277956.21    2612615215.06    651295242    652079965jlkBZXPcVEbEkvquHcRWHHHVGNQxJWnBWpCCCKENWGMjHFABR           
19690429-193637FIN196921969040119690429    7721905791.09    1084736416.90        1.14        1.09        0.14     108623726.36  425218056243.71    9262261204.42    954210426    997953785gDqcCBxupXLOeBnjyoDuJKKpXXazMTBejzLaoxVkzpfVHbeQYNnEL       
19690430-082303FIN196921969040119690430    8169781518.25    2305049889.76        3.34        2.90        0.28     350601555.79  678426762459.47     806113902.37    689926054    795911041EVUsfGZbFTVUBMUvYJxLFJecNoRUrFGd                            
19690430-235927FIN196921969040119690430    3702798189.10     725236602.35        0.90        0.82        0.20     623924348.23  428236790577.44    2578990996.04    802825597    885190395zSzyZVwpMSypTaf                                             
19690501-073203FIN196921969040119690501    5151556290.85    3170554193.73        7.37        7.05        0.62     618214859.76  426917169039.45    6085018586.65    430008625    4496125560000000107
19690501-160824FIN196921969040119690501    8364466816.23    2560152113.20        3.32        2.77        0.31     618855833.52  401458259833.11    1404737508.77    770454417    923215708RSWvpXShAohbCnBYubXQUbMLtPavDHUQn                           
19690502-071459FIN196921969040119690502    2390904080.23     827829232.44        1.35        1.15        0.35     429178122.39  694198692537.31    1648342392.81    613959288    7209249290000000073
19690503-031258FIN196921969040119690503    2573163299.19    1654857225.21        9.10        8.46        0.64     163767921.59  662203298370.60    7552630594.80    181867272    195670169LoSyvUwXvGnKexKhSbbtArGnpUcArarLDzSDOEMMZBwKPwRuADFxSFJ     
19690503-183614FIN196921969040119690503    5863533586.94    2322784771.45        4.33        3.90        0.40     183484143.29   24391338080.31     765374124.56    536602051    5960047740000000128
19690503-193152FIN196921969040119690503    3894276328.35    2672851735.25       44.36       42.20        0.69     292641782.80    4169712826.97    9049334934.87     60253128     633333460000000090
19690504-002943FIN196921969040119690504    1300064294.24     890101012.76        0.94        0.83        0.68     792710017.20  687737353131.21    3128283358.42    949675640   10736459860000000148
19690504-054954FIN196921969040119690504    1958510667.06     830141534.32        0.93        0.81        0.42     365378532.46   58935275638.47    7560748754.88    889138421   1029978388CVRXvUkWOxdMcWRMhABiVpiKwSnFEzHzbbeQ                        
19690504-105724FIN196921969040119690504    7860752883.11    1781092355.54        6.41        5.50        0.23     727717573.50  591495206355.19    1918970897.21    277785840    3236890500000000089
19690505-050047FIN196921969040119690505    4901217444.46     910342807.45       13.95       12.08        0.19      53909510.89  622842493524.62    3630045140.72     65244856     753881720000000141
19690505-112829FIN196921969040119690505    5362272062.52    2723390896.90        3.66        3.27        0.51     761253836.97  196187271555.10    9722654278.84    743417188    833750044JySpXSUPXXRQAhXZYVXuSJeBKDIpCmynRTiStS                      
19690506-053858FIN196921969040119690506    6912518630.97    2107504582.11       26.43       23.82        0.30     108541474.08  504875936496.82    6599378015.01     79748208     884892060000000039
19690506-193701FIN196921969040119690506    4071790147.65    2130463561.03        2.51        2.37        0.52     305911370.95  650366462537.84     365453839.40    848335686    8995076140000000045
19690506-202344FIN196921969040119690506    9321478292.16    3643565008.58        8.09        6.82        0.39     754788745.33  239886452086.81    2554898749.61    450406612    533914896xJLQVuTFshRimMWvovlkhREDPsbyCEbOPAiHlYQoNpMfOnOS            
19690507-111710FIN196921969040119690507    9841290274.92    3824042486.84        9.00        7.57        0.39     681250512.37  752162556793.09    3101984839.83    424749976    504991282LRYKYZXBcxmTSSowQAFUfTJRSoIvPgvimQgPedHDROTgzAImiQMWqxVFPKu 
19690507-134049FIN196921969040119690507    5541046807.29    3636166263.21       26.16       22.56        0.66     208614118.59  524385743254.55    2489948906.96    139015702    161164374DIPPjcmxrwIwYNRnOzSotzgUkufjD                               
19690508-004615FIN196921969040119690508    8269424843.91    5367898785.49       31.86       29.58        0.65     903434044.66   23364903118.60    6435476663.80    168463711    1814612270000000094
19690508-085307FIN196921969040119690508    8126004017.44    1825557161.91        8.43        7.58        0.22     401235631.13  273411770246.74    4623960906.19    216620181    240866364YwfZSzCHnIqSMrTYCCEtVKrNxTKQsq                              
19690509-012058FIN196921969040119690509    4852671423.38     788467776.65        0.98        0.91        0.16     190954404.40  938014368094.74    3336311609.67    800819231    865392101BCRRYMzpoAimKRITzLWLsoomeKjnZvguJDE                         
19690509-044635FIN196921969040119690509     608015906.17     106169884.32        1.83        1.69        0.17     279057787.28  660313646339.53    2008448009.64     58160317     629456340000000068
19690509-101330FIN196921969040119690509    3733069069.23     631276740.29        1.36        1.24        0.17     330698935.21  974876089804.13    8517924070.34    463989881    5075079460000000154
19690509-224001FIN196921969040119690509     659158936.31      66618844.31        0.18        0.16        0.10     619796086.70  301798060139.12    5716203181.65    361442834    421274592jmClCXBcZwINVyetRxHbWYRbsYBIFkuIGtecXWIN                    
19690510-164850FIN196921969040119690510    5672860218.57     221715086.06        0.26        0.23        0.04     678804171.80   87157019531.05    2921914402.74    861672434    9496783910000000005
19690511-122603FIN196921969040119690511    1251220315.88     225638298.96        0.66        0.66        0.18     683304165.75  195267625312.70    9550049273.26    341169512    343275892KJhQqvrlpQBidNaiKSbeNNikTGFNyqfAokZNpWiMnQ                  
19690512-054650FIN196921969040119690512    1956569332.56     817340630.50        5.53        5.06        0.42     525187361.60  721054481575.44     824227552.19    147785535    161486366EsHPWeZIUldfxNQnmwk                                         
19690513-013133FIN196921969040119690513    6424450383.54    4105818231.04      413.75      375.38        0.64     122980299.69  935361194438.22    7456853943.14      9923494     109378310000000136
19690514-004903FIN196921969040119690514    1189589201.11     346849564.87        1.40        1.24        0.29     862212006.42  228051618549.86    2124936428.81    248335234    279687576GKXARCFbFebKiAlLUJXKJgRjmqXdAQcnJFJAKTzRouxMxMVkXQMjtVZu    
19690514-233426FIN196921969040119690514    9780062925.74    2086940200.22       23.51       21.25        0.21     968656108.79  215001552050.75     114209981.99     88760872     982069960000000067
19690515-032547FIN196921969040119690515    7408573873.23    4699500198.58        5.67        4.83        0.63     983269076.34  106388021683.38    4975360961.17    828309273    973060047nFkXCFIQQcAPOHRuYtieKkGSZpAdCmvxWPuheWUSLiFkN               
19690515-070629FIN196921969040119690515    8565737106.12     518304346.63        0.57        0.48        0.06     543006431.54  318432249822.43    5884659928.94    916650541   10734418170000000059
19690515-152838FIN196921969040119690515    5743995021.00    3051149922.67        3.58        3.41        0.53     292485654.38  215676929855.50    2429971330.62    853157817    8952156630000000063
19690516-123052FIN196921969040119690516    7284924516.22    3865983235.37       26.32       24.31        0.53     727612293.55  946747838767.94    4809034285.15    146901938    159035105MCUMedIwKXKWmxZtjKLGmNhZVZwXLheDyjZaNegMuWB                 
19690517-065950FIN196921969040119690517    1382501867.16     865309903.31        0.90        0.86        0.63     525320281.83  866760057323.63    2377239930.43    963137219   10026825690000000114
19690517-230635FIN196921969040119690517    9494093213.99    1382386736.66       15.96       15.14        0.15     678476446.59  849353035207.81    3868199524.84     86637279     913367580000000065
19690518-002823FIN196921969040119690518     775086344.69     197466408.91        0.23        0.23        0.25     879347645.01   85172041305.61    9976922491.90    845722462    871701565CJDIgUzBAIqWZQVUTlyQjQGEMKgPacOT                            
19690518-123517FIN196921969040119690518    8101004556.15    2100206609.79        5.22        4.80        0.26     235223044.17  936390092657.27    7492306099.24    402098723    437184538yzVtIWYoRQKKPNbDwXqdBMdFXWIZfiTteG                          
19690519-024801FIN196921969040119690519    9839805867.22    1859557917.58        2.70        2.37        0.19     311431504.32    1596059549.03    2396701161.70    688366715    7831325510000000060
19690519-195853FIN196921969040119690519     341109539.60      24930106.50        0.05        0.04        0.07     986463259.45  380954153265.73    4022508489.04    545348242    6156830470000000076
19690519-220957FIN196921969040119690519    8199430817.96    3119395045.80        4.90        4.26        0.38     798025484.57  318386795481.14    3947937628.26    636017317    7323518220000000111
19690520-173319FIN196921969040119690520    6834223830.20    3190480929.19        3.23        3.17        0.47     511321208.55  951525290461.26     982692550.30    986544872   1005568950PJfOlXRPMTdOuTIMAy                                          
19690520-195737FIN196921969040119690520    7670627886.87    4883153406.99        6.33        5.64        0.64     966881582.80  643761059454.26    8837425132.75    771847774    865601704CKqQGzXcNXMPWzzEAqHxSpCdCwJEirgSInSJOMkfzMBleWwhgbxmoVEVYU  
19690521-133303FIN196921969040119690521    9581385398.43    4263652722.56        4.38        3.85        0.44     770005931.10  775366341106.65     341884861.65    973388134   11063824600000000072
19690522-105638FIN196921969040119690522    2710829090.08     717016915.41        0.90        0.87        0.26     526531835.25  307431123191.71     114607178.11    792930953    824060898tECVFzaZYGOIcLqmNMn                                         
19690523-091128FIN196921969040119690523    4281403623.17    1854100470.34        4.68        4.00        0.43     891096156.38  984353937933.70    8357579446.40    396397473    463859001XcxyxkqjaesCOVlDpRLKOSaaUSDCxuJjG                           
19690523-232548FIN196921969040119690523    5425995585.71     291871687.48        1.63        1.61        0.05     597413747.68  893919512659.72    4137835513.97    178765998    1807733690000000024
19690524-055053FIN196921969040119690524     578530988.09     323995095.64        0.70        0.68        0.56     985832279.13  734556874616.09    1857256675.87    462938077    4741767120000000017
19690525-020140FIN196921969040119690525    5072484893.28    1033575628.48        2.69        2.66        0.20     566432721.56  949840538610.47    7719623756.81    384707354    389193954yRPdOOYwDRIgGtBTaFzyuaZQ                                    
19690525-221321FIN196921969040119690525    4912750622.45    1650326797.59        2.96        2.63        0.34     614279620.82  791459898333.29    5435313509.66    556767258    6269425040000000095
19690526-024923FIN196921969040119690526    5992313244.55    1485252623.19       14.19       12.16        0.25     436374255.72  384984303620.92    7707351846.34    104662165    122110369rBMPHLouqFXXMgNIhGTqVDHGAsCbGzEmOWSDGxBXmbKbrEI             
19690526-211202FIN196921969040119690526    3582427489.34     719178476.20        1.30        1.10        0.20     889530284.53  121639233319.61    1104690835.15    551764616    653242702hcPDGWJeqNhVOJEHQzDTICfkFUCNaLlcnCkzQvSJALfIzRb             
19690527-090850FIN196921969040119690527    7963712513.26     473896544.60        0.68        0.62        0.06     144778348.88  507252800354.36     182664610.22    694805287    768808839pmVFtISJNicSLMLBUTybzczhOfHObPpMYpBqjAaxrDHJ                
19690527-211411FIN196921969040119690527    6481830323.25    3055364119.17        4.75        4.39        0.47     654341507.63  260921758847.46    6222214180.17    642588674    6953728450000000007
19690528-004712FIN196921969040119690528    1550026174.92     379920080.46        2.66        2.34        0.25     486696475.51   67557695030.18    3438775622.85    142970081    1625359980000000000
19690528-175004FIN196921969040119690528    6947960305.32    4681753423.04        8.92        8.80        0.67     744599556.61  911804751505.92    8467725131.38    525080167    5319311950000000147
19690528-215425FIN196921969040119690528    8501426279.41    2586259071.06        2.73        2.70        0.30     312710115.34  547683825404.59    2577226108.98    946242599    957122778UXKSWgGTVwuzWNnUV                                           
19690528-234945FIN196921969040119690528    3284688903.74     333986390.51        0.43        0.42        0.10     218544658.77  458781642162.24    7823069117.87    785287833    7968376520000000020
19690529-131213FIN196921969040119690529    7090319028.90     989486366.45        1.27        1.15        0.14     244984995.07  975872755840.72    9287164557.34    777280969    8584656700000000126
19690529-182327FIN196921969040119690529     358536981.10     108160765.97        0.31        0.27        0.30     306241042.32  777688561563.16      29971941.85    351219491    398555378YlpZAosXzsuvTxMJSRMUB                                       
19690529-203651FIN196921969040119690529    2639584811.61     266944589.77        1.87        1.67        0.10     323542638.53  256075184501.37    7235875727.96    142705469    1598726890000000062
19690530-140235FIN196921969040119690530    7830529390.24    5309616509.58       44.22       42.15        0.68     464167850.74  367665487919.20    2521091111.43    120079796    1259584100000000105
19690530-215911FIN196921969040119690530    4666694303.67     266013086.71        0.73        0.62        0.06     816470513.16  925792084579.29    3703599204.41    363414456    4318144890000000150
19690531-095705FIN196921969040119690531    5809103323.25    1075811417.50        2.46        2.25        0.19     353308386.71  100880621772.74     843315741.38    437419867    477131847XDnNdfGcCiNIOwdZoWMTZgVYEOsHLSH                             
19690601-062229FIN196921969040119690601    7999363800.16    4058915702.08        4.32        3.83        0.51     379555471.57  802592264078.44    6781718920.15    938977473   10587872720000000016
19690601-175224FIN196921969040119690601    6178749114.36     870292312.89        5.84        5.42        0.14      76850759.35  356123389205.42    4684709777.27    149132155    160536498yJZRFbHLdseBeTnJIpEmTJtfrrDaEFBWyS                          
19690602-030505FIN196921969040119690602    5271227253.04    2865393430.44        4.99        4.73        0.54     376567249.05  296512371903.94    6430706422.19    573903228    605633881SPxWWxntruWsXkUhrLeUTFIRwNluEpnOeOAYsCBLnc                  
19690602-103715FIN196921969040119690602    1578184360.71     265580635.01        3.65        3.39        0.17     747297289.48  734804503916.08    3171649614.04     72831479     78389657vnbESGDLPDBDVwsKNSXPqRYLGXjuxVJrQDsEcEVAYIyXWMFThaGbMIZNd   
19690603-013103FIN196921969040119690603    6668327893.42    2616969614.26       10.67        9.27        0.39     841911439.43  717433716122.47    1366200026.16    245206464    2823732850000000143
19690603-183629FIN196921969040119690603    8900008252.08    1497232448.81        2.48        2.14        0.17     546836260.75  684346760056.87    9998758818.81    602880120    6984068890000000153
19690603-220952FIN196921969040119690603    7496707525.78     535485164.69        0.63        0.54        0.07     705861221.15  253933269325.16    2303269376.58    848121438    9930077060000000104
19690603-230843FIN196921969040119690603    1852102644.59     396527142.67        1.92        1.66        0.21      24509428.51  313254290302.38    5083455546.43    206077333    2390050820000000018
19690604-030349FIN196921969040119690604      51689852.27      21291523.52        0.04        0.04        0.41     657792231.24  679071216459.10    9528288454.77    499401623    517991179KsLBXnElVKdTMXGCGoOrJDQaBpHiZwbprNnHXjI                     
19690604-073156FIN196921969040119690604    4754426655.83    1203683460.08        3.92        3.42        0.25      22250727.24  404778165426.70    5945829828.92    307442174    3519630630000000085
19690604-102814FIN196921969040119690604    3096136612.76     100560248.19        0.11        0.10        0.03     422445604.63   17496741242.40    3211033973.36    934791213   10317040820000000014
19690605-041330FIN196921969040119690605    7160370570.47    2077571918.75        5.38        4.73        0.29     378510905.19  173886762051.62    9171786372.70    386136753    439435231HEGOhdnxjYISpGXhRRUQahEU                                    
19690605-155627FIN196921969040119690605    5575032048.59    1857851721.69        3.81        3.37        0.33     479123579.41  310831736112.24    8985038013.61    487082934    5510693450000000057
19690605-202802FIN196921969040119690605    2024405344.43     978399629.99        1.53        1.28        0.48     820063342.01   35857984298.37    8158775132.82    640786277    7651607360000000061
19690606-103317FIN196921969040119690606    7972713169.32    4124293966.22       32.36       30.21        0.52     208848047.39  159141300221.21    7555476547.78    127458324    1365022590000000127
19690606-233410FIN196921969040119690606    6464151112.36     119153312.98        0.14        0.14        0.02     233795273.61  377840916939.50    3489533372.86    824202079    8708422560000000053
19690607-003206FIN196921969040119690607    8253515733.05     409376482.98        0.57        0.54        0.05     470601309.94  701382853604.98     194089451.78    712009525    7516710750000000100
19690607-171652FIN196921969040119690607    5091263411.09    1364432952.07        1.70        1.62        0.27      89333486.23  251673668012.73     831110370.29    803454875    8405845600000000006
19690608-112601FIN196921969040119690608    1411873083.38     786334672.23        4.29        3.73        0.56     129286860.54  729013978919.31    1645070827.37    183164947    2105746740000000043
19690608-120510FIN196921969040119690608    5823482006.86    2231396673.15        7.41        7.01        0.38     753179478.19  691388911443.45    3693587656.25    301027978    318462056QFRbFMIOhFIvNDHHKUIHIwUDsyiGpkDUVMQO                        
19690609-063930FIN196921969040119690609    7681823795.77     659458247.08        0.79        0.68        0.09     138014354.01  942642292060.35    9571109426.02    838794328    9648441420000000138
19690610-004215FIN196921969040119690610    4135405668.37    2516282077.74        5.61        4.80        0.61     408756307.32  973931700390.21    8415959869.45    448495028    524010548zScyndwxOcLUXIwtrdKPFPDeQiYudN                              
19690610-131708FIN196921969040119690610    1443861584.63     404459032.62        0.85        0.72        0.28     617479082.94  211777014086.01    2115817233.40    473662246    563733817aaCRGOKapDAmHhNFT                                           
19690611-120047FIN196921969040119690611    6181581020.40    1757359411.70        4.58        3.82        0.28     576004850.19  625103003037.76     174132268.28    383437808    459673474VRCqMDchijxAuePBgjywAGgqrVRBEFpiTlAyRVbIdJsaEVtlYWHXc       
19690612-000611FIN196921969040119690612    7557089950.39    3628678391.07       39.26       34.42        0.48     402240807.69  794195219034.97    3026851143.51     92427822    105435832caOaabgKJQaXSZiUGJIHBtXLntUfKAkQvMDyj                       
19690612-005735FIN196921969040119690612    7576834091.28    5283229519.17       52.88       46.62        0.70     816789772.05  948938517635.20    8191077264.97     99900701    1133214560000000044
19690612-194942FIN196921969040119690612    9954243780.03     595614203.03        2.19        2.05        0.06     496473320.91  359848914994.77    4430942726.68    271890516    290056701bDehSFMUUzvBayHEfHPXduNBnPkf                                
19690613-085210FIN196921969040119690613    8662926664.78    2366265196.36        9.91        8.54        0.27      20353716.06  879066067938.09    2417116895.31    238816564    2769802920000000106
19690613-141713SECAAAAAAAAAAAAALZCOMMONACTVFfLjsDnnmKSasirhFdiuJSwBrYnatCXjdcGVLxAcMcKJIXK                       NASDAQ576313044    1952021418850907        2.46RICOfhFDpPHwKRHsmPHYTpTzGDeJMQruPEEdPICrMiweHGwOFQYNoQXZWIjN
19690614-080237SECAAAAAAAAAAAAALRCOMMONACTVijgtGC SyORtQWbTWUURwuU uSQZeMFCRSMHZpoIuCMEJYzPObrfSvCU              AMEX  71408293     1900041718561107        2.77VXpGhfFbmgISLSMZVQlpBtNxkRhiLKvoTFIEKvFgIOL                 
19690614-194402SECAAAAAAAAAAAAAMCCOMMONACTVHWASOYxzaVGq CrhNaXzkLuQJNFlZ KOQLDHbLtVRdSBNEqJDsYDjVnQjFRudWhUQ     PCX   644324981    1861030319191010        0.640000000148
19690614-221222CMPJCFOaBxNVpRmAPrlOMHhDbxMXtDSIqOWAypHKArsJlVKEInHOA          0000000160ACTVOOL   1867061214285 Kimberley South                                                                                                                                           23254       San Bernardino           Quebec              United States of AmericaBednarik                                      GoUbokPCoTkICfPETwnyUqfBEYK                                                                                                                           
19690615-033155SECAAAAAAAAAAAAALUCOMMONACTVyihSMxVGScYpxoawXPceTACMneKALFrFBrfIGXOcYlQRxKU                       NYSE  244047231    1865111318670613        0.90XiKcfZmoGQnBHAdYEzmdTwSdbIDPEXDvLJbgRSdkrsLGrsJIESgMl       
19690615-142831CMPUxwoFfdmLfKmuJCZStrMNOScJQzWthcXUUiyvsPHTsRlAJPOiKyvchxt    0000000014INACACB+  1939012524277 Pico Upper                                                                                                                                                35823       Anchorage                TX                  United States of AmericaMantini                                       iugHxskDEQORGLXHTHBgyWEWIrpgIQXkYiSNiouZINKVezIoRIfStLvfcrA ekjifGHetXpnnLSEmMuvNxtkxtLVADBTCDfJlBBuRRyrXtnzcJYpVeqf DFQETDDEPg                       
19690616-022230SECAAAAAAAAAAAAABPCOMMONACTVjMvvP CkcXgvPgKKzSOSSbXAzBbOq                                         AMEX  492150265    1906032719401028        2.510000000044
19690616-142351SECAAAAAAAAAAAAALXPREF_AACTVeMNjMwfgwHsSYGzdIJisGFzRMKlmtWEEGgfMTHKYG                             NYSE  199165933    1909010119460220        1.14zjoKtxCKSTNWLpRzJEjyVWiVEuzmYUTLdbyRHLSIgDUbYquZsCvOKJvFaWMu
19690616-190714SECAAAAAAAAAAAAALPPREF_BACTVZSEIViyyyvutHyHOQPnpDxYoPwcssfHxrBTOcJGulJRwNgPRAXFEVGDGOPWyGbPxenKn  NYSE  450802319    1908082718810306        2.05bDehSFMUUzvBayHEfHPXduNBnPkf                                
19690617-131225SECAAAAAAAAAAAAAMACOMMONACTVsyImMzwGiqye GsUbKqJwRHv WlxnUT mzCiZwWPA                             NYSE  615443118    1967082319520320        2.69bDehSFMUUzvBayHEfHPXduNBnPkf                                
19690617-231537CMPhLJBQUzrFVOXJcPWoMTCtDJWVHTNVVRwBxaKF                       0000000162ACTVFOf   186405201060 Blythe Court                                                               Apt. 434                                                                        95136       Minneapolis              VA                  United States of AmericaMcalevy                                       PglYBFnIcRhRZCRukdPdIVmBQEFkcDPjLRgthFtKzZW                                                                                                           
19690618-183237CMPNXYlMCOvkZMdSTGmlcsYmASEslwTXZUhRGxeSFvRN                   0000000157ACTVADD   188606103782 Ethridge East                                                                                                                                              E7O 1L3     Mesa                     IN                  United States of AmericaLogan                                         HTEhbSWwKInHLQMnPIlsfUbsMAOQJSKrGnoWMjGFrrqBSGrpOBhpBhAjIAODyQKfLJAWqhs                                                                               
19690619-120430SECAAAAAAAAAAAAALSPREF_BACTVTDuaYSLgUJrZKfXTbcoIEAeThDRPtCvmoQCvwFLOSlPUGRrgPzUEEGkXmQMF YXeRW    NASDAQ657027330    1896072019460806        2.540000000009
19690620-021559SECAAAAAAAAAAAAAMDCOMMONACTVVEzZDHOxYUMJfWzpDvzJNNETBNgNdGQipBXlAEqMixfokC                        PCX   852837850    1910102019630426        2.57SAFZEJLLiMLuOrGrCmR                                         
19690621-003330SECAAAAAAAAAAAAALVCOMMONACTVlagvRDMKsyul                                                          NASDAQ939801844    1955060319630703        0.30OQrOAucqBZdHWTvrsGTQqDUAJesbyHxtJHEzCHKBOOQPPk              
19690621-150406CMPVZFBRwvFHyQCUMDVoBLLIIBmacVsHPTyOUvhQJtRzByXxTqcURyaA       0000000164ACTVAEBBB 189504238130 Westerley Court                                                                                                                                            90070       St. Catharines           KS                  Canada                  Courteau                                      XjSlePKIdenHMzacJCOpyvQiuqBeHKvZHTFEEvHLUvUAPSUnpQCGzcPqkLKSdCZVOMXnQsZZLVHIHTMvohMhhwBNPBDESoOAXGaXUYGmozUzjgPeUGJHk QkrOOGxf                        
19690622-142519CMPIYXYDYXzMPNoklZTdipMzRqgCNIOKJHazWaAqvQYkNmrDITClMRGjaTm    0000000159ACTVCDCCC 1908121714276 Cedar Springs East                                                                                                                                        V6I 1V3     Rochester                AK                  United States of AmericaTopalian                                      UJttEUUmXghRnPhEOuPWy SYVGLShMkxQoFMvumUEQEE                                                                                                          
19690622-212353CMPAChNrBRFTkjZjDXSGVlG                                        0000000051ACTVRSA   1957102523355 Williams Boulevard                                                                                                                                        45236       Hartford                 MS                  United States of AmericaVanscoy                                       sNPgiYOxIlfKBTFTEscPGnNRqrxXeIOkXHkoQabCfzIXDQomJcIFUCFIuCNOsEBuoj                                                                                    
19690623-183946CMPqRPVVdOiHOaRcVTAInDgjliDRKxjgWiFKZqiTVfCOkJATvp             0000000161ACTVACC   189008187387 8th Court                                                                                                                                                  45410       Los Angeles              OH                  United States of AmericaFrodge                                        AbSHFbOqycxGVHmBbBqGTSdc pZJWMxR                                                                                                                      
19690624-174037SECAAAAAAAAAAAAAFACOMMONINACNsiHDbh ewAhGiRBI                                                     NASDAQ764323867    1886082118730708        1.66jmClCXBcZwINVyetRxHbWYRbsYBIFkuIGtecXWIN                    
19690625-061010CMPSJyzkTKNVmGtmiE                                             0000000156ACTVRRB   1871112912478 Garden Brook Street                                                                                                                                       80921       Ottawa                   SC                  United States of AmericaSause                                         JEVCUFyZdZfJAqjvGOFhQPNqLRBbNkBQWxUKVqsMQDJShGQAeyZekSEoVaMqwgXLQsrQlKDkikNIbOnTtBUtE ANZKLHGwogoDELlDEFRmaTDrzzGYpLrdADdHLlaFqRnFLWrRQnPuW           
19690626-004201CMPUJvSHHJxMUEYmrOEqYVQ                                        0000000163ACTVMCAAA 1920122123282 Danvers Crescent                                                          Apt. 492                                                                        V6Z 1Q1     Reno                     British Columbia    United States of AmericaMatsubara                                     zPjXTCqYOOEOvYdIxoMRnMIHc                                                                                                                             
19690626-220412SECAAAAAAAAAAAAALYCOMMONACTViNKzgwDZhCQqDm jqFOkzhejHLRmSEJN                                      PCX   453543932    1903092118830512        1.03AChNrBRFTkjZjDXSGVlG                                        
19690627-055200SECAAAAAAAAAAAAALQCOMMONACTVQPleHQMKQXY wRefeCyBLDFh                                              AMEX  854927778    1965121919371022        2.40EsHPWeZIUldfxNQnmwk                                         
19690627-121336SECAAAAAAAAAAAAAMBCOMMONACTVgtfQacqbhCCEoMCotFnTwJiOMLJkkELtRSpRJRRawlZVwQSTMSoyQ JIMLpM          NYSE  522867322    1874102819280707        1.970000000015
19690628-080750CMPMMYHEsAdHQrXvDXqWNGKyGRnmNQy                                0000000158ACTVMTA   1899071710638 Quentin Park                                                                                                                                              74136       Fayetteville             AR                  United States of AmericaLawrence                                      ludwfBWOBFnWMpFCePPMCiSO                                                                                                                              
19690628-163338SECAAAAAAAAAAAAALTPREF_AACTVmgWEReEUHBrTRNKVGsPdipiIIXaLsRcKnqtMHrxDBP                            NASDAQ387570075    1921080418970729        1.06DhEFIsYSMqHQmxAANGFHPWdKF                                   
19690629-005405SECAAAAAAAAAAAAAMEPREF_AACTVrVlufGZjAZcIJKDx EPhCtCBBYO                                           NYSE  659462980    1925070518500608        1.640000000097
19690629-140136SECAAAAAAAAAAAAALWCOMMONACTVkpJpXYjTNhOmMkXjCTFcCXNWFIDNYqeDMCYonzsBSSCRHaXSwuLpHAAeUOaHHkJVtB    AMEX  276216712    1918020118860627        2.05ELRDIvILDRFhUOPlOdBNRoJISmXZkKmyFIXaoT                      
19690630-091605CMPoIQejJbSLBWXaQIsuHTVgYmfsffAYKYVcOoxXezynfpc                0000000165ACTVCLA+  1878042523152 Notingham North                                                                                                                                           C2B 4W5     Fayetteville             IA                  United States of AmericaRang                                          zRmpsDGWRULMRYNIWhSRAGcRGanKAlHhcx wiQCPzTLdOKBLEWHuiLbSsC                                                                                            
19690630-235958SECAAAAAAAAAAAAALOCOMMONACTVPhbZwSlMHDVuyUPPMAdpGVG KBilsTqiZIMOqThTDiHGxfododVH                  NYSE  136785809    1876062019421017        1.15eBZLwzfHUBLxsWSFpQmudmDjRXm                                 
