19720401-095146FIN197221972040119720401    9160908910.87    1496276656.54        1.79        1.57        0.16     200747833.21  440994091868.37    8069460519.25    836733131    955142713RSWvpXShAohbCnBYubXQUbMLtPavDHUQn                           
19720402-000957FIN197221972040119720402    3168845101.89     353570575.61        0.63        0.53        0.11     659944028.56  707036844131.35    6449882633.71    558417673    662230228pmVFtISJNicSLMLBUTybzczhOfHObPpMYpBqjAaxrDHJ                
19720402-110208FIN197221972040119720402    8339627702.92    5271309903.15        7.00        6.44        0.63      47669776.50  543359214884.74    8389403038.21    753241926    819019177gDqcCBxupXLOeBnjyoDuJKKpXXazMTBejzLaoxVkzpfVHbeQYNnEL       
19720402-154430FIN197221972040119720402    3029536107.92    1460696130.68        1.94        1.82        0.48     556444712.57  156860330241.26    4764950420.61    752607256    8039767410000000067
19720402-172238FIN197221972040119720402    4338478524.24    2287363621.49        6.36        5.89        0.53      58226867.49  419873505760.03    5864991832.01    359746087    388107825OKehKyGaHgbEeBcBDAnFaXwXmCfzDCIig                           
19720403-071047FIN197221972040119720403    6370386787.34     223184169.89        0.43        0.37        0.04     898507603.84   99484628438.63    8814368828.68    518090699    6059959370000000078
19720403-093239FIN197221972040119720403    3285051714.35    2050527420.60        2.77        2.64        0.62     980360160.81  971922531000.93    2051840613.50    739607226    7776624680000000201
19720403-114309FIN197221972040119720403     991922999.91     128052257.66        0.43        0.38        0.13     185662342.52  492840107368.73    7270537697.39    297028656    335564382EOMpasJigJVvYQGKVcDPddEniaOUaTojpCAmYQrUeZJEGo              
19720403-155140FIN197221972040119720403    3827956460.35    1906694309.79        1.98        1.72        0.50     122202509.22  305194111422.13    2851741844.12    960742187   11082667340000000263
19720404-064107FIN197221972040119720404    5063494909.69    1883583098.29        2.35        1.97        0.37     642416632.64  826883390909.36    7109827356.84    800235656    957396783jmClCXBcZwINVyetRxHbWYRbsYBIFkuIGtecXWIN                    
19720404-071722FIN197221972040119720404    6893975839.77    3715498889.53        7.49        7.23        0.54     566015562.05  560807773811.27    4350953252.18    495746664    513762854zSzyZVwpMSypTaf                                             
19720404-190301FIN197221972040119720404    2434882218.97     742530950.29        2.12        1.91        0.30     453681950.43  909112274837.50    8535934323.93    350995143    3890044230000000255
19720405-044033FIN197221972040119720405    7754803761.48    4454016694.88       31.23       28.39        0.57      25251815.75  587828325885.47    5242578250.07    142637470    1569030160000000007
19720405-062056FIN197221972040119720405    4659889309.05    2499385328.15        4.75        4.56        0.54     680058973.95  313848101096.19    2454529048.21    526689102    547663315AYrIhMoBIgUBkRdxKABPjIIShjxFyaWTAsK                         
19720405-100458FIN197221972040119720405    1721892025.46     979749094.92        1.21        1.17        0.57     879991917.94  768777559003.59    6272360208.40    808941208    8350342950000000019
19720405-102128FIN197221972040119720405    2439730750.06     668984579.71        2.71        2.53        0.27     149362177.90  936471742839.08    4479447669.72    246438006    264926472WtLJlcZhUpnUJhcOl                                           
19720406-010706FIN197221972040119720406    6776539227.90    4311824385.91       30.38       25.77        0.64     631877481.56  414669518786.20    9356230648.19    141919548    167296452OQrOAucqBZdHWTvrsGTQqDUAJesbyHxtJHEzCHKBOOQPPk              
19720406-155206FIN197221972040119720406    8175716516.48    4777448440.06        6.59        5.54        0.58     673654588.22  217541052618.80    9193005438.66    724835537    862246460RLjhtKlUmfoJhUDVTLrWpRzHYfKThEqzhoWNaWCnyGIpnDFEVgaiwbbY    
19720406-214825FIN197221972040119720406    8280136171.25    1397222184.28        1.89        1.60        0.17     300012804.73  963801693246.02    4628157266.48    738799996    8706332760000000173
19720407-103228FIN197221972040119720407    9711408391.21    6068049122.87       14.86       14.17        0.62     196254401.81   24740572363.52    1578465049.41    408218618    428282006UfSHWSCITBCAOZQunWBPoRwGIRuCUoPSdEQARTADOJmAyACdfM          
19720407-110154FIN197221972040119720407    1838699719.35    1231866781.88       10.98        9.20        0.67     305577712.78  922411820484.03    6954704644.43    112149406    1338300860000000016
19720407-234355FIN197221972040119720407    1178943065.95      80107176.51        8.13        7.05        0.07     442893116.75  542910967551.64    9493410771.63      9856546     113628250000000266
19720408-064746FIN197221972040119720408    6302492365.35    1879742629.84        6.76        5.94        0.30     564132622.62  821478606563.65    1334921632.14    277889530    316511567UXKSWgGTVwuzWNnUV                                           
19720408-165439FIN197221972040119720408    5975383069.62    3221870027.92        4.22        4.17        0.54     667727839.02   44301070426.18    8070231209.89    764008370    7734308760000000253
19720408-224634FIN197221972040119720408     969504894.89     263193556.88        0.33        0.31        0.27     163459875.54  845049478964.06     285427139.84    808158047    8408663270000000101
19720409-121036FIN197221972040119720409    6936789616.81    2336223215.88        3.02        2.81        0.34     591734144.79  257518709957.54    3497188465.18    774301008    832875730NDADqvWeHTUAmUatCSDcHERRuXjpHdzMqjiLgxFOplPZNfETQIO         
19720409-182412FIN197221972040119720409    9325635861.14    3958804382.57        6.75        6.43        0.42     379554853.62  110622589908.38    3910642398.69    586289139    615884282XcxyxkqjaesCOVlDpRLKOSaaUSDCxuJjG                           
19720410-094448FIN197221972040119720410    3160524656.20    1056526849.03        1.38        1.18        0.33     318091191.84  734003241619.41    6750065944.05    763358890    8920838860000000099
19720410-154127FIN197221972040119720410    4628683723.26    3053567874.50        5.59        4.90        0.66     301729621.22  259214643252.26    9389582373.82    546550361    6227825350000000057
19720411-005637FIN197221972040119720411    3264611754.30    1669825153.07       26.89       26.80        0.51      41188461.28  118338402268.71    5780734552.33     62099671     622973290000000107
19720411-102333FIN197221972040119720411    2729878456.80      35252517.58        0.04        0.03        0.01     706279241.86  987893785342.18    9176959574.22    947742319   1065359813HazhIGPeCVSzQZwuNFJTfJUbhYdYFIlCd                           
19720411-155109FIN197221972040119720411    2630175448.05     302570901.77        1.76        1.70        0.12     790725257.32  930639902242.11    8112557318.68    171520287    178110226dfFANecQKvrSQgzQKpIQVdGVbtGsTGppLzsrQESzNGrlVGjjGlGEuMtSRXwM
19720411-185900FIN197221972040119720411    2579381713.53    1229720705.81        2.13        1.89        0.48     865990417.32  649868403447.54    7626464268.51    577551026    649153886oIQejJbSLBWXaQIsuHTVgYmfsffAYKYVcOoxXezynfpc                
19720412-025333FIN197221972040119720412    3234885651.11     684063928.98       78.33       76.02        0.21     453378033.09  370631725181.52    8424473491.17      8732963      8998133ONhcAQwlnmqCCWDoczkXiLhbZXsEJrEEXDUBOGQFbkIMJyvn            
19720412-025728FIN197221972040119720412    7274336560.51     802892813.25        2.17        1.83        0.11     772983151.56  862426936716.74    4469040972.98    370133034    438746918NkpmsBILljFbVIAskKSudkLAIHYbeCnBzSVbIcIypZcePYIXqxdlNs      
19720412-154334FIN197221972040119720412    2944021900.49     842646298.81        0.91        0.81        0.29      90430019.56  269104936761.65    6851324538.18    926074629   10402989980000000212
19720413-031906FIN197221972040119720413    8136689816.38     730183065.11        0.80        0.79        0.09      61545834.65  390246521935.74    6402363876.79    916328099    929549971FXFYeNQJTmypAWxzHPOBgNFDcXaQQFB                             
19720413-042623FIN197221972040119720413    7475083988.64    3979834428.02        5.59        5.51        0.53     914887770.61   28775009701.45    4192387938.67    711751444    7226435250000000053
19720413-100006FIN197221972040119720413    9940854640.52    5020707959.08        6.11        5.18        0.51     872041751.25  654324974979.36    6132665546.44    821888150    9700350740000000273
19720413-163249FIN197221972040119720413    9581328785.07     649822432.78        4.90        4.11        0.07     488294484.25  873302621584.36    6152510728.64    132638038    1580793100000000144
19720413-185714FIN197221972040119720413    2840312027.41     222872208.50        0.31        0.27        0.08     504190896.70  376747292809.40    9188481264.54    713465949    825128212KoviRxUIRFITXCLew                                           
19720414-090527FIN197221972040119720414    2177173379.60     582218371.79        0.70        0.67        0.27      43829816.12  585609390844.61    6788321583.36    829695468    8710689950000000036
19720414-201943FIN197221972040119720414    2245666599.61     541166067.37        1.21        1.04        0.24     999272320.62  400351453546.14    5967138076.55    448660975    520709714bqfvTyldyQqhQaQgOFO                                         
19720415-021132FIN197221972040119720415    4410564142.09    1910116860.13        3.10        3.03        0.43     927636016.09   56394534883.22     514701240.36    616171084    629738114RIoafLXyzvuVdAypgRHDbVyCNFqJLTgbS                           
19720415-061817FIN197221972040119720415    9896538823.12    2408136151.53       23.36       22.59        0.24     800773439.32  918832240380.14    1741080996.63    103103425    1066055740000000254
19720415-160019FIN197221972040119720415    8288157708.60    1335693371.01        1.79        1.52        0.16     380036661.33  355769097864.92    3691836009.50    744685895    8765461550000000164
19720415-175255FIN197221972040119720415    4067733063.24    1189454016.88        1.75        1.59        0.29     176420058.01  673214570946.02    2355164182.88    681022589    7472059460000000096
19720415-225439FIN197221972040119720415    7301956281.17    1236031984.11        4.38        3.72        0.17     397778368.69  842323497431.56    9077146842.11    282306198    332376578HxzoYsDAKSPENhVFhNKSkKmGIMCcGmnILQJPtbDNGKngRypBIdcTCrF     
19720416-002655FIN197221972040119720416    2660382768.42     119330243.11        0.15        0.14        0.04     178440630.38  325871332540.26    8603686612.06    777465983    8243926230000000204
19720416-131101FIN197221972040119720416    1194854482.22     451336576.89        0.81        0.81        0.38     855267821.24  826551455164.19    9767665375.79    553938830    557003719oHqcAiSKTrHsULLyJUDMmFLLtVnVfUxPcpvknqfqbnhFycoSbFZvePIdVmZ 
19720416-211629FIN197221972040119720416    4712966267.15    3250426246.83        6.36        5.43        0.69      60892673.28  904078390495.96    3118852902.13    511168397    598530837vnbESGDLPDBDVwsKNSXPqRYLGXjuxVJrQDsEcEVAYIyXWMFThaGbMIZNd   
19720417-064702FIN197221972040119720417    9323459924.01    4970126309.51       10.03        8.56        0.53     698698254.78  973394000759.87    4878783229.92    495393279    5805147750000000178
19720417-222846FIN197221972040119720417    7490190472.77     101620847.87        0.12        0.10        0.01     521090784.86  565113660653.14    8140156453.50    841196251    989436837XUhuCIMVvmnSqMBPsPTqVPeOhOJjWFWHqbzvsVmNTAFOvA              
19720418-105756FIN197221972040119720418     403625356.09     200898663.28        3.49        3.31        0.50     861821696.99  911545955983.53    5837845287.63     57520878     60643867YtvHEQBjudJlIIctWcFxmnzyLLXwZIjQbTYYSJjShQPPW               
19720418-211839FIN197221972040119720418    3588168206.92     936347745.80        1.29        1.23        0.26     874512884.85  226656549395.68    4129686681.16    724829526    7603906770000000225
19720418-222059FIN197221972040119720418    6065715074.75    3096880455.63       61.89       56.40        0.51      68145102.47  673163090581.47     228406951.98     50039283     549058880000000258
19720419-045415FIN197221972040119720419    7279980912.43     530578020.75        4.15        4.15        0.07     779599866.00  358178879384.95    5123341811.84    127786449    127874104UKFcnKTFeKKrDiCQaSvHKASfMHqqwaibByIFXMzCNUKdDSAl            
19720419-133013FIN197221972040119720419    1331510231.10     479999260.87        0.54        0.50        0.36      44167598.73   27580750871.04     960380617.48    886643262    9628720450000000234
19720419-154649FIN197221972040119720419    2336638390.06    1589091354.00       11.78       10.32        0.68     533305087.66   90175892276.25    3907121828.58    134921156    1539120280000000045
19720420-065644FIN197221972040119720420    2186067068.96     623068700.08        0.70        0.66        0.29     832376647.77  577207510742.87    7363216182.45    890666843    941083847uBBFBUhgSRFtzQIYXtbEFRe                                     
19720420-223105FIN197221972040119720420    9098146898.13    1669314877.99        3.46        2.92        0.18      92258499.15   18079477149.16    8924965417.32    482280649    5726116970000000267
19720421-134858FIN197221972040119720421    8270973889.29    5482185020.16      107.21      100.39        0.66     516874952.01  309914757514.65    2323243578.33     51133547     54611086LKCNUwwVcHHCDVwSxILaphVOqaSQACIMfdTAl                       
19720422-002245FIN197221972040119720422    6876187997.29     555991705.33        3.03        2.65        0.08     335005231.56  877332845098.28    3602633377.15    183371584    210123656NXYlMCOvkZMdSTGmlcsYmASEslwTXZUhRGxeSFvRN                   
19720422-014503FIN197221972040119720422    6365472844.18    2117977148.99       10.31        8.88        0.33     507135187.33  526244991425.74    2048363275.04    205505123    238382791qNiTaifXkCYIMerIPWjQOUJQOrpXZUVLYpDp                        
19720422-095516FIN197221972040119720422     765535391.57     469606696.07        2.37        2.12        0.61     729492660.07  405666052726.77     940389979.55    198324115    2214379170000000015
19720422-123339FIN197221972040119720422    8506639139.79     780621345.89        0.80        0.74        0.09     931441781.74  351431588620.74    2757627772.98    980046225   10610950470000000208
19720423-024507FIN197221972040119720423    3053588819.67    1682535246.70        1.80        1.69        0.55     920342637.49  955344358683.13    7106640462.59    932369249    9944840230000000200
19720423-030440FIN197221972040119720423    9173078996.24    2058684750.91        7.20        6.75        0.22     960153883.23  662967654842.55    6604291014.87    285914316    305105150bqxEENiCeuJtRlUKFwhdKteH                                    
19720423-163037FIN197221972040119720423    5810763600.64    3522424861.19      165.75      152.17        0.61     828811443.10  283467393542.64    6380614655.13     21250886     231482100000000250
19720423-194555FIN197221972040119720423    2518733941.61     338643669.32        0.59        0.58        0.13      95434366.68  445372240864.30    2142405708.69    572748034    5827728780000000156
19720424-040010FIN197221972040119720424    8272731435.23     522298986.12        4.42        3.90        0.06      80845926.24  799083382463.84    4583656692.33    118235634    1339600790000000237
19720424-121159FIN197221972040119720424    2437596936.03     306257327.52        0.75        0.71        0.13     948053002.74  861664947786.70    2370028568.08    408602134    4293278840000000167
19720424-155950FIN197221972040119720424    8700241228.87    5332747310.16        9.89        9.29        0.61     710590526.26  771786792632.37    8136090595.15    539374454    5738794390000000149
19720424-223655FIN197221972040119720424    7963860708.73    3360170641.28        5.43        4.54        0.42      77180916.60  717987018407.98     473069822.15    618865129    7406150270000000064
19720425-103652FIN197221972040119720425    9048244302.39    1701044058.23        4.83        4.48        0.19     604091868.39  342717482885.28    2929290741.51    351880325    3796793040000000022
19720426-022003FIN197221972040119720426    8009998147.67    5042558584.31       16.79       15.91        0.63     456840898.80  475516307266.24    1411815444.03    300419159    316983753KmmVMAnFFPQmIEPRJFeYqLOdwxWQuDObsQcTKGNrrp                  
19720426-123745FIN197221972040119720426    1710854121.48      35430677.46        0.06        0.06        0.02     145031014.77  348978637616.69    7923391208.59    556407899    589877399PbZdBtNVFkoHUVrXoPHrheGsXLJgIHgHTAbSKZsIPv                  
19720426-205304FIN197221972040119720426    4188456173.88    2503120438.11       34.88       30.66        0.60     406646173.71  864235971624.85    4103422249.44     71770958     816437270000000274
19720426-212515FIN197221972040119720426    3101320380.19    1860773963.35       30.16       26.12        0.60      61692643.19  412009544336.42    8913666879.06     61696736     712453470000000170
19720426-234214FIN197221972040119720426    5559709071.61     341324386.73        1.04        0.90        0.06     465062716.55  720077733094.18    3150011883.23    327951233    378980463PTNTHCLWsriUMNBFhDQDGtmBPPNiLOSaNy                          
19720427-104316FIN197221972040119720427    8328184198.88    1582726775.55       17.76       15.88        0.19     753693833.24  809853428213.48      88419801.59     89133167     996928840000000118
19720427-185402FIN197221972040119720427    1359045217.29      11993515.63        0.03        0.02        0.01     247523206.55  695811612675.13    1759764961.73    466819681    5033942130000000000
19720428-015807FIN197221972040119720428    7236478464.94    4535004129.80       13.83       11.61        0.63     656970212.33  837515283027.43    3193056701.86    327934530    3904515290000000034
19720428-064338FIN197221972040119720428    5096470057.91    2382087766.56        8.74        7.62        0.47     842958930.97  506004710898.92    9032448473.42    272524185    3127015450000000186
19720428-175156FIN197221972040119720428     756225738.05     381747674.86        0.48        0.40        0.50     778056497.66  303631176021.27    3129653583.35    799677321    9477712160000000094
19720429-044204FIN197221972040119720429    4033061196.25     978685457.05        2.71        2.30        0.24     791504932.32  654099698436.75    7529130446.65    360531793    4251274480000000059
19720429-145929FIN197221972040119720429    8599602497.49    5604813782.80        6.44        5.72        0.65      60918355.52   35869563005.26    4797308377.58    869737173    980031455GZYLRjrimaTBIzBBifAOowqfEgITGEQXq                           
19720430-015128FIN197221972040119720430    4471813898.28    1816118611.85        1.90        1.62        0.41     313613032.83  432211084188.55    8156752454.89    953942344   11214299700000000030
19720430-043425FIN197221972040119720430    8175239089.62     789571472.36        9.58        9.49        0.10     747402020.58  744575754092.40    8405003880.04     82461696     83181619zZCyFkqieiPsUGvBJwvhXNW                                     
19720430-071811FIN197221972040119720430     926250014.74     480196007.16       18.56       15.57        0.52     949215498.16  541172808966.27    4563229396.32     25869378     308490710000000002
19720430-182521FIN197221972040119720430    6709340906.53    3078619301.61        3.08        2.90        0.46      44684364.51  652178887578.79    5769794566.05    999497551   10633636790000000189
19720430-223741FIN197221972040119720430    1219131218.13     441965622.49        0.62        0.57        0.36      50539927.07  759412769699.45    5252767409.71    718568208    768681765KsLBXnElVKdTMXGCGoOrJDQaBpHiZwbprNnHXjI                     
19720501-084724FIN197221972040119720501    1268700737.90     381252007.88        1.09        0.99        0.30     499406518.65  975468016276.06    4712619592.48    351369098    3848498380000000084
19720501-095554FIN197221972040119720501    3877145630.06    2404841509.37        5.34        4.82        0.62     856726580.14  829106460955.45    9506687485.36    450176622    498827665ILluFBdLbXRPNPnaiojyEqsGqUArncqWACvKTGoQnLdlqc              
19720501-201306FIN197221972040119720501    1817591732.92     586944380.37        0.72        0.67        0.32     466133515.51  545279681380.37    1920385060.40    811473581    8698242870000000179
19720501-221322FIN197221972040119720501    2321339280.54     719183797.15        0.94        0.88        0.31     964042295.29  624934450058.54    6381811905.53    761116784    8171393330000000077
19720502-083321FIN197221972040119720502    7185280493.30     830322217.85        2.13        1.91        0.12     890499829.30  566683102759.81    1052526458.93    390660737    434347702tWwKapCDGKDqBvwDJQvKfXxUMzFDUXQBf                           
19720502-200759FIN197221972040119720502    7569793702.17     815735657.73        2.85        2.45        0.11     226275028.00  469113154238.44    3588598441.21    286546462    3330723900000000220
19720503-021553FIN197221972040119720503    8898356702.74    4816941241.93        6.64        5.93        0.54     434838620.88  291802281689.05    4852728748.73    725704105    811784673mqXmkgPPhQUGVluJIDZDxHwwoISSW                               
19720503-053822FIN197221972040119720503     654138216.66     413195456.01        0.46        0.43        0.63     591006534.88  197752449394.31    9450779080.36    905671319    957984297HQSomNnImHMmdRDYNPNRfwVyMKUAVMlSvTbZnNezGMUJSTdgdELs        
19720503-114429FIN197221972040119720503    8668018429.46    4852977243.79        5.40        5.03        0.56     831398890.06  113739467042.16    6993128065.26    899100818    964420999VIwCayPvwhogOnJYXzNaeJARKVRQdTJzLSKMYmjqiITvCVKAMRRJCa      
19720503-220509FIN197221972040119720503    5372956792.59    2726039788.53        2.90        2.56        0.51     408019276.92  659620298825.84    3779549782.66    941359888   10632138840000000247
19720504-100053FIN197221972040119720504    7774458207.38    3954348753.32       33.53       31.46        0.51     388909268.98  605903823771.58    5870393851.87    117935609    125694186kCGxWShTICEMykTPjwUmen                                      
19720504-205344FIN197221972040119720504    1942625453.99     772142903.83        4.08        3.68        0.40     438838479.58  145421703223.36    2000408242.89    189360041    209980014XpkDkREvygUBRrUJBn                                          
19720505-091800FIN197221972040119720505    9579177013.40    2028048303.72        2.55        2.36        0.21     453719750.96  982231264844.76    3215232480.86    795029524    857960359EVnyFUGFEJmFNaFNVU                                          
19720506-004935FIN197221972040119720506    8615476643.39    5272362653.40       18.07       15.20        0.61     522945433.68  317628345800.01    7168374393.98    291709474    3468040170000000110
19720506-063926FIN197221972040119720506    4442691962.86     514791514.57        2.21        2.08        0.12      69810885.81   95753788408.24    9699226320.36    232499535    2476266660000000256
19720506-152458FIN197221972040119720506    3631023619.94    2392415218.39        6.66        6.55        0.66     216429062.29  768574985552.54    6223232359.23    359349037    3651802730000000127
19720506-164337FIN197221972040119720506    9127260272.28    5681292475.92       19.27       16.75        0.62     889643353.89  149933680403.96     340435377.21    294855357    339114139mBRtpjNBECQCRiWtjEutqI                                      
19720507-044408FIN197221972040119720507    7414460553.21    4982470616.63        6.24        5.69        0.67     137404363.00  587274572511.06    7227636011.91    798048564    8764135630000000238
19720507-140631FIN197221972040119720507    3653837942.71    1864826711.55       13.55       11.40        0.51      97354675.38  274396314408.98    2346402685.15    137636478    1635615790000000259
19720507-225628FIN197221972040119720507    5337620004.49     722267884.94        1.42        1.28        0.14     630253896.48  468257657355.86    2406114036.78    510257237    5650184370000000081
19720508-053408FIN197221972040119720508    9810348049.67    6062690737.44        8.11        7.00        0.62     365991193.93  241231007959.29    4746498867.38    747156818    866635923ziJohMcvsgUVqHyXNSwWAqFRxoSF                                
19720508-063636FIN197221972040119720508    5405583637.29     443917537.60        1.71        1.51        0.08     474184746.28  332368960006.65      23017712.87    260236220    2939903070000000194
19720508-203000FIN197221972040119720508    8865906277.30    3507157826.87        4.53        4.47        0.40     155076163.50  786271548362.48    5672811065.42    774836640    783954579MsyYBSXNmpCCDtQsKITr                                        
19720509-001219FIN197221972040119720509    4384143859.57    2974938747.16       26.58       22.55        0.68     195761174.49  581768460537.38    5926672979.32    111906109    131930370jlkBZXPcVEbEkvquHcRWHHHVGNQxJWnBWpCCCKENWGMjHFABR           
19720509-011511FIN197221972040119720509    6721909306.74    1199045243.13        1.36        1.21        0.18     487839408.71  932342960692.92    7100031456.35    884063452    9901436580000000275
19720509-144612FIN197221972040119720509    1204626991.31     405097179.14        0.99        0.95        0.34     946053403.96  543669175944.24    7249312059.93    410872397    4245640920000000136
19720509-170137FIN197221972040119720509    1416436090.44     256899381.46        0.85        0.80        0.18     859787182.59  109580518043.51    5434608174.39    300983848    319543214EVDrXsEiEnLdzKgVPyHxGfRHFwSXDLmBVPRuIGzcczcxVVXFnGDnNgo     
19720509-172547FIN197221972040119720509    7592472978.17     430840278.83        0.57        0.55        0.06     607036477.31  913834504696.46    6224768128.19    755635432    7795011360000000210
19720510-073131FIN197221972040119720510    1529765909.21     487758824.48        0.74        0.72        0.32     241215667.39  802116360669.56     501074880.73    654759804    6815589220000000131
19720510-162854FIN197221972040119720510    7187976470.15    2934182478.53        3.30        3.12        0.41     695393298.91   54598293056.63    1425044867.80    889791514    9401623430000000029
19720510-234813FIN197221972040119720510    6009905958.33    1776433132.72        2.35        2.14        0.30     391856411.17  987277790986.44    2219063620.22    754980861    8301853760000000024
19720511-110311FIN197221972040119720511    5624752107.14     843639023.36        0.96        0.94        0.15     347120469.54  228145643416.12    4623243858.61    874556375    899447540QNZUltgBGCXGYshw                                            
19720511-121635FIN197221972040119720511    8035121887.63    3502984473.82        4.79        4.72        0.44     632144195.46   77335859944.20    6775597327.28    731208899    7426751640000000051
19720511-180620FIN197221972040119720511    8169872604.14     550255564.96        0.56        0.51        0.07     936239426.94  670568282475.57    7036344280.43    982871401   1073681575zjoKtxCKSTNWLpRzJEjyVWiVEuzmYUTLdbyRHLSIgDUbYquZsCvOKJvFaWMu
19720512-054915FIN197221972040119720512    8814098214.08    1540684756.93        9.73        8.18        0.17     455397549.31  251616788620.92    6964097038.42    158374646    1882489240000000218
19720512-063352FIN197221972040119720512    7751295759.37    1182524671.94        2.23        2.17        0.15     965157784.38  662921671103.75     853329346.01    529761152    5450999020000000233
19720512-150256FIN197221972040119720512    3132603024.34    1166905334.41        1.71        1.43        0.37     933261154.65  518374929826.79    6397957523.00    680925826    816840483rflAKFDXHCAcNmwLNJTMIvxdoAJIIC                              
19720512-234342FIN197221972040119720512    2136520558.69     591305594.42        9.51        8.45        0.28      20664878.98  569027808221.54    8401926923.46     62191835     699801570000000050
19720513-070004FIN197221972040119720513    4433690156.56     926776192.81        8.69        8.15        0.21     487504861.60  798109062919.59    6089627053.53    106702938    1137346060000000123
19720513-191304FIN197221972040119720513    3739878427.73    1831444903.94        5.39        4.92        0.49      86573442.97  641287194299.02    1332754362.09    339653020    371975226JNrlzArRLtDOXxp                                             
19720513-220820FIN197221972040119720513    9220931158.75    4973110546.06       17.70       17.36        0.54      41840379.22  623626478976.69    4620810913.25    281029447    286402521dBBCsCzeivSxrOWJZkMbNfLitfJSVqvvAy                          
19720513-224600FIN197221972040119720513    2834055001.14    1651956052.25        3.30        3.01        0.58     702416588.19  581074020131.93    6425972841.74    500188209    5480299280000000092
19720513-225834FIN197221972040119720513    5917067436.89    3347326988.68       10.99        9.83        0.57     750229071.17  484032975329.28    2663624383.12    304570547    3406670150000000063
19720514-000109FIN197221972040119720514    8052036127.27     460893716.69        0.84        0.78        0.06     781367263.65  879752038991.59    4842772763.66    547245030    592942122aoTgMQQOVPapOXWxUW                                          
19720514-092851FIN197221972040119720514    9132833705.24    4271209468.07        5.07        4.71        0.47     298282644.48  689512422779.80    4761098077.58    842565742    906187398MCUMedIwKXKWmxZtjKLGmNhZVZwXLheDyjZaNegMuWB                 
19720514-211343FIN197221972040119720514    8293178353.48    5221403820.90       35.17       35.04        0.63     103978286.15  653786766982.48    5865412429.08    148451939    1490044890000000160
19720515-043211FIN197221972040119720515    3653407326.48     993561140.29        5.37        4.55        0.27     443089886.92  885442969247.36    2325707903.64    185076988    218411189eMeEGklgXHxDbHmSKMgdNjtvbmqrnPkesDKCAFGtvoUrQw              
19720515-164235FIN197221972040119720515    3138637811.49     429276886.38        1.65        1.40        0.14     622433730.84  657924401572.50    1641832106.61    260173478    305714123vDOkAbyNyfNiUAoMMxwWWTIWEYeJPfPRnnjcwmlWawDedDa             
19720515-174858FIN197221972040119720515    7869457334.43    1697657714.16        3.06        2.57        0.22     720732620.29  761084693273.95    2213967757.11    555041207    6614265460000000227
19720516-010516FIN197221972040119720516    9557605775.53     260512638.02        2.20        1.86        0.03     432958894.49  197211326725.06    3225705455.38    118640506    139931077KwGGHtkLxtWGPwoGFVBKTqHdHhmZbSsgyyHfJEsFJbOuJAQfYzTNZNcIDF  
19720516-073946FIN197221972040119720516    6866880407.64    3185850583.22        5.53        4.78        0.46     403604824.72  158456003281.14    9598107249.47    576091129    666473972WCJJAitQbHnCKfmKEVEELEBjYtHsVGTBpOMMCLXEadMPRGRTA           
19720516-220908FIN197221972040119720516    8370527384.00    5778627311.21      113.38      101.06        0.69     936159359.82  440015093543.58    9007467174.14     50965964     571791720000000161
19720517-040805FIN197221972040119720517    3914807496.43     453920032.44        0.57        0.54        0.12     878876782.06  130985336185.28     352111922.14    801685031    848378607jUcWBvgxKjCwRpvXoIjBbXiBA                                   
19720517-130941FIN197221972040119720517    4922901172.35    1453281427.69        1.85        1.71        0.30     343538251.48   76712199318.87    6794005968.66    785992169    8478272870000000192
19720517-172019FIN197221972040119720517    4911050793.73    3151229457.87       13.52       11.65        0.64     214056578.54  188212008890.19    7898797949.76    233110897    270386704XRHEsIMnqEiPOnfAJBLTVbfGKETfCFVYROPP                        
19720518-075954FIN197221972040119720518    7012585105.26    1984074390.26        3.67        3.37        0.28     344999456.02  149730274726.99    1525718914.00    541074334    589591025sEdXWlAyBGoFClpXvyNNafsKbfeEnSrT                            
19720518-142844FIN197221972040119720518    5782335290.46      88676657.38        0.11        0.09        0.02     487163934.73  983502946542.04      87158914.64    838693898   10053451540000000052
19720519-051333FIN197221972040119720519    5234300323.98     294547032.12        0.35        0.31        0.06     441828751.82  472824478008.90    8625273992.89    839085581    959435007vXSEWKALOAvhIlwNVfQQBHKxBjyZoXiQNPJjmHVRQmuFFmfzfaBJyGV     
19720519-144143FIN197221972040119720519    2620367105.89    1737929262.79        1.79        1.66        0.66     433177828.80  193495210004.12    9286847861.45    972056862   10471132130000000020
19720520-044220FIN197221972040119720520    3270106445.16    1985846868.67        4.67        4.05        0.61     412691379.63  293064080036.52    8297501627.14    425209942    490300390iNHnTftjXfvHrITLJdLaYdULuwCuiDvUOwI                         
19720520-111739FIN197221972040119720520    7197991087.98    3418367038.15       15.32       14.13        0.47     617651257.28  323157037976.90    4008428020.69    223174111    241854387QTlJJPTwTIKGjWucWLFdQIFqUFDViLqZHmopzBSaxPctxonmQDYpdPzwRDD 
19720520-115314FIN197221972040119720520     730416852.91     189838098.79        0.27        0.26        0.26     240555478.98  115249598813.21    3822657714.53    698916093    7385549360000000086
19720520-184915FIN197221972040119720520    2510254901.25     159118315.13        0.18        0.17        0.06     293295285.86  778201767281.41    1940697311.53    869480036    9153003480000000211
19720521-070304FIN197221972040119720521    8716002551.69    4869480717.33      148.45      144.53        0.56     950502391.71  138042563958.29    4918336444.01     32802685     33690689CrHZqaLKlUACIOCnANOtBcGMhwNEnHp                             
19720521-081950FIN197221972040119720521    6241905491.49     792241299.73        1.91        1.88        0.13     891065013.96  938140831272.00    4116136634.17    415389621    420642573PozAgYtmghzwqacMhOFSFF                                      
19720521-231904FIN197221972040119720521    6498087525.07     345110966.22        0.41        0.40        0.05     608196613.72  634595233156.29    8041178674.67    838921120    871261954JySpXSUPXXRQAhXZYVXuSJeBKDIpCmynRTiStS                      
19720522-000215FIN197221972040119720522    6215229592.15    3092042648.63       12.17       10.16        0.50     527924000.02  663943335168.30    2109836659.66    254072546    304438450xNZnDTSoUVPNSoYdgBUPLqzOHFZzrIJQNLRxXgjb                    
19720522-145029FIN197221972040119720522    3178643590.65     343516283.44        0.55        0.46        0.11      10342004.10  176336466033.49    4536107911.09    630134870    7450312750000000040
19720523-014520FIN197221972040119720523     240953199.53      53669031.32        0.12        0.11        0.22     982416756.45   99003185631.13    3681653785.95    462726101    473503627FQCxtQRoMnVlnjwEERVRrjOJDAIyWTEKGCbBNsvTNBMQXXA             
19720523-094737FIN197221972040119720523    4495282942.95     832505560.45        0.87        0.73        0.19     137496383.36  115309876036.23    9819185523.29    956051125   11403247260000000257
19720523-143519FIN197221972040119720523    5820588173.38     986596951.22        1.27        1.15        0.17     299357889.48  819335906559.84    7221142141.28    777354413    858193951XLTxGrTTSMIeAKqzJEDWF                                       
19720523-224746FIN197221972040119720523    2335107011.99     221395439.32        0.56        0.50        0.09       3225196.37   76813509276.47    1837395067.55    392317641    4457528970000000163
19720524-062516FIN197221972040119720524    8952407917.17     843897148.68        1.04        0.93        0.09     841443259.21  808308783747.81    4275597854.11    812288947    9087027810000000168
19720524-192841FIN197221972040119720524    1107059169.35     435482803.15        1.05        0.96        0.39     150197245.81  104872634445.47    7049231178.22    415399681    452985532OVJLucFRYBOGFvuGZWfrWIXkXlBAMCEIbLeGWNDEcqjSGqJQxkWjJNbeHGX 
19720524-211028FIN197221972040119720524    4636677487.02     334189378.98        0.39        0.35        0.07     157588068.83  884359733575.36    3926602538.11    857570048    965154582eBZLwzfHUBLxsWSFpQmudmDjRXm                                 
19720525-100903FIN197221972040119720525    6081292046.05     515230697.51        0.95        0.86        0.08      14829791.28  349519821457.27    2975695534.73    544595995    5958455180000000142
19720525-101116FIN197221972040119720525     240778621.29      13555798.17        0.02        0.02        0.06     240353690.29  482013554371.43    7890729185.14    605424795    691220766URZBtUKnpDKKHZbOejdWhikbEaSqvjzvEtNLbCtShSSaX               
19720526-004955FIN197221972040119720526    7246730145.40    4295845125.86        6.27        5.57        0.59     142107455.12  268466352699.66    4000060972.75    685014518    771501330zRUPBBfUiMinqnbQBpsAavFODFdBPmkYvLolpCtKqmeICrhsJTmwX       
19720526-082247FIN197221972040119720526    4006477712.14    1325719302.03        1.82        1.76        0.33     911827276.79  185086679134.02    4903015135.05    729307632    754298556eyGBByYTpoRbgjJdHtPbQdJTXrTbcWTJkSHlPvDAkK                  
19720526-224746FIN197221972040119720526    5390981828.88    1123186708.92        1.29        1.21        0.21     350011160.95  305863219740.80    3600438537.20    869045036    931424136kBFzLPYLDHAuIEHlgFFBqUhnO                                   
19720527-054730FIN197221972040119720527    8883007857.93    2771854150.13        8.88        7.83        0.31     487642964.39  451038211458.61    1641123892.27    312203185    353795967NiBcGbDvQsFXSbRxOUPzUvEKLCXRVlDFrhOUHduBWHC                 
19720527-182531FIN197221972040119720527    2092502660.28     769299487.66        0.93        0.78        0.37     722804994.27  957703882887.25    5822961288.97    824985233    989275247JrvIZAzWlMCTHGbTEAUdbBtPiFGrTXDLPtHHrjDyTiEWmrrZ            
19720528-065337FIN197221972040119720528    5154184516.23    1492629021.05        2.12        1.78        0.29     366007352.04  846659863475.22    7144456905.65    703905715    8379748840000000206
19720528-112154FIN197221972040119720528    8223961758.04    5204391728.77        6.15        5.37        0.63      79508082.73  175163412368.49    1920228246.45    845866680    969767976SLjJLcNoIZTAyGyOAtNtTFMQNEKksLfngTYwlVSjEZSFXAXKeoBI        
19720528-224540FIN197221972040119720528    7104795117.07     811918337.64       23.28       20.17        0.11     342149259.08  375856579332.76    6505078631.51     34876468     40258184sFUPMbMzZhWukEqBOFVslISMGF                                  
19720529-084804FIN197221972040119720529    9384802166.32    1163232308.01        1.33        1.24        0.12     101863668.59  374897709908.26     796267231.56    871556380    9354303500000000270
19720529-162923FIN197221972040119720529    7853762560.82    1645084917.30        2.25        2.11        0.21     647600729.56  454176234193.45    2752092919.97    731646159    778307621PGDBgEZqRneMoLzzQWIWKPqUm                                   
19720530-040905FIN197221972040119720530    9561768433.17    4566187861.44      133.45      130.36        0.48     333830130.62  214057625355.06    5682017858.82     34217146     35026331IYXYDYXzMPNoklZTdipMzRqgCNIOKJHazWaAqvQYkNmrDITClMRGjaTm    
19720530-114615FIN197221972040119720530    1791240463.82     591794566.41        0.65        0.57        0.33     774755154.85  170099658736.38    5220158683.30    910907840   10449227420000000184
19720530-191448FIN197221972040119720530    1216362166.29     273144743.72        0.36        0.33        0.22     990444066.11  446949801308.90    4879340193.57    754736858    8339604850000000113
19720531-082143FIN197221972040119720531    9380986158.24    6021353614.70       14.73       13.55        0.64     877129661.65  579738780362.06    8023657656.83    408765538    4444349190000000042
19720531-135041FIN197221972040119720531    5439477131.44    1057239432.75        7.44        6.38        0.19      50944970.25  389480030268.62    2338100095.95    142092282    165714041CJDIgUzBAIqWZQVUTlyQjQGEMKgPacOT                            
19720531-235201FIN197221972040119720531     941024572.16     454146182.64       25.05       20.89        0.48     149705076.71  454347110183.14     540484411.93     18126903     217357940000000251
19720601-052758FIN197221972040119720601    2989508962.67    1571755895.43        4.44        4.01        0.53      30885828.42  608232184067.47    7776198609.39    353972412    392338439dTeGxDjIdTKaDZkEQ                                           
19720601-142908FIN197221972040119720601    4905816888.87    1866687619.90        6.72        6.20        0.38      92989293.77  351131981946.39     957864786.19    277746117    300865215QPoUnLDTrDgYSUKWmSCDOMHFQOuOStATjAIXdgAbzman                
19720602-004414FIN197221972040119720602    3194073203.33     569611252.04        2.76        2.42        0.18     222980710.49  343159013591.61    6923615560.38    206312828    2350557480000000224
19720602-072655FIN197221972040119720602    4052995555.30    1241382768.01        1.40        1.19        0.31     499779598.61  295119133555.20    9863261472.11    885657467   1041929671yNswyMTeJisZhBAUQKoZSIKDiQjQGQezvJmxBiPyRJAQuJv             
19720602-200118FIN197221972040119720602    9912464715.79    5173061549.28       46.11       39.93        0.52     825765828.82  958971532061.28    6186514884.15    112179101    1295387960000000025
19720603-111536FIN197221972040119720603    1772711284.60     582280500.33        1.49        1.32        0.33     782913013.69  833707567788.92    6054170123.88    389732428    4421140060000000223
19720603-152808FIN197221972040119720603    5009460401.01    3160856511.62        3.81        3.26        0.63       4412311.43  283050631758.82    9445579056.68    829275815    968193727xItpdiEnJJAMNVucbcMCrZOxGKVLQtYwdGnBtSGBDqMTsWQhoJxXwANLFnQo
19720603-172728FIN197221972040119720603    7260038893.61    1783808656.88        1.85        1.66        0.25     848608635.71  678956778309.39    6336739198.40    965195080   1077036389WqeiYOFGTjVEbfOBYccBfxuAwwzR                                
19720603-205027FIN197221972040119720603    9383229901.50     876092976.95        1.12        0.97        0.09     270131311.44    1407065008.40    6768180827.56    781326019    9054515380000000031
19720604-010200FIN197221972040119720604    7150531751.45    4532835318.26        8.02        6.77        0.63     427542355.57  966615696962.08    4601890213.67    564994144    669480765dGTSaPOJMHvtCCHelvrPOQXnY                                   
19720604-031313FIN197221972040119720604    6625406469.53    1653177868.50        1.96        1.64        0.25     831401959.60  917175956428.56    9744588939.11    841417804   10066063490000000162
19720604-111158FIN197221972040119720604    6701615592.63     289277481.29       14.85       13.56        0.04     520947281.78  676736161110.12    2296667270.44     19477709     213397150000000249
19720604-122715FIN197221972040119720604    6184022591.07     704457127.86        0.74        0.69        0.11     163307068.93  396462845748.82    9015045045.76    946228107   10279437850000000055
19720605-041156FIN197221972040119720605    8275994769.26    1944326393.54        3.77        3.58        0.23     633797330.87  446696759750.76    7935807993.19    515699036    5432687120000000087
19720605-110211FIN197221972040119720605    4154523186.84      39060793.13        0.08        0.08        0.01     908504647.77  488983778479.10    4190206348.52    498295309    5146430540000000228
19720605-140610FIN197221972040119720605    2506655704.33     999203485.82        1.15        1.03        0.40       2418027.46  158319582436.24    2885324578.22    871371983    970536586iAJNmDakgxlQcGOiloFqkXDmRxJezUSKSBPCvqFfSbAlV               
19720605-181459FIN197221972040119720605    7141058853.15    2580967519.36        9.01        8.87        0.36     978082554.26   26492369336.26    4534349384.51    286535330    290974917tECVFzaZYGOIcLqmNMn                                         
19720606-001005FIN197221972040119720606    3708437807.54    1897773590.58        2.13        2.03        0.51     545356230.61  378529539063.01    7053575795.72    889843606    9363237570000000152
19720606-013653FIN197221972040119720606    7498035725.59     502588181.20        0.87        0.83        0.07     572019250.77  414075531298.06    8940301330.00    574526448    6022078130000000203
19720606-095043FIN197221972040119720606    2231525105.15     565745649.24        3.72        3.25        0.25     518063891.22  742810474586.85    3505600543.51    152212334    174272677BGNkHkSVFBdTuPfNoMIAETucvmJKkQhReFVyGfvjpOOsNPR             
19720607-003819FIN197221972040119720607    5018529074.33    2015404692.78       14.43       13.27        0.40     164022366.46     220350456.83    8140226773.50    139678584    1519265290000000138
19720607-135738FIN197221972040119720607    2468305567.20     679933971.91        0.83        0.73        0.28     205693733.26  357520083013.23    3337110840.13    814339900    9345818130000000133
19720607-211950FIN197221972040119720607    8400041080.26    2700428909.89        3.12        2.66        0.32     134823689.59  398652700919.47    6944572825.95    864362485   1013924156zScyndwxOcLUXIwtrdKPFPDeQiYudN                              
19720607-232649FIN197221972040119720607    4139306594.91    2013318979.40        2.49        2.12        0.49     814145276.37  418921987076.54    8385373454.68    809409323    9507836960000000126
19720608-044526FIN197221972040119720608    9088079729.68    4105171761.51       17.83       15.23        0.45     323333473.58  902844124829.18    8246397518.87    230273732    2695668170000000193
19720608-101637FIN197221972040119720608    8521825111.19     499803803.22        2.49        2.47        0.06     813923463.81  415946337757.56    1844723432.03    200816342    2023210900000000226
19720608-235132FIN197221972040119720608     977630807.61      80076045.96        0.47        0.44        0.08     693343207.62  876288239976.94    4467942291.93    172097543    1799668370000000235
19720609-140619FIN197221972040119720609    6112519118.38    2754542010.01        7.69        7.47        0.45     950189227.53   71798004850.49    8825143298.32    358078511    368522079WAUYdXNERWrDlFxcxhSWqEIJvzOFNSKbuUHsrWRIRHHkQpsvEXCCZHBCM   
19720609-152039FIN197221972040119720609    3310812044.77     689468578.82        4.93        4.92        0.21     945612965.75  409999892468.06    3002764728.68    139907758    1400180950000000265
19720610-065613FIN197221972040119720610    2074303387.07     817653199.12        1.30        1.14        0.39     314539036.05  496529400302.18    3317946468.62    630254465    7195857330000000230
19720610-132104FIN197221972040119720610    6459987000.52    1138439833.20        1.58        1.56        0.18     180253491.36  254244353482.70    9203151703.40    719476898    729203846xJLQVuTFshRimMWvovlkhREDPsbyCEbOPAiHlYQoNpMfOnOS            
19720611-030826FIN197221972040119720611    3406708930.41    2305975555.37        2.48        2.29        0.68     417656185.25  783477677497.10    4267504293.28    930479166   10066764930000000271
19720611-104426FIN197221972040119720611    7050026578.81    3707293694.84       13.15       11.56        0.53     544982420.12  253337079523.67    4349250917.84    281906698    3205903830000000137
19720611-160940FIN197221972040119720611    6130490281.11     524067705.04        0.82        0.76        0.09     210481751.02  509043678216.64    8872619277.87    636093090    687261407yzVtIWYoRQKKPNbDwXqdBMdFXWIZfiTteG                          
19720612-044148FIN197221972040119720612    4399702530.31     738530753.73        4.61        4.03        0.17     469340112.37  340950975259.47    1016382102.30    160157959    1831455550000000033
19720612-114042FIN197221972040119720612    4909708630.22    1432661115.20        3.18        2.78        0.29     431020174.96  739631363449.13    3353070666.59    450140249    516126207VSvMNAtEDeXQNEDooBurhHTZUGXzfeRCZXFKsELbuDdCGvFheOL         
19720612-115903FIN197221972040119720612    4734119591.06    1042924794.69        3.98        3.44        0.22       6146559.99  357792008740.57    6757540213.91    262186845    3029073730000000207
19720612-130523FIN197221972040119720612    1776724443.52     422191331.28        0.56        0.47        0.24     513701734.68  984336511855.66    6650722455.85    758708336    8997411510000000091
19720613-033440FIN197221972040119720613    2156101203.17     995276747.28        1.09        0.93        0.46     159364543.03  701263519154.16    3197991634.13    909442986   10750527630000000054
19720613-165848FIN197221972040119720613    4404509079.51    1658772417.13        3.43        2.97        0.38      29844358.48  619394757226.08    6175131256.50    483483737    5579009180000000187
19720613-193059FIN197221972040119720613    5708715966.24    3527097669.55       13.73       11.77        0.62     991300897.45  891116981005.23    2984909781.00    256956292    2996261340000000106
19720613-224007FIN197221972040119720613     412352555.52     233503124.29        0.24        0.21        0.57     250582867.33  945761210096.93    9165711324.19    986918276   11334480320000000117
19720614-090030FIN197221972040119720614    5762324687.65     533529034.75        0.90        0.82        0.09     540044716.65  206592734479.71     856632041.04    592307209    650024258diqlqOsDpYaNQhSPBbXhMXocCDXEfNMfLDMDHOdpovsklTN             
19720614-152032FIN197221972040119720614    6952792287.94    2492455499.73        3.08        2.78        0.36     811393839.94  813921154877.62    9708691976.66    809706032    8977168690000000111
19720615-012800FIN197221972040119720615    8478507685.88    4554626109.44        5.75        5.44        0.54     825017654.44  821891882057.37    1379112367.65    792798130    8367127280000000248
19720615-142203FIN197221972040119720615    1610034293.43     840224679.02        0.99        0.97        0.52     480515039.03  866115580707.15    3754568502.64    853006719    8628116140000000003
19720615-212555FIN197221972040119720615    5596710961.59     673349584.26       35.45       34.53        0.12     282806092.92  324969400121.15     523507888.20     18994251     195027670000000216
19720616-105540FIN197221972040119720616    4774443032.02    1967655029.15        2.21        1.88        0.41     877923360.24  279169661361.89    7773615604.31    889896672   1048225357olGIXXQFLdIHXDEuMLdDVNJbXfMiSChBOXXHPRgqQfvPMFOMefo         
19720616-153205FIN197221972040119720616    6256477371.32     314121531.90        1.23        1.08        0.05     597813138.81  801219683582.73    1529431518.37    256191299    2895250250000000141
19720616-163428FIN197221972040119720616    6474354751.80    2423232639.49        2.93        2.54        0.37     300487705.51  818419252676.89    6128220025.22    826789235    9551401210000000177
19720616-192417FIN197221972040119720616    8134960550.88    3627877949.39        7.07        6.77        0.45     613212249.18  428725014785.39    5946465488.84    513492764    535861515RzFPWFvwZRrSBSctRiMfHfNKAAwdNTjFVMI                         
19720617-010744FIN197221972040119720617    3505279245.50    2334126264.11       14.18       13.87        0.67      16575691.47  506547173689.94    8799893575.79    164621187    1682904300000000056
19720617-125710FIN197221972040119720617    9471721784.03    3306311577.18       37.84       37.04        0.35     779195284.31  445396996175.16    4258116314.26     87372422     892730810000000132
19720617-192259FIN197221972040119720617    2052726357.69    1360675977.95        1.53        1.42        0.66     140345044.03  915002059643.87    9533373918.27    890847719    9561132040000000048
19720618-041248FIN197221972040119720618    5597070212.60    3507274119.86       10.14        9.69        0.63     150764070.72  970269785481.26    1837457648.19    345932197    3620562470000000158
19720618-093316FIN197221972040119720618    8967954311.86    2167120634.41        2.73        2.36        0.24     701200363.03  405365215778.64     243757472.12    794426706    918246285gIOONPxnQUwBdFNEMLBUXdUbFPDWDVOVnWIIMRpOMbaMGipmCAICpjncsHs 
19720618-172845FIN197221972040119720618    5855623471.32    2932431816.02       17.81       15.35        0.50     330723835.70  327809091900.52    5017220380.62    164672542    1909790090000000246
19720619-002018FIN197221972040119720619    3801067877.98     129196232.06        0.33        0.28        0.03     340615263.78  213393715497.47    7048444857.61    389377682    4604044880000000244
19720619-150254FIN197221972040119720619    6065620406.22     791765757.36        1.13        1.09        0.13     969629598.37  980494575717.38     737825459.83    698785142    7284694390000000069
19720619-175620FIN197221972040119720619     838284360.40     322159542.19        0.87        0.78        0.38     229116118.34  613015339364.08    1725417939.51    371883441    4153360230000000005
19720620-024613FIN197221972040119720620    9570881799.87    3613304644.58        4.11        3.62        0.38     107466711.72  212888051657.90    8279188033.50    879135815    998644570BELJVClFSUDWQNFrxaHxDDEMSOMNqTeWbFtIh                       
19720620-085033FIN197221972040119720620    2539718575.93     804868357.55        0.91        0.77        0.32     806623577.27     548294425.66    7158679071.01    880903786   1040379423qKjXPsBHCteFFjjVUJyGXLGVDBNKBTSUHGZTe                       
19720620-103113FIN197221972040119720620    5541424787.47    3724360252.63        7.31        6.77        0.67     891285639.64  714436612314.44    1603270057.45    509468700    5505222720000000145
19720620-152748FIN197221972040119720620    4820799842.70     884123795.75        0.90        0.84        0.18     670802424.09  778469055882.03    4819454568.79    981904187   1051873808WWZnPQCzopSOWpJARPzEqydPAK                                  
19720621-051551FIN197221972040119720621    1111737960.81       3233130.28        0.01        0.01        0.00     472906272.31   84260742742.86    4408689129.83    360097173    364872424eNVEuhGtjVFOeaxSShmAgVEwrtbpRJelgzytPiOodxcVKqffUJ          
19720621-103109FIN197221972040119720621    1556444039.42     550476982.37        5.28        4.57        0.35     656302275.74  963295638745.90    5624476506.40    104170883    1205045450000000080
19720621-182534FIN197221972040119720621    6719641177.07    4443739390.26       13.30       11.87        0.66      23151906.38  644393447944.03    4648796237.29    334211779    3742928550000000035
19720621-235458FIN197221972040119720621    2935576092.59     855216503.83        1.07        1.06        0.29     320614479.49  827814995245.71    7399416292.91    801171020    805198921LoSyvUwXvGnKexKhSbbtArGnpUcArarLDzSDOEMMZBwKPwRuADFxSFJ     
19720622-014547FIN197221972040119720622    9866324616.09    5785758644.16       11.41       11.22        0.59     284325384.28  622276968823.24    8437498681.03    506999786    515815832BzijSDvPCIJvDDDXrPdu                                        
19720622-061450FIN197221972040119720622    2968973778.99    1912992489.72        4.02        3.73        0.64     812442383.49  444195423616.95    4639216637.45    476003750    512628335QFRbFMIOhFIvNDHHKUIHIwUDsyiGpkDUVMQO                        
19720622-214120FIN197221972040119720622    2167101541.46    1032701977.90        2.70        2.57        0.48     444847658.23  152031728052.73    5259146077.26    382524408    401927223QrkRxvbadKcPnWFcOeDWQVadFphGPSbdHFKZstApXDFQCJWWQxhWQGQHgC  
19720623-034549SECAAAAAAAAAAAAAGHPREF_AINACSt zgNDaXMOLFYCEZSUBZcL S                                             NASDAQ713924087    1911052019350228        1.850000000000
19720623-192409SECAAAAAAAAAAAAATXCOMMONACTVKYDTjJlyHHaTuMQevntyhxvrOOEIkkFUEGBOJ nDYUNQluMdHJwUNGwrIIO           PCX   475167182    1884081218910323        0.510000000133
19720623-193038CMPKJhQqvrlpQBidNaiKSbeNNikTGFNyqfAokZNpWiMnQ                  0000000099ACTVFRBBB 1959031521782 Miller South                                                                                                                                              95223       Madison                  TX                  United States of AmericaChu                                           FA qXIrpBPVAyvTYUGsXYIZqTaaneGxYaTLmW moOLfAIsMKHpQiABXEkKvRDVbPHBQMbMyupWUCTvALvSwESBQLXHhzVIbptOLQvIJq                                              
19720624-035733SECAAAAAAAAAAAAATSPREF_CACTVyBMcPyFAImDfJPMGppPKGzcXYhlT                                          NYSE  26925125     1896040619350622        0.33rkWTCsQbCPAUfRcKLCwMGTdIqvRSpGXQyDXxU                       
19720624-081637CMPOqAIeBICyTDaCjYBokKBWwGIbTbHykBtzpJVuZzfWHKRHbYByNSoGLc     0000000279ACTVIPCCC-        11227 Woodcrest Lower                                                           Apt. 90                                                                         V6I 1Q8     Toronto                  AR                  United States of AmericaLavell                                        zCpyiptxFwUCaSPXaoRylgBxcjhHCYOBCBVkERYKfVzqOJasKMucGbrCNfzDdVFVCGmJNPyIDyyAEUAkuFFbGUWXxdSiTNYyGhPEFvILQKCoAjQsKOWLRlBkDhmdZPsVMHUpoWf               
19720624-103023SECAAAAAAAAAAAAATNPREF_AACTVOLiMFTA IzHLDzplkTZIVN YsUotaFAnyvhhTg QjzpLEksZiyWRpgWDaQBxRLocLOC   PCX   443693863    1916112218920224        0.12caOaabgKJQaXSZiUGJIHBtXLntUfKAkQvMDyj                       
19720624-150048SECAAAAAAAAAAAAABRPREF_BACTVAM XFBDr NWLAzQGsKYHJ                                                 NASDAQ50587497     1930062319090525        0.680000000126
19720625-012451CMPKxqdRJELXtJQoGpgGbFDgGWOHRTXJHg                             0000000284ACTVMDAA- 1917092512223 Alabama Lane                                                              Apt. 25                                                                         61604       Pittsburgh               CT                  United States of AmericaCongleton                                     FVhDJLEgkEIr                                                                                                                                          
19720625-032248SECAAAAAAAAAAAAATWCOMMONACTVldNTFuFZXKEwVIlTUuDupGqpbf eghECeJSCKPMxOVSVO                         AMEX  573522256    1896050119440728        2.40PTNTHCLWsriUMNBFhDQDGtmBPPNiLOSaNy                          
19720625-121439CMPwoZXzDcbdAeOUrcpqMMIcCCSFSAEOqoSqMN                         0000000277ACTVCABB+ 1915071821174 Jefferson Way                                                                                                                                             85062       Coral Springs            NE                  United States of AmericaBall                                           ccAHeMFHRdWxtYykIwXOPUamPLKN                                                                                                                         
19720625-182211CMPFoiDMNiXljBZZGweXAmRCDAhyKWYoHvrqIuKiGTUpRJxfQVZpYCLhDclRIv 0000000282ACTVPRA-  188007068899 Starling Lane                                                                                                                                              35255       Lewiston                 Saskatchewan        United States of AmericaHeter                                         juFLPvAygLdWwPDRPylYdb MKlRUrOMsNyXVClFYJRdBlfNUPtMXssBUUeKwcIRxbRroGJtVYAGZJszgDxSRItIvNtDxEOzRIEnNKDA                                               
19720626-062555SECAAAAAAAAAAAAATRPREF_AACTVOrIrsDdspHNknpJQQPSVUCrrTNhypRbRKTzp                                  NASDAQ189391593    1968062418930713        0.760000000046
19720626-123916SECAAAAAAAAAAAAATMPREF_AACTVV tzvVDMXlhTUrnBekrZMeF                                               AMEX  206319970    1970021919170711        2.88XRHEsIMnqEiPOnfAJBLTVbfGKETfCFVYROPP                        
19720626-164301CMPYlpZAosXzsuvTxMJSRMUB                                       0000000087INACNGA-  1932040810369 Gemini Way                                                                                                                                                94238       Dover                    IN                  Canada                  Coral                                         lMmFMJMNkHjMlhqUQecCTUnMmTtfcMBIsTyICdyGPAhfIv                                                                                                        
19720626-204735SECAAAAAAAAAAAAAUACOMMONACTVc alOkxCFinRAjrMAyJkTYAvEoXWsAyW VoHwcVxbBeg                          NYSE  175850080    1887062818850619        1.08XDnNdfGcCiNIOwdZoWMTZgVYEOsHLSH                             
19720627-002842SECAAAAAAAAAAAAATVCOMMONACTV NxjzQneRNSsBKETapyElLSkYvRATneuDwAFXKy                               NYSE  912043408    1852011719500222        0.040000000246
19720627-105459SECAAAAAAAAAAAAATQPREF_CACTVPIdfCBiEgrGQiGvIAEpoCRRNwFIORVofAVETpoHOzxW ZTYKxzCcRXsMiQwDCVvIAN    AMEX  178798580    1852010318840313        1.370000000142
19720627-125135SECAAAAAAAAAAAAATLCOMMONACTVviPVxJCFhMwJsHCuyZ                                                    PCX   507571427    1957100219150514        0.340000000232
19720627-225315CMPfKTWdFNbJFpYzsgNOKBALRptDJzAgeGSPxIBaUpK                    0000000280ACTVFFBBB 1952031212695 Westmere Crescent                                                                                                                                         94162       Vancouver                GA                                          Funck                                         sGgLOlDoYtKxMbTqkZnXXxLix                                                                                                                             
19720628-141749SECAAAAAAAAAAAAATZCOMMONACTVXOLMZrcCGumg                                                          PCX   445560238    1935121418740331        2.30bqxEENiCeuJtRlUKFwhdKteH                                    
19720628-164745SECAAAAAAAAAAAAATUPREF_AACTVbRfnruyPNRLCGuDRpbQatQpSjuGURMERwmQrtqtTvyuTWfpGLlwVQDBjoHprP         NYSE  742745140    1940071219570709        2.710000000003
19720628-170911CMPIVBxurMKnJbFCkiInnTeIC                                      0000000285ACTVFRCC  188805158774 Crestline Avenue                                                                                                                                           31904       Fontana                  MO                  United States of AmericaMusumeci                                      CvBRCGjEaIpwuRFVKwEQBvyrBgQVsJnIAUoUmrDQpJHOhOFZrankSRNB zCQGaX                                                                                       
19720628-200757SECAAAAAAAAAAAAATPCOMMONACTVAEDtrwReRlRzgMCEIZDqHSIclpYMgfpLzPHGQGhvXOIfHCNEgfAbAn RAjjnVPw       NYSE  411513987    1951122019621029        0.160000000234
19720629-074742CMPeJrkPOGbPloJTlEKCMUyNKBpvGpCjXvROvjLfKTOvLUUcv              0000000278ACTVPRB+  191608223124 Congress Park                                                                                                                                              06613       Great Falls              DC                  United States of AmericaGunnett                                       AGvTpQVIDOFdxCYaFORbnOPNsDKtwWitnBSAObtBjXMDZYuRetexcEzGRWmqlwvKiLotgETiECMAhDUHJmACIto qkQ                                                           
19720629-155853SECAAAAAAAAAAAAATKCOMMONACTVeuSZFoaeEVjTLnqUniNvICuCKlsCQMa TfX                                   PCX   850486018    1904042019480409        0.22xusTszaAbgwnfcAmfKVarNCrANUVCpmHQKKuWPXvljshueoBLMHi        
19720630-025251CMPTGCJKTzuEdhxAvEJ                                            0000000283ACTVMPAAA 1912010113914 Fairmount Lower                                                                                                                                           72289       Little Rock              NH                  United States of AmericaSavarese                                      UYtZAuGlQMbeluyIwYOaHHbUppahawx USlmUSMljBURIUOPHT aUzrjPHKAHQcihqgsP                                                                                 
19720630-061140CMPimdafqhUOHJJweSjJLCsJtrIwQTHOvwNcouZrYzKuEbA                0000000276ACTVMPBBB+1912120520234 Elmendorf Court                                                                                                                                           80070       Laredo                   NJ                  United States of AmericaGouty                                         C ER aO AhRBzsDlMcdyOkbPvBIAhIFOGMy                                                                                                                   
19720630-100712CMPnUdcNsETZCLxuPVMKh                                          0000000281ACTVPRAAA 1901041812729 Glen Ivy Rue                                                                                                                                              21708       Detroit                  Manitoba            United States of AmericaCherep                                        VlUeAUGKGvAKSWVkkOTKhbirIBLyLyMTgMMEswIACwpuTCn                                                                                                       
19720630-130755SECAAAAAAAAAAAAATYCOMMONACTVeGyBHDNkUWfEDhPhTGlzO HFLOqyCufPOuxfTCFYOLbYsxJqyEUDxIAUVOTNrHRVFYCOUAPCX   325493678    1881031518520213        0.64OQrOAucqBZdHWTvrsGTQqDUAJesbyHxtJHEzCHKBOOQPPk              
19720630-164450SECAAAAAAAAAAAAATTCOMMONACTVzJnIHkegkYHMHibaihylLlfVMWQsVkBTNjSrLk                                NASDAQ980432966    1967052719070304        2.010000000197
19720630-235958SECAAAAAAAAAAAAATOCOMMONACTVTrTKqOJhhLaPISCscVJoEHDnILNGLeEZFmuQgIpi                              PCX   399739746    1912030618790324        1.14yRflLhHvroMJBNHcMIDiQuHspAHUTFVE                            
