19740701-084708FIN197431974070119740701    2953819741.72     563754559.38        5.54        4.99        0.19     879269874.18  761593859644.34    5087936827.45    101830651    1129758480000000073
19740701-191050FIN197431974070119740701    8397827800.78    4890850158.00        8.34        8.22        0.58     218651888.23  126735209009.54     791792165.71    586451332    594831228JmnZyvJNUAaGfANXOFMOuyDJFNiMeGrtTeYaLNPbiJyoUj              
19740702-002703FIN197431974070119740702    3388156834.93    1639653132.39        1.83        1.76        0.48     839580881.47   16799260479.45    2590421198.05    893670698    9327028450000000187
19740702-032429FIN197431974070119740702    1228055120.41     623467988.47        2.09        1.99        0.51      80570488.14  753648189711.90    4185849488.26    297713032    3140391790000000121
19740702-070756FIN197431974070119740702    3102774204.26    2059500111.18        2.18        2.02        0.66     861973804.55  661062232796.68    7990252732.09    943197406   1017810876cjSaOXnFRxMLKQEIORXsThOgBtEagEQlinpIRP                      
19740702-134515FIN197431974070119740702    8315887011.71    4934710214.84       73.23       71.16        0.59     976340509.20  815489606481.98    2769841449.22     67390035     693509120000000090
19740702-234715FIN197431974070119740702    1476320383.28     137573625.88        0.14        0.13        0.09     301152746.10  197186833500.54    2856536105.98    970817296   10347745490000000145
19740703-033820FIN197431974070119740703    7816590526.46     304027855.34        0.48        0.42        0.04     457077227.68  718885018898.98    3856301534.72    635627605    7206843820000000223
19740703-035538FIN197431974070119740703    6743812857.80     692509117.41        1.77        1.52        0.10     219873373.15  514654767751.17    2422322814.25    392091422    454988556FXFYeNQJTmypAWxzHPOBgNFDcXaQQFB                             
19740703-143305FIN197431974070119740703    9584490709.39    3685829164.98        6.10        5.45        0.38     103482050.85  477907945737.64    3543882142.49    604547482    6757000920000000040
19740703-192002FIN197431974070119740703    3883883728.63       1365399.73        0.01        0.01        0.00     484468298.90  796224020225.05    2103398259.83    148766343    1592521690000000138
19740704-044448FIN197431974070119740704    6071680106.52    3817836828.90       20.51       17.82        0.63     469117371.66  156234091404.98    5517554580.77    186168358    214246062QFRbFMIOhFIvNDHHKUIHIwUDsyiGpkDUVMQO                        
19740704-075816FIN197431974070119740704    5616345604.24    3025605908.66        4.37        3.86        0.54      79351940.22  137175671168.05    1003801421.89    692526422    7846962650000000261
19740704-130857FIN197431974070119740704    6885546900.72    4474480275.28        6.12        5.11        0.65     585652957.84  797579885594.67    8619162762.99    731269411    8758552930000000156
19740704-172643FIN197431974070119740704    4471582468.94    2794863569.37        4.27        3.75        0.63     238045327.30  626426509372.55    7310720514.35    654750718    745611826SOPPuOMCTbeveWIKDERTzYxQZoJMLnCRCTOnPlMoXbgwuX              
19740704-190018FIN197431974070119740704    5885215308.45    3153841497.37       19.39       19.32        0.54     159694716.07  835486490195.74    2936323537.88    162658590    163248257RMTnrMvVJASTKHRLEbVigGiqmMcuEfgORmhMFOQrbUUDPpoBC           
19740704-194320FIN197431974070119740704    6234813587.82     527131866.33        0.91        0.84        0.08     142030274.34  110429256085.15    6057366072.87    580557523    626166474QvlaxuqiNVtNVWlBOlQEiRKoaUgAX                               
19740705-010547FIN197431974070119740705    3618184482.64    2349588626.00        3.09        2.65        0.65     536749142.15  858649298873.52    1877795257.90    760694981    8853730350000000200
19740705-070644FIN197431974070119740705    3566652522.79     770090823.60        1.13        1.09        0.22     230441496.62   22925185707.60    9140754756.21    681466952    707394290YtvHEQBjudJlIIctWcFxmnzyLLXwZIjQbTYYSJjShQPPW               
19740705-180002FIN197431974070119740705    8810699638.91    1531720272.71        6.93        6.31        0.17     492730709.15  534058691020.42    2672725449.77    221043458    2427362870000000160
19740706-003338FIN197431974070119740706    9281849599.01     753576387.48        1.77        1.75        0.08     830726820.42   10070289471.45    8650973199.88    426045332    430401651XiuLDVDnYQnZdWqIeVWutEjPXZaaQbOqjsNvlFMIc                   
19740706-045643FIN197431974070119740706    2337037999.74     721457223.46        1.18        1.00        0.31     281503029.89   27270132195.16    4993553859.84    608982398    7240264290000000290
19740706-155007FIN197431974070119740706    7506465251.54     975174035.56       22.83       20.54        0.13     971367067.01  792934901800.61    4731140704.76     42709322     474682170000000350
19740706-173806FIN197431974070119740706    9746268944.31    2344427760.75        3.05        2.67        0.24     648932144.51  668574181599.17    1081490233.26    768772244    8793718130000000322
19740707-034718FIN197431974070119740707    9530331183.59    5868263909.06        6.65        5.69        0.62     845127647.67  873569545306.40    5682245610.82    881999499   1030911802jUguWEMEWoFRvyIQVVVZypyLseGOWfcGLobTsIDScUaBKXNkf           
19740707-133759FIN197431974070119740707    3889169541.49     738187381.32        0.78        0.70        0.19     663906694.93  982649154265.41     711893600.85    942039713   1053431721RhUQRxcjdEgKAzNIHpMnLOkaWYvDQqHM                            
19740707-184719FIN197431974070119740707    1186247347.26     344507328.36        0.38        0.32        0.29      50865069.98  895201737752.72    1228519524.89    913110256   10607909200000000034
19740708-043125FIN197431974070119740708    4273025191.41     785117221.36        1.33        1.17        0.18      43075038.06  877883173643.99    7953208637.84    591785988    669823539tDPWLFEtBmpAwavVQikXwNpRaJ                                  
19740708-073842FIN197431974070119740708    1159044740.86     105885450.50        0.52        0.50        0.09     321178317.32  378415244040.91     668217678.41    204924096    212685959sOinkIiTdaWTBlAuXFDL                                        
19740708-074713FIN197431974070119740708    2512243850.86     376487428.30        0.58        0.50        0.15     288158362.27  999577728538.54    9943183016.84    654680831    756900260VIwCayPvwhogOnJYXzNaeJARKVRQdTJzLSKMYmjqiITvCVKAMRRJCa      
19740708-184232FIN197431974070119740708     393749458.64     198421241.75        0.27        0.25        0.50     938462893.61  901342989327.75    1084020103.91    737762612    7959214610000000061
19740708-192333FIN197431974070119740708    2102014047.41     868483882.38        1.23        1.03        0.41     591930613.31  837340143261.44    8601869696.06    707567338    8402904180000000023
19740709-045422FIN197431974070119740709    4301814256.42     633031517.97        3.01        2.56        0.15     953782078.48  912606395375.73    6095841794.35    210086903    247588103XdCwDlGsXFstGqdCIcNOKJfTOQPnoEeELXbNmwOl                    
19740709-123905FIN197431974070119740709    1114403155.68     571961313.84        0.62        0.55        0.51     165827604.68  969540005854.03    4761029479.47    921234871   1046194145pCpCzKjHcYqVffAhFtKrpRMJCHZR                                
19740709-131957FIN197431974070119740709    7827808636.11    1796635149.98        3.56        3.26        0.23     665149638.18  654673809623.06    7872411489.00    504274055    5519444690000000264
19740709-163549FIN197431974070119740709    1765176971.34     599791410.47       22.99       22.75        0.34     644900811.35  792854526742.82    6659652524.55     26089874     26362644URZBtUKnpDKKHZbOejdWhikbEaSqvjzvEtNLbCtShSSaX               
19740709-233804FIN197431974070119740709    3996578151.24    1949049363.03        2.71        2.57        0.49     790905376.32    8394684779.96    3024697822.62    719865831    7582134840000000232
19740710-104254FIN197431974070119740710    7265351133.83    3509796350.56        3.73        3.13        0.48     776716287.83  387249189879.95    2190268578.53    940737425   11207419770000000041
19740710-160700FIN197431974070119740710    2844471809.76     338438781.67        2.36        2.12        0.12     447740817.55  329755608518.66     194851591.34    143280419    1596058750000000046
19740710-170225FIN197431974070119740710    4295173409.94    2118780280.29        4.43        4.21        0.49     436981428.28  980467942440.21    3463359914.46    478548523    503784344HxzoYsDAKSPENhVFhNKSkKmGIMCcGmnILQJPtbDNGKngRypBIdcTCrF     
19740710-235944FIN197431974070119740710     443397981.15     208946188.12        0.33        0.31        0.47     800985227.24  752088933355.41    3311915208.21    638850615    6811823480000000234
19740711-014046FIN197431974070119740711    4922663891.80     385442034.33        3.47        2.99        0.08     987984647.40  595749981947.99    2029434230.45    111027518    128759026XLTxGrTTSMIeAKqzJEDWF                                       
19740711-123256FIN197431974070119740711    7999918207.13     847922860.03        3.37        3.16        0.11     119238219.66  579594294055.53     292098356.17    251771381    2686975820000000284
19740711-141356FIN197431974070119740711    5376755322.41    1375912680.98        2.95        2.68        0.26     897498848.85  685590435383.05    4197246944.60    466310378    512553206pEGIPCsKwtTHCezUJixADHRHcVKNIYrTyyOPIF                      
19740711-151817FIN197431974070119740711    9670701784.72    5078195806.66       44.61       39.08        0.53     429513659.17  906341302162.51    6386109826.79    113840747    1299447060000000122
19740711-202953FIN197431974070119740711    3452305310.24     445380857.85        0.71        0.70        0.13     721435556.72  560953929855.05    4226813871.53    626790627    6339369160000000333
19740711-204620FIN197431974070119740711    6445218109.86    3917677435.97        4.94        4.74        0.61     693000951.83   64907850203.60    7428654842.81    792622957    826811780zjoKtxCKSTNWLpRzJEjyVWiVEuzmYUTLdbyRHLSIgDUbYquZsCvOKJvFaWMu
19740711-222813FIN197431974070119740711    9290490171.63    6036406909.39        6.91        5.89        0.65     515004894.56  482896442537.07    5038024783.63    873149568   10248909380000000011
19740712-051337FIN197431974070119740712    2950366108.64    1787017506.39        2.98        2.51        0.61     385818003.17   41647905885.42    1848846357.85    599407680    7115380380000000089
19740712-051752FIN197431974070119740712    3309741013.41    2307873767.20        2.48        2.16        0.70     648631943.41  543731539563.33    6223861614.45    932444038   10704564510000000240
19740712-151402FIN197431974070119740712    2855989573.02      70632003.03        0.09        0.08        0.02     172562377.93  945520442942.10    7149116385.59    829158543    9181811270000000212
19740712-224522FIN197431974070119740712    1470410532.80     388533696.06        0.60        0.53        0.26     453025924.69  526024990752.59    5571599902.40    644282737    7350679290000000244
19740713-002152FIN197431974070119740713    7353101481.94    4436343243.66        9.84        8.91        0.60     689171497.17  107610585093.98    9349390062.28    451060875    4979819370000000233
19740713-075358FIN197431974070119740713    2586168838.05     115551863.77        0.15        0.14        0.04     496283954.64  676965150274.52    4177226047.04    761212193    8528538470000000313
19740713-155124FIN197431974070119740713    3778350482.57     852083547.81        1.58        1.52        0.23      12048794.15   64770393596.19    4459521511.31    540978865    560314943oIQejJbSLBWXaQIsuHTVgYmfsffAYKYVcOoxXezynfpc                
19740713-185328FIN197431974070119740713    7619329598.92    1724410956.88        3.16        2.72        0.23     975233379.34   22282307202.50    4835636543.96    546483066    634094367MMYHEsAdHQrXvDXqWNGKyGRnmNQy                                
19740713-203819FIN197431974070119740713    7765487053.37    4136141651.43       16.18       13.55        0.53     598863574.97  538058488701.06     942166807.76    255685430    3052721250000000256
19740713-224802FIN197431974070119740713    6058352932.24    3077027378.67        5.47        4.64        0.51     597350497.06   40661569186.49    2281306539.99    562245061    6624930160000000225
19740714-093120FIN197431974070119740714    6233388822.75    3598567821.55       31.97       29.71        0.58     604051345.84  861217720021.87    9228486045.04    112564345    1211424360000000285
19740714-114114FIN197431974070119740714    6671484914.67     666811391.78        0.80        0.80        0.10     581822892.56  162641114295.57    1231368081.41    832442811    836338347hSAOpCrPCpgAkXnAJGTxFjcuADeHUaavHTPF                        
19740714-205527FIN197431974070119740714    8420809768.92    2603530035.95       27.45       27.33        0.31     152154433.86  658597717127.80    2502261961.79     94830747     952641540000000328
19740714-231452FIN197431974070119740714    1352640737.15     737729710.07        2.88        2.83        0.55     612045443.43  111590245729.03    3030739443.96    256405869    2604018380000000141
19740715-081332FIN197431974070119740715    5558666696.78     129104757.77        0.51        0.48        0.02     314165176.82  885439365527.27    5080823807.03    254104515    269972742vyTDfqipWGWxVaqrlSLwEsgtkcrVBDweTYQXhVJWaSrEOAunHKWFPfAXhQ  
19740715-185621FIN197431974070119740715      63039431.69       1286221.31        0.00        0.00        0.02     430617533.76  836392081099.49    3857582681.04    553420040    659151239inZSWxMORYAMakTEICVCgOECFdCknDeuMDaK                        
19740716-013256FIN197431974070119740716    5955539446.41    1440001889.74        1.91        1.87        0.24     768249340.15  605822592565.66    2158514691.58    754993625    7708870680000000272
19740716-030048FIN197431974070119740716    3311631423.98     116968142.70        0.13        0.11        0.04     908497481.06  983287747318.03    9642224084.42    908689505   1044393884XjSxlGRryfrgvCMaReGMEXLJuiXaSRQMSTRccKTbdXRVwcSDVVf         
19740716-122603FIN197431974070119740716    1086724043.69      89106555.59        1.01        0.88        0.08     489248083.70  943900797444.86    7648067456.46     88627945    101302171QrDjsjjfXYcImGGENLZci                                       
19740716-203827FIN197431974070119740716    7932491949.21    2572877723.08        4.38        4.36        0.32      14079313.57  136600514768.47    5078041989.60    587249532    590312249GidZUqrCDURnPxkVcQLUZHoNkSljfGvxVi                          
19740717-015447FIN197431974070119740717    6469485937.81    3579635900.74       90.92       79.11        0.55     110579377.39   54907177963.23     663665526.61     39372455     452491810000000364
19740717-040236FIN197431974070119740717    6369227940.83    3946902030.59        4.13        3.97        0.62     728787245.36  859434908608.28    8687980056.29    954752796    9936906070000000053
19740717-054237FIN197431974070119740717    2873186400.57    1953344327.17        3.01        2.74        0.68     348544115.54   15119569907.99    9409326086.32    648531885    713556653MPXsEKBfxnGLiVsxypP                                         
19740717-061259FIN197431974070119740717    1652176626.80     760780145.12        1.08        0.91        0.46     303785880.70   39341641571.06    1094053216.91    707521373    832625823sEdXWlAyBGoFClpXvyNNafsKbfeEnSrT                            
19740717-145534FIN197431974070119740717    6669819247.09    1525421116.43        1.77        1.74        0.23     204211032.47  275348148083.00    9958361063.95    863307637    8767636160000000249
19740717-152032FIN197431974070119740717    2727437856.56    1473322424.21        8.27        8.11        0.54     871466964.71  437997675003.49    8531257529.72    178080100    181768158gSPTnEYnBdFkIWPfTapBoPBM                                    
19740717-170653FIN197431974070119740717    1494304741.50     106897322.80        0.12        0.12        0.07     742929512.51  997172915225.02     576147282.41    897086732    904389995OVJLucFRYBOGFvuGZWfrWIXkXlBAMCEIbLeGWNDEcqjSGqJQxkWjJNbeHGX 
19740718-034708FIN197431974070119740718    8873322702.85    3179548600.85        5.29        4.52        0.36     350332026.84  520547286061.73    3954216734.73    601407267    703104401mBRtpjNBECQCRiWtjEutqI                                      
19740718-122843FIN197431974070119740718    9158590088.31    2288061490.10       12.02       10.61        0.25       6459136.09  288662258900.00      54179368.26    190280107    2157515850000000301
19740718-135425FIN197431974070119740718    6609946960.43    2204399147.14        4.11        4.00        0.33     942883318.44  194835507892.27    7622111112.27    536532525    5506462680000000018
19740719-002229FIN197431974070119740719    7179221124.86     934770812.04        1.38        1.15        0.13     713137615.56  232484914773.53    6216078649.47    678925334    813554738LKcmIFGIvNgAcvIcDsIfLSTCBTFZvyKmVsXmANBQQ                   
19740719-071250FIN197431974070119740719    9586640205.37    2616731735.51       16.22       14.20        0.27     779720001.74  683965580240.63    8455996715.08    161368145    184340518qjSaOCoSjvkDDsGBRSZtQArhIwHqECVHSANLKMfXfgkBvoVykkPSLPYv    
19740719-080138FIN197431974070119740719    4771287959.42     203312563.30        0.56        0.52        0.04     327968069.84  246995099497.25    6385331240.79    361139949    3946323020000000355
19740719-191949FIN197431974070119740719    7421757855.74     624827161.88        0.75        0.69        0.08     678258686.95  284527440388.86    2900607811.93    830615261    900067482DcixvPMjYlaZGygYVQDbBjxviLTHeYsokWRRkADUoia                 
19740719-210348FIN197431974070119740719    7343620113.78    2120591011.83        5.32        5.01        0.29     230570519.72  812529643977.68    5153048061.98    398506082    423477914eBZLwzfHUBLxsWSFpQmudmDjRXm                                 
19740720-030145FIN197431974070119740720    6206958040.68     165174324.50        0.49        0.48        0.03     633476644.39  687636348384.43    5156009233.62    335125097    345655628OCuNrytyPITVDUziIzC                                         
19740720-081651FIN197431974070119740720    5278721802.53    1729880051.39        7.52        7.44        0.33     802275238.03  923237679469.19    9034845638.69    229966494    2325074020000000132
19740720-094942FIN197431974070119740720     852802564.29     385691831.57        3.13        3.06        0.45     126928287.99  699070040850.36     395428908.43    123147964    126131387rqMbvwSCBGYCGMEPKQeELcTKYUzuwRMWTqYPIirIgRbOCStxEXLeiAEZJCb 
19740720-185946FIN197431974070119740720    3617696471.93    2063873709.93        3.05        2.71        0.57     412839082.77  984494853255.77    4263851824.85    676515296    761862641bVdysLBHshjuPhsNYkHFNjcUcvqFIGJCdTiXjgeSviTyXxtbw           
19740721-061005FIN197431974070119740721    6805398008.90     774042464.63        4.55        3.81        0.11     204963052.56  506663717274.37    2690941645.09    170177943    203412360nUdcNsETZCLxuPVMKh                                          
19740721-143519FIN197431974070119740721    9704863751.21    2837879828.81        3.76        3.45        0.29     542747558.94  348825621588.89     875201677.40    755494226    823159465WKHSDaFEDSYXOynePKHWBGLeJ                                   
19740721-172228FIN197431974070119740721    4979024413.53    1048344000.04        1.74        1.46        0.21     109711852.68  613701908621.62    7707496465.59    602374573    7176387700000000207
19740722-013758FIN197431974070119740722    8961842008.90    2287506982.25        4.59        3.97        0.26     190290121.08  567371937495.58    8151581977.74    498239996    5766896140000000247
19740722-071841FIN197431974070119740722    3473126811.68    1449107742.89      110.71       98.01        0.42     486655849.31  487306770869.36     535524346.26     13089608     14784609zZCyFkqieiPsUGvBJwvhXNW                                     
19740722-100638FIN197431974070119740722    5255877219.84    1563433185.41        3.41        2.86        0.30     410488002.23  693755763817.91    8125694760.10    458732576    5473923840000000126
19740722-163111FIN197431974070119740722    4472199010.43     848104286.08        0.91        0.89        0.19      45867468.21  785702508822.36    8856468024.10    928215613    9513221070000000236
19740722-191633FIN197431974070119740722    6814501305.87    4542624576.66       13.43       11.79        0.67     712487829.91  301602184352.28      82248621.58    338370502    3852163670000000279
19740722-195025FIN197431974070119740722    2867797340.93    1161300066.33        2.10        1.78        0.40     249935785.36  553100975810.93    7890923830.85    552368048    6526767890000000198
19740722-223430FIN197431974070119740722    5779377974.91     211701061.76        0.94        0.92        0.04     983430595.61    7568894462.42    3388246326.58    224207683    2292004390000000178
19740723-062341FIN197431974070119740723    3878278934.01     247087715.56        2.46        2.43        0.06     152043211.65  173365559578.60     627791805.63    100608566    101475654PozAgYtmghzwqacMhOFSFF                                      
19740723-160154FIN197431974070119740723    4950986030.04    1960221562.56      117.20      103.20        0.40     142720036.83  655991003902.67    7329785501.46     16725675     189948560000000245
19740724-031436FIN197431974070119740724    6359123537.30    1125579671.87        1.94        1.79        0.18     233970432.70   57121812281.26    7777390470.80    580481585    627349354LKCNUwwVcHHCDVwSxILaphVOqaSQACIMfdTAl                       
19740724-061844FIN197431974070119740724    1749080528.87     246811635.09        0.31        0.27        0.14     526247909.67  434049988513.53    9860159173.06    801005474    9260282760000000060
19740724-080446FIN197431974070119740724    2924573692.49      44332232.77        0.09        0.08        0.02     627777057.13  831182048240.83    8749410394.26    475678756    5288975030000000351
19740724-102759FIN197431974070119740724    3146681056.21      82895195.31        1.38        1.22        0.03     793012930.28  555331424513.16    5800067525.27     60073168     676773490000000127
19740724-160056FIN197431974070119740724    5632162586.55    2244124697.18        7.22        6.53        0.40     766176484.64  145825570275.23    9716168933.72    310775384    3435045130000000335
19740725-014036FIN197431974070119740725    6367586042.97     223647836.85        0.33        0.31        0.04     263851701.86  749004378905.52    2324419313.16    685748638    7294031530000000230
19740725-033837FIN197431974070119740725     300390246.01      16902885.10        0.09        0.08        0.06     412707005.11  366429652323.00    2792535522.46    187430002    2134367860000000108
19740725-045808FIN197431974070119740725    4933922270.12     372567248.07        2.76        2.58        0.08     229671340.34  753529433518.74    2827771851.66    134942746    144500870sRWWIhWVTcdKuZKNfeibPUSU                                    
19740725-095011FIN197431974070119740725    8308728433.88    4754760636.29       11.80        9.88        0.57     848876860.12   38299097092.01    6316971260.79    403046083    4813654990000000237
19740725-100828FIN197431974070119740725    1345817718.64     297374789.26        2.87        2.48        0.22     555917735.13  181360288238.85    6940289958.71    103777421    1196843770000000194
19740725-160047FIN197431974070119740725    8942268400.72    1549548288.56        1.89        1.64        0.17     308170288.89  586531408443.16     978511631.22    820801151    9476114610000000343
19740725-232320FIN197431974070119740725    1910797807.09     654582642.14        1.26        1.08        0.34     274491593.06  779856498086.41    4441914649.60    517682144    604196734fKTWdFNbJFpYzsgNOKBALRptDJzAgeGSPxIBaUpK                    
19740726-035154FIN197431974070119740726     454999326.30     101963328.89        0.12        0.11        0.22     644550990.80  622213910004.59    5671152158.84    840704856    906598002RtViYFmrIsxKGEwUpZCHztOlYJbXJDNK                            
19740726-132155FIN197431974070119740726    7013178087.22    2913793257.09        8.19        7.38        0.42     542206062.56  395410459873.02    4725964536.12    355983395    394900900nFkXCFIQQcAPOHRuYtieKkGSZpAdCmvxWPuheWUSLiFkN               
19740726-132657FIN197431974070119740726    5525362226.17    2465668683.57        5.64        5.57        0.45     651763152.77  109296881754.83    8761387225.67    437143638    442882087rflAKFDXHCAcNmwLNJTMIvxdoAJIIC                              
19740726-231711FIN197431974070119740726    9911882098.76    1913184535.05       19.32       16.16        0.19     686136028.80  471111887814.42    8908578540.84     99050621    118356546qBMMQLoTVJXYOWHbqUadsqhStqZmMDQEYnX                         
19740727-052544FIN197431974070119740727    4492550351.97     638482574.03        0.66        0.64        0.14     955894989.79   82307308704.40    2925399565.62    966543676    991887220RoWWWWjHcEnPEUUWt                                           
19740727-152023FIN197431974070119740727    7725251476.47    1847583738.19        2.57        2.38        0.24     536230814.18  312863589881.45     182922550.39    717877285    7773276920000000253
19740728-001956FIN197431974070119740728     220845009.32      67840714.92        0.14        0.13        0.31     291969959.23  179748875377.99    4588525875.65    489629902    535840339diqlqOsDpYaNQhSPBbXhMXocCDXEfNMfLDMDHOdpovsklTN             
19740728-050311FIN197431974070119740728    4185254204.52    1644355932.04        3.83        3.32        0.39     679805567.01   85821756905.34    5917156982.92    429301306    494677594PbZdBtNVFkoHUVrXoPHrheGsXLJgIHgHTAbSKZsIPv                  
19740728-101434FIN197431974070119740728     704463641.85     430700000.50        0.48        0.44        0.61     720178514.71  961061177334.88     955757897.55    904261941    9724578720000000304
19740728-190810FIN197431974070119740728    2767963536.03    1359485442.53        2.02        1.82        0.49      93425642.91  356357733305.51    1341558175.03    672654067    746004363QPoUnLDTrDgYSUKWmSCDOMHFQOuOStATjAIXdgAbzman                
19740728-232405FIN197431974070119740728    1145035048.25     658423877.01        1.18        1.08        0.58     952924796.06   10016318236.97    5890693924.47    557657990    611601153ASbGTNXRFSOYSfTSaVbYApEoKYKyPDUCfmKoywwEshF                 
19740729-094553FIN197431974070119740729    4531964294.04    3017435822.88        3.59        3.00        0.67     882946275.12  957701702291.71    5260657265.49    840977078   10046479530000000347
19740729-141314FIN197431974070119740729    5974205320.12    2615618717.14       76.24       69.78        0.44     698951778.70  996984329476.53    6310645886.33     34306979     374826800000000144
19740730-005920FIN197431974070119740730    8274540097.20     212004659.61        0.55        0.46        0.03     603876438.85  806006626444.20    4248497578.37    388644645    4621253360000000176
19740730-103204FIN197431974070119740730    9965412855.77    1138321367.95        3.93        3.77        0.11     975771894.66  939119690856.13    6495612904.93    289461036    302097469xUJWMEEmEMdIWSDGXW                                          
19740730-164703FIN197431974070119740730     288409957.78      80889155.57        0.18        0.18        0.28     932103319.45  777383196898.96    1109561020.83    453673223    4620529020000000299
19740731-035513FIN197431974070119740731    3883584798.52     835994057.56        2.35        2.17        0.22     375599197.91  373199646821.87    7923674748.96    356069239    3857784420000000310
19740731-140336FIN197431974070119740731     399075501.54       6062442.29        0.01        0.01        0.02     119803698.49  754363854264.20    6015811358.95    753785518    7912061030000000052
19740731-170512FIN197431974070119740731      52094042.99       1682898.05        0.03        0.03        0.03     603341696.96  567583182191.64    7732085026.12     48578611     541509010000000312
19740731-175053FIN197431974070119740731    2140399876.88     791207375.46        1.25        1.15        0.37     111691041.44  949653875248.52    9910652279.42    631538990    689314545LViVEKgsrKwCVrgOwkPeRFPWWpkHCZiTNGXGkVsAVwjm                
19740801-043524FIN197431974070119740801    2557232184.83    1268300331.86        2.27        2.08        0.50     312978333.31  375305048715.01    1677638397.43    558505934    6089252460000000152
19740801-142828FIN197431974070119740801     218287792.23     113294481.28        0.15        0.13        0.52     920666521.88  934567106239.65    3924418637.23    776220899    8437413650000000309
19740801-193702FIN197431974070119740801     491739491.66     132861253.20        0.28        0.26        0.27     681039413.88  159644176004.06    5631914657.78    481720900    508909907BlzKUNpcdbxQGHwUAaQlIXGgyZmHnyRREOKBwpXvXwwWEOWiNJVMXWALS   
19740802-005630FIN197431974070119740802    3365590302.91     997953740.37        8.14        7.54        0.30     197288288.89  831972235182.89    8654679094.14    122527193    132329847JaBRAUCPDCLITNXXrADVCSIopfxogeRFkYFvBVlr                    
19740802-034142FIN197431974070119740802    7057054844.98    4627788700.22        5.89        5.57        0.66     191668849.49  168205775677.83    8793756403.45    786184972    830882390tqlRQYAzmtTPakQfMSMZlHg                                     
19740802-133248FIN197431974070119740802    4944073596.27    2084758213.31        2.34        2.30        0.42     201091932.75  195221495386.54    8190643735.60    890429122    906540015VcbAKPfBIpRdEaWhZBDoBABArjGqRCPYqanHvstLOVuMQC              
19740802-171839FIN197431974070119740802    8718993835.77    3747179103.47       38.45       36.19        0.43     377005768.39  541223453851.10    1995537088.40     97453023    1035339390000000199
19740803-033728FIN197431974070119740803    2760227725.07    1479104488.23        1.55        1.42        0.54     689346209.32  132951440221.87    1715402012.39    954360971   1038138756KJhQqvrlpQBidNaiKSbeNNikTGFNyqfAokZNpWiMnQ                  
19740803-130107FIN197431974070119740803    4700720591.88     582143450.32        4.95        4.73        0.12     808901261.58  814777874845.06    4654310282.72    117502474    1231077150000000336
19740803-130628FIN197431974070119740803    7978680847.44    5034528931.01        6.07        5.85        0.63     208958245.54  844750368184.09    3838510793.71    829075072    8610030810000000327
19740803-230643FIN197431974070119740803    9031737132.24    4100464972.28       11.89       11.29        0.45     397847947.10  659924308838.27    8090479759.64    344959906    363327653bqxEENiCeuJtRlUKFwhdKteH                                    
19740804-063533FIN197431974070119740804    1150065385.91     671522625.72        0.97        0.96        0.58     599398992.11   98950695248.39    3386314381.50    689135486    702661131gAWYCbVKcVlXGvfZ                                            
19740804-141523FIN197431974070119740804    3705761615.51     485440639.09        1.42        1.22        0.13      75750263.58  840844914020.56    8221651434.49    341975136    3981645650000000184
19740804-231735FIN197431974070119740804    2928371399.13       8403840.69        0.04        0.04        0.00     603867889.07  487801693350.75    9323132135.84    201384361    2100220200000000151
19740805-083654FIN197431974070119740805    5529741482.25    3442137859.49        5.37        4.63        0.62     885022882.39  239197602876.31    8294757436.74    641125780    742862008rkWTCsQbCPAUfRcKLCwMGTdIqvRSpGXQyDXxU                       
19740805-191437FIN197431974070119740805    3506156182.47     352861326.04        3.49        3.19        0.10     316618556.52  402492935422.98    3595468790.23    101063287    110580520HazhIGPeCVSzQZwuNFJTfJUbhYdYFIlCd                           
19740806-011725FIN197431974070119740806    6041559188.46      47869537.50        0.13        0.11        0.01     265750087.56  234550994312.49    4926342663.67    379038949    433996889eMeEGklgXHxDbHmSKMgdNjtvbmqrnPkesDKCAFGtvoUrQw              
19740806-040636FIN197431974070119740806    3913072914.72      18114502.65        0.08        0.08        0.00     424828469.82  816141941741.83    3831225734.40    222945601    2290326890000000344
19740806-055419FIN197431974070119740806    1569264414.59     506135436.26        2.51        2.45        0.32     743884102.34  460251350080.24    2581928327.85    201793428    206946024WWZnPQCzopSOWpJARPzEqydPAK                                  
19740806-121049FIN197431974070119740806    4164834309.28    1932957529.77        2.98        2.65        0.46     271245872.05  271483812482.39    7346125796.99    649008659    730693092NzPPOvaDXUEaahXSUBxgGTdt                                    
19740806-182531FIN197431974070119740806    9757736108.18    1963927545.39        7.60        6.99        0.20      53589827.04   31383638310.64    2200571346.34    258327663    280892043gDMXHLTeMJMEiSAyKEnl                                        
19740806-214755FIN197431974070119740806    3668791405.29     976931261.68        1.28        1.15        0.27     336124681.14  332973530162.41    2940821440.82    762555178    8514248750000000363
19740807-044834FIN197431974070119740807    3286631383.79    2084457279.69        4.96        4.15        0.63     827456850.82  142997954319.17    9843787934.68    420028629    502428155WCJJAitQbHnCKfmKEVEELEBjYtHsVGTBpOMMCLXEadMPRGRTA           
19740807-094144FIN197431974070119740807    9632124966.03     780819692.97        1.22        1.12        0.08     644935028.93  859473732221.63    4467663900.54    641297953    694126030MsyYBSXNmpCCDtQsKITr                                        
19740807-121353FIN197431974070119740807    2172541516.72    1037011739.20        1.22        1.12        0.48     255508886.88  741884249627.19    1397064873.34    852120879    923664142HlQPdCFlfEZpMPIC                                            
19740807-193137FIN197431974070119740807    7504054921.02    3693362596.64       28.13       27.02        0.49     210988796.47  231239096096.32    3518573734.97    131273013    136688802yNswyMTeJisZhBAUQKoZSIKDiQjQGQezvJmxBiPyRJAQuJv             
19740808-050220FIN197431974070119740808    8467677026.35    1228031157.22        3.98        3.73        0.15     301956701.31  121675758325.42    7822326815.15    308731002    3296060130000000064
19740808-095932FIN197431974070119740808    2327065417.76     819466800.99        1.09        0.98        0.35     605343106.33  633076250446.15    1688918524.43    753480763    835974122ILluFBdLbXRPNPnaiojyEqsGqUArncqWACvKTGoQnLdlqc              
19740808-114425FIN197431974070119740808     728552545.79     484655794.91        2.62        2.51        0.67     974492272.84  235402503958.60    3756082002.19    185085188    1929590670000000177
19740808-164822FIN197431974070119740808    3929856625.15    1932273087.13       21.31       19.77        0.49     487949306.61  851908330460.78    5318467406.19     90653950     97734682dTeGxDjIdTKaDZkEQ                                           
19740808-182850FIN197431974070119740808    8934373572.51    5542979071.32       48.69       47.40        0.62     173045311.59  962332103890.40    4574883264.94    113831596    1169364070000000162
19740809-040259FIN197431974070119740809     821949414.37      47964753.94        0.09        0.08        0.06     588441463.81  401659670298.32    2584116733.77    558161692    6140823140000000102
19740809-122902FIN197431974070119740809    3575013708.01     281012583.52        2.15        1.83        0.08     883128494.39   24109376395.58    7451904372.74    130736097    153924434YwfZSzCHnIqSMrTYCCEtVKrNxTKQsq                              
19740809-151209FIN197431974070119740809    5119418288.73     805319018.43       10.31        9.10        0.16     459359343.59  143375088807.51    3852515612.31     78140141     88478468NvcsQmlNGvrUpHVMNMKHzdZhzXKERsNxWKMVBzKlsSBM                
19740809-195346FIN197431974070119740809    1369243700.72     260500112.16        0.34        0.29        0.19     920821047.79  321140889126.73    2381366667.17    759463894    8879981940000000307
19740810-052257FIN197431974070119740810    8436090713.24    5557223570.62        6.10        5.94        0.66     623540824.04  667351358799.26    4659344765.98    911756058    934830786YGODXTYUYQHKSUzVdmTrHaaZEgiuZLXAwzvjFZMnWXdUSECjfiOJYU      
19740810-111059FIN197431974070119740810    2170196859.21      52251118.41        0.10        0.09        0.02     699399998.01  303590045480.56    2566285769.67    508014948    606577103EOMpasJigJVvYQGKVcDPddEniaOUaTojpCAmYQrUeZJEGo              
19740810-130446FIN197431974070119740810    3902234166.52    1230339890.06        2.56        2.55        0.32     576035270.66  543309356340.51    8108512264.72    479741779    4818427120000000044
19740811-000530FIN197431974070119740811    9004080304.34    2559254083.38       15.92       15.35        0.28      34929834.68  952248715797.49    9850584581.76    160739994    1666859000000000319
19740811-085018FIN197431974070119740811    2963563699.37    1353165727.98        5.94        5.76        0.46      96190545.49  367529532375.28    7342370135.77    227953964    2347347800000000163
19740811-110942FIN197431974070119740811    7458903354.94    1979449240.12        4.81        4.16        0.27      85597828.10  829345758972.52    1213230396.03    411792250    4760109340000000277
19740811-111229FIN197431974070119740811    9142669303.54    1685830809.40        2.22        2.21        0.18     838247960.12  908178219339.94    5088479184.47    758186658    7628333760000000105
19740811-192200FIN197431974070119740811     348750928.86      73142734.45        0.08        0.08        0.21     300574319.05  460456637439.54    2916470385.75    879652044    9001382310000000075
19740812-021824FIN197431974070119740812    8391375822.27     893912563.24        1.85        1.84        0.11     380593831.98   99449218788.47    2751689586.44    483789280    4856465140000000037
19740812-050518FIN197431974070119740812    3003939363.79    1697091224.90        7.84        7.20        0.56     709348901.76  175229656665.91    4148215644.97    216375188    235841386HEGOhdnxjYISpGXhRRUQahEU                                    
19740812-132711FIN197431974070119740812     158019382.83     102165052.70        1.45        1.45        0.65     775180290.58     605355259.16    6245693984.08     70217065     70635376XFIdEwZygbPJVVwGVWIfBAXvHBXIOxdvsyIikUuSMNZsQaMY            
19740812-195417FIN197431974070119740812    1266641189.42     236638813.77        1.35        1.29        0.19     911025872.06  221833526827.04    1584472825.51    174642432    1837171060000000101
19740813-001027FIN197431974070119740813    4614152827.33     979789354.23       10.50        9.98        0.21     462078051.07  752903111917.09    9424706950.61     93282442     981696820000000059
19740813-022503FIN197431974070119740813    8278438319.28    2605357072.52        6.42        6.29        0.31     734722990.42  792227426417.63    7138984721.37    405508422    414034188XEYdozBcEbPhRFHwKiUQyBWXKiOSSZlHFtNCTxUNaBRyBgaISh          
19740813-112754FIN197431974070119740813    4639893930.93     171713243.29        0.43        0.41        0.04     388260673.17  563161528088.58    8774310189.97    395463569    418216040daGGtcoTREcrZvEbKVXTGbZcgwEydZMugGTKPnwbTU                  
19740813-123758FIN197431974070119740813    4971704571.81    2189209790.69        8.17        7.27        0.44     329182554.57  748102304421.82    1636505881.36    268117844    301092776hcPDGWJeqNhVOJEHQzDTICfkFUCNaLlcnCkzQvSJALfIzRb             
19740813-142833FIN197431974070119740813    8424326159.01    1499089091.02        1.51        1.43        0.18      98891540.94  809709626521.94      43169727.07    990448769   10477444120000000205
19740814-013635FIN197431974070119740814    6335462533.04    4005834423.27       12.50       11.45        0.63     450918422.03  318188137599.98    1338166088.39    320493816    3497997380000000155
19740814-075034FIN197431974070119740814    8074066840.65     823249006.87        1.22        1.18        0.10      50028801.80  503274615969.11    6460911538.48    675484900    697195695XiKcfZmoGQnBHAdYEzmdTwSdbIDPEXDvLJbgRSdkrsLGrsJIESgMl       
19740814-171259FIN197431974070119740814    9121309299.69    3674451883.97        4.84        4.44        0.40     352063424.43  759815440878.92    4337236006.48    759920588    827579072kkhSvCsfgbDUvsiZWtPQwjkYPwKrfTUFMGMCWCBXBcOcTkaLSudO        
19740814-203210FIN197431974070119740814    9229024085.30    1508371046.13        1.73        1.55        0.16     739727337.66   75718717286.71    1963493496.81    870420408    9711579150000000288
19740815-021505FIN197431974070119740815    8843469797.97    5883782110.37       21.47       19.57        0.67     878443487.99  722763838807.92    1317260776.71    274020231    300591250xItpdiEnJJAMNVucbcMCrZOxGKVLQtYwdGnBtSGBDqMTsWQhoJxXwANLFnQo
19740815-035449FIN197431974070119740815    6562394503.34     152023985.67        0.18        0.17        0.02     502372076.53  510089894846.46    1807205343.18    862942132    915431984DGDgbyTniJxSJJPHLVwwcatOfVEGLQJcDCwMnGNsQnkAvm              
19740815-112046FIN197431974070119740815    9098027890.36     691550904.28        0.86        0.74        0.08     896458333.25  534049505809.73    9698622851.95    808787414    9402607300000000342
19740815-144805FIN197431974070119740815    3184950782.38     548541743.28        0.72        0.71        0.17      61808687.31  847534071159.89    5294553443.48    766020349    772594671NkpmsBILljFbVIAskKSudkLAIHYbeCnBzSVbIcIypZcePYIXqxdlNs      
19740815-221842FIN197431974070119740815    4766821637.58     301331123.02        0.48        0.47        0.06     333812821.33  604385768304.69    3347021142.58    623703675    635026812WaPVywTQRRwsTRQ                                             
19740816-002425FIN197431974070119740816    2417945940.26     983885128.57        2.53        2.25        0.41     863531886.35  489479301721.41    3401934894.45    389028931    436704134KystGlBRwWHnygomAkGxXAAHJowCiGoTIuBrJfHMDMYlMVI             
19740816-044453FIN197431974070119740816     797971672.67     288279246.80        0.78        0.75        0.36     655015828.00  459173421592.93    5193695954.53    368634389    384564548BCRRYMzpoAimKRITzLWLsoomeKjnZvguJDE                         
19740816-154430FIN197431974070119740816    9085888550.59    1092463554.07       21.40       21.36        0.12     631808157.46  540863625136.92     770779429.29     51060501     51144478rbQEMTDSSmesMYTyFxMzrehZuuBFNALNTiGRlH                      
19740816-210704FIN197431974070119740816    3549638503.15     367834995.57        2.02        1.97        0.10     153533468.45  932683594601.64    1944137719.43    182017832    186842803QNZUltgBGCXGYshw                                            
19740817-081934FIN197431974070119740817    1138506724.33      90697215.00        0.13        0.11        0.08     623396611.84  433525627797.20    7466209160.90    702182871    825696573nUSbwozHKnjEMwDGEwifsBDVkWMEUCXcZRAlqaRyXugMDSPCvILEtSe     
19740817-125148FIN197431974070119740817    9794314693.85    4793791957.81        9.17        8.17        0.49     188097003.67  272905763223.04    2967431487.21    522860483    5866923590000000147
19740817-222339FIN197431974070119740817    1803325659.52     730828837.03        0.78        0.76        0.41     778341051.11  703078661934.11    3593676365.84    931373301    963211421OWhkEOObBxFJLmuCTofocjzocIKbNsmlUvpBNaiWNzJI                
19740818-093210FIN197431974070119740818    3643231732.99     560093745.33        2.91        2.66        0.15     715767702.84  380999523533.43    2382145029.83    192749554    210467117PJfOlXRPMTdOuTIMAy                                          
19740818-202004FIN197431974070119740818     915993033.52      82385142.63      138.62      132.38        0.09     604614582.18  388344531427.41    3931722428.69       594308       6223610000000076
19740819-003836FIN197431974070119740819    9045247979.83    1584551977.33        8.59        7.42        0.18     717825104.31  376576609401.51    2103101562.62    184547739    213653032WzOtPSWtykNIHobQCFqQBRbotBuTKxcwgtMGZlvSuzkznMNrJ           
19740819-055014FIN197431974070119740819    7946719261.33    5403134593.00        5.63        4.96        0.68     442483332.10  126787848066.41    2450517172.14    959428838   10898601020000000250
19740819-063936FIN197431974070119740819    7748112180.03    2320673562.43       53.51       50.25        0.30     435160332.80  660592374801.95      40091124.63     43365264     461811500000000051
19740819-151517FIN197431974070119740819    3202849785.46     982753194.96        1.89        1.73        0.31     624326608.34  733580598873.29    1200940835.21    518866601    5685629290000000248
19740819-200146FIN197431974070119740819    6300043083.08    3934853819.96        4.65        4.36        0.62     102479252.60  699478341746.07    6078782930.39    845963079    903181132BvhtIYLKwSFVFgnsTkUZnIpBxtfPFEEeEcMLBFYLtOxBVxdDDIhwS       
19740820-055958FIN197431974070119740820    1214236797.93     292215374.49        0.71        0.62        0.24     701109246.23  686937294792.11     667053172.27    413682682    470748671NtOdvFBFUhCVdhuIepZmNOBReS                                  
19740820-112527FIN197431974070119740820    9565542900.04    2876540913.37        5.53        4.84        0.30     235143338.17  969457215336.95    2393597691.73    519855778    594885763dfFANecQKvrSQgzQKpIQVdGVbtGsTGppLzsrQESzNGrlVGjjGlGEuMtSRXwM
19740820-143635FIN197431974070119740820      83057016.26      22967046.22        0.03        0.03        0.28     548047973.65  688153387497.53    2629494961.47    681430965    727945897UeizQETXIKRQQajgPixNtKPPJYjnaOANfKTiKleRGQ                  
19740820-191717FIN197431974070119740820    8845099849.34    1399403126.29        3.63        3.37        0.16      33878473.37  529403937499.19    4579560168.32    385003379    415181976QAIfXCkZkcOUWysYZNIrQhFKChnxkXeYAlUVoUXQtalpMEzkjpnJDLQMx   
19740821-034726FIN197431974070119740821    9017608004.14    2490751074.98        4.75        4.36        0.28     756283442.83  933896180451.69    1411966766.05    524102070    571787736VikNJFYegVVQGYqpTEnxkClfSmGXAyLaNwsjSHKiUlJafPQsCfYY        
19740821-051020FIN197431974070119740821    6437272183.70    1187816452.96        7.80        7.68        0.18     462076535.26  905762978981.34    4760520077.35    152332888    1546790290000000217
19740821-135915FIN197431974070119740821     422786038.97     115282297.70        0.30        0.27        0.27     331148192.33  819068419354.83    5465815927.74    390016966    4298956850000000077
19740821-170752FIN197431974070119740821    8092854759.96    1289591078.96        1.64        1.55        0.16     681957605.99  862498874388.35    3643134759.43    786863030    832397431KwGGHtkLxtWGPwoGFVBKTqHdHhmZbSsgyyHfJEsFJbOuJAQfYzTNZNcIDF  
19740821-181319FIN197431974070119740821    4437887348.54     724350050.04        2.00        1.71        0.16     618625117.18  264427512946.15     987610918.63    362421240    422775191qKjXPsBHCteFFjjVUJyGXLGVDBNKBTSUHGZTe                       
19740821-223634FIN197431974070119740821     913896959.69     108053248.95        2.94        2.50        0.12     338203883.43  991897972453.93    8552657761.48     36808716     43158532CVRXvUkWOxdMcWRMhABiVpiKwSnFEzHzbbeQ                        
19740822-083017FIN197431974070119740822     395975179.81     205211842.25        0.40        0.39        0.52     829556578.94   86683412143.10    3753427563.12    507730297    5269704550000000174
19740822-134631FIN197431974070119740822    5154691431.61    2427083985.52        5.96        5.35        0.47     408937050.93  405042882957.37    4898506345.88    407091007    4538260950000000062
19740822-223432FIN197431974070119740822    7684561557.54    5098045072.76        7.70        6.92        0.66     442372914.59  226648915525.62    7293286907.27    661931896    736538932EsHPWeZIUldfxNQnmwk                                         
19740823-013757FIN197431974070119740823    7166543024.49     950152312.81        2.81        2.71        0.13      52727404.78   25057959490.73    5797599439.19    338439355    350483630yURWxInlVahogpZHAunTIhWpDHUoQwnugkGiHKWVDOnuTAuSApjDJaf     
19740823-061536FIN197431974070119740823    8432246380.18    5397247454.02        5.90        5.24        0.64      37416724.25  437353281281.78    7789759171.26    914475380   10297680770000000045
19740823-161733FIN197431974070119740823    8624263820.21    5715402557.01        6.99        5.96        0.66      57431033.12  210315353829.51    3503405562.10    817443686    958805180jmClCXBcZwINVyetRxHbWYRbsYBIFkuIGtecXWIN                    
19740823-170709FIN197431974070119740823    8240399364.53    3245877236.70        3.47        3.30        0.39     518724699.02  414726523247.67    3497139359.98    935471065    9827510050000000321
19740823-222332FIN197431974070119740823    5456120584.71    2410716945.10        3.03        2.93        0.44     472941517.60  480383354575.26    3388754535.27    794450617    8235646220000000124
19740823-232701FIN197431974070119740823    7261710080.28    2986617575.30        3.14        2.87        0.41     476715202.77  843897715542.58    9696327738.85    951980573   1039756793HCyVIHyFodPADbGORMCBjByxRTESfBNDTPBZrsTBUACleKEVFjHkSOorMc  
19740824-070653FIN197431974070119740824     583090007.12     344016685.43        0.49        0.45        0.59     172068156.61  682376516297.60     707730776.87    695902945    760731109SLjJLcNoIZTAyGyOAtNtTFMQNEKksLfngTYwlVSjEZSFXAXKeoBI        
19740824-120324FIN197431974070119740824    3202969216.55    1292654613.60        2.88        2.77        0.40     917097707.05  298907023073.25    2057584413.18    448140158    4664883340000000211
19740824-194913FIN197431974070119740824    1103315177.03      28880072.86        0.11        0.11        0.03     513322003.06  345293575870.64     774343939.96    262183160    2691208370000000067
19740825-022506FIN197431974070119740825    9256564158.00     855052156.67        7.81        6.99        0.09     572377416.12  829813823199.73    5923755890.87    109523159    122301202hAZTeeUwWHJnxVqOIIMdOeIUXVFVRVcjVxkKbHSX                    
19740825-061145FIN197431974070119740825    9012197275.08    5838910223.81       15.39       14.19        0.65     730380374.65  327478065792.41    1918357894.06    379500226    411589094NiBcGbDvQsFXSbRxOUPzUvEKLCXRVlDFrhOUHduBWHC                 
19740825-144242FIN197431974070119740825    8054674477.83     758387673.29        0.77        0.67        0.09     154884205.17  653817740440.06    6710112758.30    980584819   1124836675eJrkPOGbPloJTlEKCMUyNKBpvGpCjXvROvjLfKTOvLUUcv              
19740825-171721FIN197431974070119740825    5411010736.56    3152774785.12        6.53        6.34        0.58     756594158.78  775566413928.57    2230794462.48    482867462    497287269GKXARCFbFebKiAlLUJXKJgRjmqXdAQcnJFJAKTzRouxMxMVkXQMjtVZu    
19740826-031732FIN197431974070119740826    1504381252.07    1026166812.69       11.22       10.78        0.68     121790717.93  139890958641.71    9706119568.88     91420681     951594330000000341
19740826-051115FIN197431974070119740826    3990618989.32    1588688732.49       19.57       19.02        0.40     907283636.66  138832130303.65    7057149823.75     81172918     83518528UXGHkVXHONXySRVzmlfgOKLOPXECLsMMjGzHJnirREX                 
19740826-093920FIN197431974070119740826    4069597611.53     839646632.87        1.43        1.36        0.21     521327428.73  880377957088.88    6013971688.50    585351664    6171069500000000002
19740826-155046FIN197431974070119740826    3118403195.22    2108631735.42        2.17        2.16        0.68     617836283.42  820883582436.85    3299077283.31    973558318    9752843280000000358
19740826-203744FIN197431974070119740826    7256844540.39     191226051.57        1.10        0.99        0.03     281189464.36  981381128562.06    9434796328.28    173280730    1922565030000000362
19740827-054109FIN197431974070119740827    1532918084.57     266222810.72        1.13        1.11        0.17     256283566.96   23325023571.94    9907760569.99    236109606    239670978olGIXXQFLdIHXDEuMLdDVNJbXfMiSChBOXXHPRgqQfvPMFOMefo         
19740827-150219FIN197431974070119740827    2713401040.46    1243310944.65        8.50        8.45        0.46     662207823.93  161183785874.80    2621485539.19    146344722    147051420qNBRLBcNHRMNCOGgoLutSmLjluU                                 
19740827-163151FIN197431974070119740827    1581046654.50     331913425.30        0.62        0.54        0.21     587191914.48  485400813495.33    2342168974.97    531111125    610420599GZYLRjrimaTBIzBBifAOowqfEgITGEQXq                           
19740827-212109FIN197431974070119740827    1898536510.55     523445583.54        0.63        0.54        0.28     569623269.01  366110731715.85     457736600.51    835723440    9757527310000000019
19740828-012220FIN197431974070119740828    1856755753.45     856984450.05        1.63        1.40        0.46     403797210.10  204477618785.98    8359635608.84    524954269    611995230BeGOWxPTEYMAIQhKJtpUTqYu                                    
19740828-122914FIN197431974070119740828    6201511694.31    3193002279.18       61.72       53.16        0.51     802369617.41   60016069773.05    4972959370.88     51737453     600616220000000029
19740828-190923FIN197431974070119740828    9078838972.18    4729405353.89       10.01        9.22        0.52     254377024.03  542391018365.93    7321546954.12    472597451    5129371290000000117
19740829-005705FIN197431974070119740829    3449023749.11     339120344.44        2.07        1.97        0.10      46884147.73  145354735707.58    2240448935.31    163923863    1717407390000000270
19740829-064922FIN197431974070119740829    5771560794.23    2618282397.76        4.82        4.23        0.45     401636169.04  630984193806.81    6456890178.67    543753456    619179713reiXxzjRuPXPXrZpVKbnvJ                                      
19740829-115507FIN197431974070119740829    2523205925.99      75009590.73        0.37        0.33        0.03     605638507.54  777427149800.01    2595263611.41    201614436    225696878jnhGOQaSGPLzBRc                                             
19740829-133026FIN197431974070119740829    1546954695.25     758573415.37        1.97        1.75        0.49     816328245.59   97525161978.72    9971526577.44    385023288    432747444OhGyMTcWMJdQpJQZIiaxBfCuXgKBUhaQsuoACPYaXpbjkXNDZMmSDD      
19740829-170855FIN197431974070119740829    7488153193.82    4398987703.03        5.15        4.92        0.59     803345862.65  264146026645.48    5550124444.53    854931130    8933232810000000169
19740830-011639FIN197431974070119740830    7770946876.11    1520631394.82        1.60        1.51        0.20     413711149.74  515676169300.12    7967107949.87    951578999   1004786162pArpWSNsgNKTOPAFFXMA                                        
19740830-022815FIN197431974070119740830    3086121487.34     980798429.06        6.34        5.93        0.32      12892490.82  429533280714.34    1849849782.83    154632308    1655183790000000298
19740830-084119FIN197431974070119740830    3247372354.16    1990021330.08        2.18        1.87        0.61     929350949.46  758534999763.22    3450209743.63    913511255   10629022220000000084
19740830-154218FIN197431974070119740830    9362380400.84    3831210425.67       67.13       64.26        0.41     922484543.67  360422229406.73    8892616348.43     57068233     59622805OFnTuxOMWDUHOSyWOVCiEosNDI                                  
19740830-163350FIN197431974070119740830    3414422631.49      85327047.79        0.11        0.10        0.02     721539803.03  593502407880.04    4111695863.17    792391757    864676437NDADqvWeHTUAmUatCSDcHERRuXjpHdzMqjiLgxFOplPZNfETQIO         
19740831-024134FIN197431974070119740831    6865944589.08     409768024.88       18.38       16.30        0.06     499474443.24  488016920661.26    5516881843.01     22297164     25133616CrHZqaLKlUACIOCnANOtBcGMhwNEnHp                             
19740831-134852FIN197431974070119740831    5878721669.52     733634038.49       10.97       10.40        0.12     747918046.54  780275777426.14    7769404763.17     66881432     705520560000000153
19740831-171938FIN197431974070119740831    3573993977.36     390607238.10        0.62        0.60        0.11     836896911.96  532872242620.27    8966086798.30    630082697    6470113010000000268
19740901-002503FIN197431974070119740901    1024264052.73      66980627.26        0.14        0.14        0.07     463728242.87  621818840969.70    5505977503.46    476996143    491135089bYDPbZElTEYkPhtQKSUTHJfDnAFenTJmrpOieWeYRcAAHCLrUbHWOw      
19740901-085230FIN197431974070119740901    4634888668.64    3168756249.44        5.47        5.31        0.68      17643542.10  974300665806.49    9576635299.41    579498266    5969190490000000043
19740901-173712FIN197431974070119740901    6915035164.03    2898030220.27        8.05        7.85        0.42     371217733.46  506901252442.78    1890608318.61    360117420    3689495720000000353
19740901-195540FIN197431974070119740901    6354263702.09    1967464687.55        2.54        2.16        0.31     399021169.86  829408939596.66    4814928005.22    774836019    9100204740000000054
19740902-060149FIN197431974070119740902    8971841916.09    3105165874.94        4.51        4.07        0.35     300878510.91  556237942101.77    4784151462.11    688284029    7630463250000000265
19740902-142907FIN197431974070119740902    8727800923.07    2863060080.77        3.56        3.22        0.33     794516805.39  472147794863.09    7451027444.07    804819168    890310870rBMPHLouqFXXMgNIhGTqVDHGAsCbGzEmOWSDGxBXmbKbrEI             
19740902-222727FIN197431974070119740902    7475512342.83    4488352787.53       53.61       46.07        0.60     514731802.53  319935562703.76    2603892559.81     83722247     974162940000000286
19740903-014149FIN197431974070119740903     627488385.05     324867240.83        0.58        0.48        0.52      64810925.65  781740078270.46    7488253530.51    560522982    6725443750000000197
19740903-092053FIN197431974070119740903    8215618307.36     430432696.91        0.75        0.65        0.05     611487764.63  309797254364.00    6684253624.86    574551649    657935404jEDMMMXIiuBzANZHiHyWmFFHVoTLvwUegqgIIMHlatdnrNCMwtJ         
19740903-111439FIN197431974070119740903    6283147450.35    1514271200.57        3.36        3.27        0.24     253163157.21  114759621586.21    6254126521.77    450959285    462423919SPxWWxntruWsXkUhrLeUTFIRwNluEpnOeOAYsCBLnc                  
19740903-185554FIN197431974070119740903    5574342537.86     176537178.17        2.01        1.92        0.03     855307738.47  162986927343.24    1928277121.57     87682232     91785055TGCJKTzuEdhxAvEJ                                            
19740903-185654FIN197431974070119740903       8284836.16       2244800.09        0.00        0.00        0.27     584725459.83  445878211036.05    2403087738.54    941494785    959015521hJTjBraMaWddGWF                                             
19740904-040336FIN197431974070119740904    5900627874.38    4013883322.54        5.10        4.55        0.68     417456445.01  171473262679.68    1215953724.46    786672745    8820657220000000231
19740904-114706FIN197431974070119740904     655445648.75     189312207.81        0.20        0.19        0.29     614697971.74  609083129148.79    1111587273.90    936369731   1022990219gIOONPxnQUwBdFNEMLBUXdUbFPDWDVOVnWIIMRpOMbaMGipmCAICpjncsHs 
19740904-162953FIN197431974070119740904    9177864865.96    5817717118.22       21.52       18.11        0.63     784640361.81  456613049905.88    1144568531.35    270400912    321185432CJDIgUzBAIqWZQVUTlyQjQGEMKgPacOT                            
19740904-194443FIN197431974070119740904    9094429976.54     388361886.10        3.26        3.18        0.04     327892367.54  125005017757.84    2850480070.45    119194240    1221844250000000192
19740905-010938FIN197431974070119740905    6200321636.29    1054719768.08        2.86        2.64        0.17     610171885.00   75610521532.57    3408166794.72    368831025    400235491eZCQjyMmFdRWexdtIZLQhOOJyGrGYSQXYtwRPBLnMHEfMTMFz           
19740905-012336FIN197431974070119740905    1482886018.04     244462058.19        0.27        0.24        0.16     453950169.49   59908626847.97    4376363681.37    910409974   1018322404imdafqhUOHJJweSjJLCsJtrIwQTHOvwNcouZrYzKuEbA                
19740905-030247FIN197431974070119740905      58878308.57       6579402.23        0.01        0.01        0.11     273347992.03  508204057174.70    1765636259.89    806025581    8381169240000000195
19740905-101930FIN197431974070119740905    7585644368.96    5064000437.94        5.22        4.36        0.67      45387586.82  466086978708.65    3763337535.71    970898673   11607916760000000214
19740905-125237FIN197431974070119740905    9968632277.44    5887866813.05       11.63       10.54        0.59     569273830.49  606094612501.85    6556266649.12    506179983    5585534280000000056
19740905-214237FIN197431974070119740905    4171113162.22     240953310.61        0.50        0.48        0.06      56030156.81  481727867686.07     732185861.93    479872944    503620930IddATadJgdCfioVIuoybWUMFoSVrQfTjTzmECHLAKP                  
19740906-051035FIN197431974070119740906    8301000358.23    4287263256.76      154.84      137.55        0.52     864173327.19  644243805459.82     262652855.12     27689117     311689220000000189
19740906-114729FIN197431974070119740906    7815424858.62    4233585853.98        5.53        5.26        0.54     767009303.11  764917073988.80    3362609372.23    765363560    8044242190000000349
19740906-143446FIN197431974070119740906    1517802937.72     793989419.28        1.00        0.90        0.52     775655058.33  475548691964.79    6086158346.06    791401495    877468068qRPVVdOiHOaRcVTAInDgjliDRKxjgWiFKZqiTVfCOkJATvp             
19740906-155020FIN197431974070119740906    7069761249.36    2503667563.27       17.04       16.50        0.35     102638253.58  180058621424.90    1256009125.04    146886092    151696670FhhfrkesbFUwpaFPO                                           
19740907-001840FIN197431974070119740907    8964406238.11    3884494670.81       24.19       20.55        0.43      27829498.79  112249054463.47    7379606382.67    160554731    188990666BzijSDvPCIJvDDDXrPdu                                        
19740907-014242FIN197431974070119740907    7470423418.52    3846052810.21        8.71        8.66        0.51     692220229.76  218410997006.38    2415825900.30    441479698    4439829050000000110
19740907-093347FIN197431974070119740907    8508093314.09    4108156328.97        6.54        5.93        0.48     505143456.63  931813247315.01    6225089393.24    627757637    692991482xNZnDTSoUVPNSoYdgBUPLqzOHFZzrIJQNLRxXgjb                    
19740907-180920FIN197431974070119740907    5578743074.79    3718451252.44       11.72       10.25        0.67     175160783.25  523401296220.06    1931901874.69    317175940    3626182760000000120
19740907-212753FIN197431974070119740907    9937168805.32    4308682654.33        7.06        7.05        0.43     336913806.80  368229076622.63    5088467503.64    610683491    611255034estGmMJWXVNYIvVp                                            
19740908-042924FIN197431974070119740908    8284153843.91    1451605554.96        1.77        1.72        0.18     817344498.13  734200797603.49     232171043.11    819601634    8456017800000000098
19740908-154435FIN197431974070119740908    2867829667.50     155304335.40        0.17        0.15        0.05     866754683.69  362843357830.15    7905075628.55    930314932   1009267887vnbESGDLPDBDVwsKNSXPqRYLGXjuxVJrQDsEcEVAYIyXWMFThaGbMIZNd   
19740909-012254FIN197431974070119740909    6144196314.15    3772678384.17        3.89        3.58        0.61     272237784.80   55894909728.71    3405535780.29    969075902   1054042820VFPdVkRgURQBNEbzjlLXHmVAaEVWSCWcJXimOnutgjQJTPAYiGf         
19740909-081840FIN197431974070119740909    9900056784.62     656681703.80       11.39       11.36        0.07     191083065.75  948467030762.56    6083807866.49     57675382     578225470000000100
19740909-121339FIN197431974070119740909    1727542529.21     168403362.63        0.24        0.22        0.10      35526985.48  411416884478.03    5979421786.56    690852189    7582968020000000005
19740909-231639FIN197431974070119740909     806034209.51     338277339.49        1.96        1.83        0.42     657757689.70  238099404325.30    3863863287.91    172474765    1844211640000000208
19740910-042035FIN197431974070119740910    4432255959.30       4489837.12        0.01        0.01        0.00     732876558.95  794858161064.00    6101643501.56    437003437    487119432OQrOAucqBZdHWTvrsGTQqDUAJesbyHxtJHEzCHKBOOQPPk              
19740910-110835FIN197431974070119740910    9235709313.18     495221127.58        0.84        0.73        0.05     629412521.18  380426827140.01     689669409.59    587441881    677875626MCUMedIwKXKWmxZtjKLGmNhZVZwXLheDyjZaNegMuWB                 
19740910-180647FIN197431974070119740910    6921025090.48    1601888884.57        2.29        1.96        0.23     781771761.94  474236213233.34    8727898214.27    698171682    815949550GQgODZYcTEajaEMYDrWGoMdiJOENBaMGcnwYwuNTRPoOXXVjWD          
19740910-232858FIN197431974070119740910    2767865689.27    1185902009.59        8.29        7.52        0.43     950661054.71  445957958484.44    5989983660.25    143016480    157688353zIHLKvPBQrCTBYzpZzUJZwMrKqTpUZPyXUykkId                     
19740911-021709FIN197431974070119740911    9950605452.59    6099697851.90       14.06       13.01        0.61     138525443.34  787119177588.09    7652231246.77    433695466    4689621600000000048
19740911-122250FIN197431974070119740911    5733884130.61    3971088472.85       10.18        9.00        0.69      28260180.19  904768704146.76    7869442172.78    389956458    441471631kdkMSIAUXjfEwPBQSgTKSIKmszCtWWXwKGVRUzPODH                  
19740911-215211FIN197431974070119740911    9529365535.04     831462048.49        8.40        7.20        0.09     217365981.88   98002582811.20    7413174431.54     98999917    115511682zSzyZVwpMSypTaf                                             
19740912-075016FIN197431974070119740912    1980861889.56    1102228144.65        6.87        6.57        0.56     536721791.03  671382673760.32    7063317601.20    160485816    1678146360000000179
19740912-124001FIN197431974070119740912    3265969416.09    1165152523.48        1.97        1.90        0.36      27133454.26  784724220283.27    4371616632.93    590603180    613227935iXUGHHxqpzQXrsqqQTEnuXFxroDeijHhLDuSP                       
19740912-153812FIN197431974070119740912    9616978655.32    2625830859.68       33.83       33.82        0.27      92205091.44  171448160878.63    7268420031.63     77607586     776319910000000115
19740912-162503FIN197431974070119740912    6851399619.72     143972961.55        0.69        0.58        0.02     245454560.26  413454093730.50    8327807372.83    209798461    250082706xtCKWBjqUKBQIRxNAFhHNGkothLlKEOJLIDZHCCNWPKwSBnHHcnYM       
19740913-024641FIN197431974070119740913    5003308150.13     529699000.94        0.58        0.52        0.11     336123460.53  878553894751.64    5171660908.32    912339591   10199533850000000130
19740913-104528FIN197431974070119740913    1580222430.54     552409102.23        1.63        1.62        0.35     489806099.25  445355329329.75    7591884603.69    339861581    341532031nJeCzbUuGqxTKWAoQUAHEtBPtJA                                 
19740913-141716FIN197431974070119740913    3012337985.95     628117034.53        1.13        1.02        0.21     683150247.99  613164514533.68    6336789404.38    554080085    6133638700000000243
19740914-005112FIN197431974070119740914    2369291279.98    1275081567.20       13.16       12.24        0.54     828212668.80  192730470799.07    2435393915.35     96920443    104178071vXSEWKALOAvhIlwNVfQQBHKxBjyZoXiQNPJjmHVRQmuFFmfzfaBJyGV     
19740914-005601FIN197431974070119740914    9322469186.56    6476036533.69        8.79        7.82        0.69     487844332.65  161090341045.17    7527722501.79    736994496    8278602150000000315
19740914-035216FIN197431974070119740914    2262633799.64     993295960.45       10.44        9.54        0.44     651413920.29  482309394093.28    5594071035.99     95176419    1041350080000000157
19740914-042156FIN197431974070119740914    9584058073.79      45635009.12        0.05        0.05        0.00     110805516.22  332288098161.36    3473261432.64    871845801    9750483700000000081
19740914-142944FIN197431974070119740914    8109909845.86     501920249.64        1.74        1.46        0.06     331965869.79  713699856806.76    8723337758.80    289215946    343945312fSKZtYidUmdFNCVUbIpLsUJfWaXWMdMCRQmEoYqkibwHroQdFTLDdKWs    
19740914-201717FIN197431974070119740914    9858163860.88    2885486764.80        7.98        7.84        0.29     914706148.03    5334218554.03    7057627157.10    361615331    367905643iygCnruNmmiRZKrPxEHpuLAIrZIVgBcvWJzjzMNW                    
19740915-052229FIN197431974070119740915    1341567611.93     264832523.02        0.31        0.26        0.20     457651597.35  922230681908.13    4073443667.37    860692852   10046916740000000008
19740915-081214FIN197431974070119740915    4053645387.68    2509849478.49        8.26        7.89        0.62     708006751.98  968094608103.04    4770658248.67    303801774    3182553540000000173
19740915-181508FIN197431974070119740915    1760879192.62     131403381.15        0.18        0.16        0.07     564848169.78  472397007844.44    9081818293.59    739815579    816057369UKFcnKTFeKKrDiCQaSvHKASfMHqqwaibByIFXMzCNUKdDSAl            
19740916-023247FIN197431974070119740916    1048379072.33     139862512.24        0.15        0.13        0.13     717286869.29  569698450541.44    7340999635.51    952007625   1070959948IYXYDYXzMPNoklZTdipMzRqgCNIOKJHazWaAqvQYkNmrDITClMRGjaTm    
19740916-122243FIN197431974070119740916    8285735490.64     801081497.40        0.86        0.73        0.10     349522653.34  860546535511.28    4287644339.43    926741827   1094562844vYoIOxDrItARtHaxNNHDZTFUGnBCypH                             
19740916-131540FIN197431974070119740916     545438578.60     349437585.55        2.42        2.06        0.64     445538672.94  450136467992.68    6740231672.50    144470861    169691254DFfLCWNBMANVNNVospfGiAJTCJrfFqKRzfHTFdNDAvQwIcZ             
19740916-141942FIN197431974070119740916    7589397213.43    1374202625.67       10.54        9.82        0.18     290406892.17  194995157033.20    8696644758.56    130341164    1399674160000000361
19740916-214449FIN197431974070119740916    3603054249.00    2354775110.58      304.51      286.77        0.65     404786433.23  481418906289.78     483923004.80      7732971      8211501DQuJNtEYqROCQUqiSrVTNyPDbqoiEAHxIIhMFJpSwLlaTsi             
19740917-074909FIN197431974070119740917    6669466253.86    4630546367.92       29.03       25.39        0.69     540192791.58  284977035238.11    2912755697.81    159521896    182411371VZFBRwvFHyQCUMDVoBLLIIBmacVsHPTyOUvhQJtRzByXxTqcURyaA       
19740917-162720FIN197431974070119740917    2041045706.78     404402601.81        0.99        0.85        0.20     319205153.41   27017643513.52    2314720309.55    409532155    473564386aJnupDvnaiBqYlvlJdvOTCGVuaVkoH                              
19740917-201029FIN197431974070119740917    9870034741.89     895948666.25        1.50        1.32        0.09     854807317.47  964529578573.94     579702316.15    597669509    6780202570000000275
19740918-055938FIN197431974070119740918    6806363810.57    1253765004.74       10.36        9.72        0.18     348669024.32  978686443549.71    6740479350.85    121057852    129028707JrvIZAzWlMCTHGbTEAUdbBtPiFGrTXDLPtHHrjDyTiEWmrrZ            
19740918-123413FIN197431974070119740918    2521356621.65    1537960888.81        2.43        2.20        0.61     454372865.06  901989252324.77    6220412036.34    634152126    699022655PAKPEEUQmMEQCIiKNBmUEBtPfusQRkopGWWnKXMrfXJjrgUvxcuTzMgPK   
19740918-224919FIN197431974070119740918    1857359674.57     579554782.78        1.43        1.24        0.31     917591692.84  461440155776.17    8432627520.54    404329465    4669137170000000026
19740919-053434FIN197431974070119740919    4955711741.01     753894228.11        4.68        4.03        0.15     461710730.09  637240916566.53    4704313934.67    160959064    187010165vDOkAbyNyfNiUAoMMxwWWTIWEYeJPfPRnnjcwmlWawDedDa             
19740919-161830FIN197431974070119740919    5697768420.37    1452213564.40        2.63        2.32        0.25     990613425.70  615487070430.46    2959741019.70    551752079    6256986450000000104
19740920-022312FIN197431974070119740920    7058689296.51    3820449854.14       18.99       17.04        0.54     247853268.37  897955602124.40    7889277902.00    201197230    2242424010000000082
19740920-133645FIN197431974070119740920    8187875454.06    3670638609.96        5.42        4.91        0.45     374870567.20   90402653594.62    3589941853.07    677094469    7468442100000000246
19740920-163147FIN197431974070119740920    5574927856.33     923693735.67        1.57        1.34        0.17     264200870.38  127218094058.64    8571327033.16    587408425    6903366050000000135
19740921-033300FIN197431974070119740921    7368336089.18    5106206762.34       10.56        9.56        0.69     547764721.31  898271322445.29    2539767014.71    483770908    5343583160000000003
19740921-073757FIN197431974070119740921    4586177211.45    3050265671.93       11.88       10.78        0.67     371527989.67  931117751797.41    7572448218.08    256700922    2830418010000000074
19740921-185342FIN197431974070119740921    5602026814.91    3574568249.64        5.49        5.14        0.64     824966143.61  848180535523.71    7824640920.55    651576175    6952883320000000228
19740922-042457FIN197431974070119740922    7155237647.42    3376104466.22        4.41        4.27        0.47     495772709.37  736626809209.86    7298561380.17    765107456    790605701yRflLhHvroMJBNHcMIDiQuHspAHUTFVE                            
19740922-125728CMPsqfpzvcTSDkTDRCPSWYJeVZtTRcjNsMaE                           0000000367ACTVOICCC+1883050111146 Penmarc Street                                                                                                                                            28229       Grand Prairie            CO                  United States of AmericaStarwalt                                      FZTJeULxGZgAJWQuTejFWxWazN PAOqFMlJCFF ZloAoNicJoMVUMcnjQeIzpItWSjNxbJpgO rODxnmETBTfBebMCHEhnFb XVRVgCfIxwuiSpqcOhPeDxjBOGw                          
19740922-194827SECAAAAAAAAAAAAAZWCOMMONACTVbouKGyIZecYFKsEO                                                      AMEX  19317593     1953081718541103        1.43oIQejJbSLBWXaQIsuHTVgYmfsffAYKYVcOoxXezynfpc                
19740923-055723SECAAAAAAAAAAAAAZLCOMMONACTVHKVbKQTngNtPx yZ rucLMTZLqXGLQhPrdXHAAVqUyqxCbKXNI eUqGXMU            PCX   174222005    1879101919690102        1.380000000167
19740923-143620CMPGcOZWfgNzDuOjKAXcEZk                                        0000000366ACTVMTAA+ 191203241750 Wishek Way                                                                                                                                                 76133       Lancaster                MD                  United States of AmericaWitherow                                      zjDemDshKJQNsJGvUpXEd                                                                                                                                 
19740923-211758CMPipGPpjSzklAwtYTOkpejjCqMTFZmYMLKAaNNWQWFVSOOytWbSM          0000000310INACMPCC  1912112111469 Fairmount Boulevard                                                                                                                                       90284       Las Cruces               NY                  Canada                  Suder                                         nObNUBWJUjgIWucOStExCzTvIgpjAFDtMROBXedVsNFrEQhSVFWLQREYBPFORqKvRBGcdADtSK                                                                            
19740923-225412CMPgSPTnEYnBdFkIWPfTapBoPBM                                    0000000267ACTVMPBB+ 191805236503 Robbins Street                                                                                                                                             32258       Dawson City              SC                  Canada                  Sally                                         fLwgQqqKnGBQKJGCcJRrXUErd PQKTpedhKndQxWcUfCyvfICurZLMQHXmcKrbytNMFwRr                                                                                
19740923-235549SECAAAAAAAAAAAAAZTCOMMONACTVlWJDOUpUZJWTBxHr                                                      NASDAQ939046233    1955080319330715        2.680000000309
19740924-005948CMPMdcCChWJrnnJJXGaSMxGEMVNtLDSRgHEATX                         0000000375ACTVIAAA+ 1959080119040 Shallowford Drive                                                                                                                                         90289       Cedar Rapids             LA                  United States of AmericaMckerchie                                     ZeFCD aqO jUU TYlWGpJfJuwBOupHQUVRHQBxdWunGMzWLZiLYddmSxKRzFQGhDcGgRuTGJElISXEJeHFmMEgPWfSJrTSAQ efSfhEqdmyxUfUHjHRUpsbnMylTESWCHIHV                  
19740924-095431CMPEvWcyEWmFDdCdNatKREMDcLiuIegnQSdNXZRuHWrJslzqwbRuVVWJTEDR   0000000374ACTVCPCC  1966062015451 Beningus Rue                                                                                                                                              33340       Salem                    RI                                          Njoku                                         GYqC ODCUNSjpqWTJDdMxNBYeCFmvHVKXcdcVXIhbJjRJBjNdUnZAYUcAkxKnp  LHoLvifHgmAJFkBgEvTeKFDQSTBLMskyNHD                                                   
19740924-131001SECAAAAAAAAAAAAAZICOMMONACTV FlvTLTBRcbNYrANFJRsibpruYwgVPSgwcYCfgoKBHPaNV QOgKRcbJrRkDhQIFmAUkzNRAMEX  807066148    1903121519020705        0.22LRYKYZXBcxmTSSowQAFUfTJRSoIvPgvimQgPedHDROTgzAImiQMWqxVFPKu 
19740924-232120SECAAAAAAAAAAAAAZQCOMMONACTVqHXGHleOgHAMwMDXnCAmpFbsJJiAMbEaRgItSghGScfCw                         NASDAQ366515081    1969101219040511        2.170000000197
19740925-083225SECAAAAAAAAAAAAACMCOMMONACTVcILhcCHHNiEGgAUJXEJxRaIHUTP                                           NYSE  67180635     1878101419541006        2.660000000291
19740925-160055CMPvrgJXrrDqYMHGmKLJuguAOGzQyGAZjXZEgWvPnFNSMEEcERsNHAVTXi     0000000373ACTVIPC   1854020819604 Roberts Park                                                                                                                                              85085       Tacoma                   WV                  Canada                  Minster                                       EGPpmW gplt XnZPmAaUHT MHEB                                                                                                                           
19740925-222009SECAAAAAAAAAAAAAZNPREF_BACTVEWqdGEopGCGHKGgCMBhvjXHHMQJQQQIDWAWhvQNuMBDRKGSEQc                    PCX   703734821    1908082719460905        2.410000000013
19740926-043508SECAAAAAAAAAAAAAZVCOMMONACTVYTWMUwyDEghanHuoWlCZTSqmC  TTqwPCFlUOOKJVN                            NASDAQ936637466    1863091518890711        2.970000000198
19740926-060501SECAAAAAAAAAAAAAZKPREF_AACTVox MuiOneNMTQEmkFNAwYSsDARAaMmIjgkDDJyTLNERDyOk ZDIYJDLjVhHTweNoSI    NASDAQ787246172    1882102719471021        0.65vtxONKEUgRnPmIoUdpfrnHZ                                     
19740926-141755CMPmRkaSTdQLaAmtCbOhhWUDjaSpJDSMzunhtbLMIypoSnLFzQYmeCeUpuWd   0000000372ACTVRRFx  194510266379 Shadowbriar Way                                                                                                                                            T6B 1C5     Great Falls              HI                  United States of AmericaLaughead                                      CtaWHJhTEV DDtdqcMVoUUPBjvsqNoGwIUtEuJVTretPYustWVhUgWMnhiKvZnqcTNeUTikPxluyK JnBOl onWmWAcpyQVDNKCc                                                  
19740926-205214SECAAAAAAAAAAAAAZSCOMMONACTVQhWQOrzNQYxtbpREPUQJLaNtHLtlpoTGNazBnAFVJGkLqziRqsjWlZBFFjpThgKgd     NYSE  449751470    1881101119530215        0.000000000311
19740927-075931CMPtMxRtlNQsLObcjH                                             0000000371ACTVBNWU  1863042616508 Cleveland Upper                                                                                                                                           M5D 1Z7     Garland                  LA                  United States of AmericaKapaun                                        wQTtxOBbBcOWZMORENBNUY                                                                                                                                
19740927-185955SECAAAAAAAAAAAAAZHCOMMONACTVZTnlPTVhFLJmSzEJhcHCpGGoqDWJwsgHOBqYUhbGzxHv                          AMEX  90951327     1904052418861208        1.58EVUsfGZbFTVUBMUvYJxLFJecNoRUrFGd                            
19740928-020935SECAAAAAAAAAAAAAZPCOMMONACTVGpjaGRUtsVUzvGECtExBIBEBOm rUvNfTJGQ                                  PCX   959484787    1876100118780317        1.59WzOtPSWtykNIHobQCFqQBRbotBuTKxcwgtMGZlvSuzkznMNrJ           
19740928-051012SECAAAAAAAAAAAAAZXCOMMONACTVFmJLDySZWSlaJJJCDNJdvIzCTQKzAtAMBGAzcEuqPAupmnWevniUrw                AMEX  390324388    1923040919410722        0.71RhUQRxcjdEgKAzNIHpMnLOkaWYvDQqHM                            
19740928-153217SECAAAAAAAAAAAAAZMCOMMONACTVhZgaOSrwIFRClQcioTRRtYQ                                               PCX   79530992     1962072018740328        2.480000000354
19740929-003058CMPNDMTpVIrJWPCeyQCcEYjkKvXAtipQddjCx                          0000000370ACTVFWCCC-187902114141 Eagle North                                                                                                                                                87504       Dover                    OR                  United States of AmericaWyse                                          ibVDGtaXSScHkILHPRUqGCVGHBECNZB OfSIDhNOfHbRSlfYlJMFZXhTIyXVSHLWEKApUxLLaltVMqGTMMTkkxZhFmexMRUOQMjZSmNTUrZKzQN fUXALCofBiwdHBLKWYQcTEGDK             
19740929-081254CMPpJIzRZJpGSTuQYQXaVodUJTsvkryXgSHUyImKup                     0000000369ACTVGSBB+ 1889122510959 Throckmorton East                                                                                                                                         V6Z 1W1     Boston                   ME                  United States of AmericaDerick                                        FpBJachahbbRYUyjXTLtKPfymSIafgbTybntpLocOFQHEVLQJPAWimhQFxoxzfJCJiaPAGlabQFPDFTawCTNjaJixeSHPZkY nLBZD                                                
19740929-183728SECAAAAAAAAAAAAAZUCOMMONACTVxvPUocNBOtALRcXuFVnGhNRDXiRfFFEYYDkGKWVVAzEIBKLJmCjifUNhKMMSL         PCX   209866785    1964011219450429        2.77DhEFIsYSMqHQmxAANGFHPWdKF                                   
19740930-034512SECAAAAAAAAAAAAAZJCOMMONACTVQMZiuXsOruScGEZfNJB                                                   AMEX  181702689    1862050318641124        0.590000000081
19740930-100041CMPSHuHLFwNwXBOULlQFbWKYVBrKPnFoRtjcMFSgqzBsfWO                0000000368ACTVCSB-  1868032819454 Hilltop Crescent                                                                                                                                          60815       Orlando                  IL                  United States of AmericaRoston                                        VZhBGRvcvTXfglaZRAUhWUiuOomjcICWTMUdygcRYrFGGKJmpo                                                                                                    
19740930-104236SECAAAAAAAAAAAAAZRCOMMONACTVOcFYoaihTFGDLDVkzramaxXrRpu JrCaHs                                    NASDAQ660698788    1863072218681220        2.20GQgODZYcTEajaEMYDrWGoMdiJOENBaMGcnwYwuNTRPoOXXVjWD          
19740930-175103SECAAAAAAAAAAAAAOVPREF_AINACHoflZVqBaE                                                            NASDAQ930104826    1928090419470409        0.21EKxtQJAcqNDYsGjPTVlSMPKGHLQauQwSokAAzptqRDUgdn              
19740930-235958SECAAAAAAAAAAAAAZOCOMMONACTVwmvxqILNNxuWHi                                                        NASDAQ864660568    1864020418590528        2.82qKjXPsBHCteFFjjVUJyGXLGVDBNKBTSUHGZTe                       
