19721001-131328FIN197241972100119721001    1625267240.33     555641040.19        0.58        0.52        0.34     862903389.90  921414384149.02    5171140343.81    965586490   1072386304FQCxtQRoMnVlnjwEERVRrjOJDAIyWTEKGCbBNsvTNBMQXXA             
19721001-185043FIN197241972100119721001    2171044284.58     428420874.46       43.05       40.55        0.20     882951893.75  947296259532.38     610765691.75      9951177     105659100000000196
19721002-001737FIN197241972100119721002    4293053652.49     777475083.40        2.90        2.63        0.18      72098207.13  461261683069.85    4399507163.30    268468040    2961311170000000023
19721002-084445FIN197241972100119721002    3293182681.08     519841063.97        0.81        0.71        0.16     887651319.54  675332436177.09    9254758724.52    638627739    7278156700000000183
19721002-090209FIN197241972100119721002    1332997376.43     564999962.74        1.73        1.45        0.42      76511819.87  938343546730.11    4062562269.11    326446626    390511418pmVFtISJNicSLMLBUTybzczhOfHObPpMYpBqjAaxrDHJ                
19721002-221057FIN197241972100119721002    1806110036.46     692025622.61        0.74        0.63        0.38     121676648.20  157443597208.47     704046007.75    937927998   1100178048XcxyxkqjaesCOVlDpRLKOSaaUSDCxuJjG                           
19721003-015725FIN197241972100119721003    2585107583.36     826520215.86        0.90        0.90        0.32     580537348.49  276463758198.46    2739239399.77    916742517    9225645160000000204
19721003-151750FIN197241972100119721003    7115566292.36     105507998.75        2.78        2.52        0.01     729362313.30  515524168830.93    5217251700.46     37932872     419472760000000231
19721004-015822FIN197241972100119721004    4028165504.77     118263369.37       43.98       38.24        0.03     160490169.57  827598149793.79    2839675172.22      2689133      3092420xUJWMEEmEMdIWSDGXW                                          
19721004-072607FIN197241972100119721004    6076969618.64     868153243.99        5.31        5.15        0.14     436043551.49  344199582959.75    9546775302.53    163625458    1685020850000000040
19721004-100226FIN197241972100119721004    4017354563.32    1099153283.77        1.25        1.19        0.27     368501581.67  892481556358.10    1117129386.69    877517680    927260052qBMMQLoTVJXYOWHbqUadsqhStqZmMDQEYnX                         
19721004-161443FIN197241972100119721004    2819441128.76     138492000.94        1.70        1.54        0.05     427721694.60  239836980918.37    3030859078.49     81645220     899692530000000133
19721005-025515FIN197241972100119721005    4682728092.50    2763724598.12       14.14       11.91        0.59     933546527.13  172471588647.70    4029850800.13    195491194    2320084690000000216
19721005-133245FIN197241972100119721005    2759022893.74     986298867.04        1.86        1.56        0.36     586259217.69  895389256302.73    2758560533.84    530454901    6342723840000000102
19721005-201525FIN197241972100119721005    1705509304.74    1015816138.04        2.64        2.51        0.60     619259327.05    2265572515.51    9722312808.09    385272150    404853388NDADqvWeHTUAmUatCSDcHERRuXjpHdzMqjiLgxFOplPZNfETQIO         
19721006-051720FIN197241972100119721006    2179550730.87    1457877538.38        3.16        2.82        0.67     328413669.81  529188586812.95    5792361368.29    461645750    5165707540000000202
19721006-181556FIN197241972100119721006    5548402283.62    1468864599.44        1.59        1.44        0.26     569453780.34    9847804645.96    1434985369.09    925162327   1020952101CKqQGzXcNXMPWzzEAqHxSpCdCwJEirgSInSJOMkfzMBleWwhgbxmoVEVYU  
19721006-202203FIN197241972100119721006    8154982196.62    4280625893.82      116.54      113.81        0.52     767381939.74  772727800529.06    2653470249.78     36730816     37613623kdkMSIAUXjfEwPBQSgTKSIKmszCtWWXwKGVRUzPODH                  
19721006-210734FIN197241972100119721006    8028645864.50    3867403893.41        4.52        3.93        0.48     451737150.12  474239069578.35    7755809967.20    855208725    984828058xNZnDTSoUVPNSoYdgBUPLqzOHFZzrIJQNLRxXgjb                    
19721007-031952FIN197241972100119721007    3728268532.53    1360801890.72        2.94        2.65        0.36     828744988.36  882293620416.13    3966502477.34    463065462    5138879880000000103
19721007-120707FIN197241972100119721007    2162450001.31    1359917704.12        5.17        4.80        0.63     551947501.38  802179142277.53    3813396210.44    263208973    283397249wiFRVPFqQNGELjgHzDAyVoYLlCEZUsKnSGD                         
19721007-170323FIN197241972100119721007    9297992650.02     197345253.49        0.25        0.24        0.02     359704604.92  663902122471.20    8393934501.51    788286454    8252024540000000003
19721008-011119FIN197241972100119721008    3479372908.76    2324887098.88        3.28        2.90        0.67     222963138.45  761662704831.82    1240233550.33    709307504    802312802QrkRxvbadKcPnWFcOeDWQVadFphGPSbdHFKZstApXDFQCJWWQxhWQGQHgC  
19721008-103803FIN197241972100119721008    3169397735.97     372454186.57        0.88        0.76        0.12     755717532.71  772609869209.13    4653247407.90    421536883    487028470gSPTnEYnBdFkIWPfTapBoPBM                                    
19721008-124649FIN197241972100119721008      69713897.53       5864270.90        0.01        0.01        0.08      99969576.35  484546451110.92    8302859587.04    453597249    504178633VXpGhfFbmgISLSMZVQlpBtNxkRhiLKvoTFIEKvFgIOL                 
19721008-213737FIN197241972100119721008    9925766919.72    6063782943.40       11.79       11.14        0.61     615406163.23  387148188141.58    8586713100.12    514510141    5445525760000000259
19721009-003105FIN197241972100119721009    8526664451.30    2446582279.30        3.57        3.19        0.29     575923328.59  656059126265.28    3844086834.15    685294370    7681559760000000105
19721009-032713FIN197241972100119721009    1798466296.11      60267142.40        0.10        0.10        0.03     380163711.32  151032534730.62     653135917.98    580021981    611143337JySpXSUPXXRQAhXZYVXuSJeBKDIpCmynRTiStS                      
19721009-121410FIN197241972100119721009    4704414487.25    2965702486.33        5.33        4.95        0.63     863125836.61  153870439414.44    3695080876.15    556728369    5985678630000000042
19721009-194737FIN197241972100119721009    6798290828.12    4708312094.00       43.10       43.07        0.69     560886181.78   41744595648.19    3691378436.06    109236084    109318052BGNkHkSVFBdTuPfNoMIAETucvmJKkQhReFVyGfvjpOOsNPR             
19721009-220752FIN197241972100119721009    7025665046.15    3014628038.47        7.77        6.73        0.43     335546172.64  277837188692.65    8214495951.71    388028205    4480199000000000248
19721010-040417FIN197241972100119721010     868828686.56     436880835.85        0.61        0.51        0.50      42491942.71  678039951987.49     518762365.21    710993542    8514090720000000095
19721010-042529FIN197241972100119721010     323844285.30      55928173.16        0.26        0.23        0.17     444468679.24  771407370854.13    1737533550.47    212016041    2386494720000000261
19721010-133401FIN197241972100119721010    3859592661.14    2685859429.15        3.53        3.41        0.70     396726261.54  440904186938.36    1788921634.73    759976060    787727353OFnTuxOMWDUHOSyWOVCiEosNDI                                  
19721011-023641FIN197241972100119721011     350073270.40     177905556.72        0.27        0.24        0.51     143937364.16  304689323454.91    7413563253.86    666788905    7283099620000000238
19721011-042324FIN197241972100119721011    1400958253.53     855562408.68       92.40       90.70        0.61     145131129.94  451232732781.06    4674988327.65      9259786      9433302JNrlzArRLtDOXxp                                             
19721011-120244FIN197241972100119721011    2050473615.18      31224723.65        0.06        0.05        0.02     754110807.22  573491991000.19       5386384.26    561336569    629709665PozAgYtmghzwqacMhOFSFF                                      
19721011-214214FIN197241972100119721011    2657307106.61    1204555114.70        1.89        1.66        0.45     762279188.55  431186936803.57    6870181037.97    636998847    7268553830000000113
19721012-045604FIN197241972100119721012    5803923255.99     616912119.14        0.82        0.74        0.11     893799858.63  464306024353.28    6475705381.22    750619201    8369331680000000293
19721012-063815FIN197241972100119721012     322849980.40     115921304.40        1.82        1.64        0.36     175995127.14  157663963224.47    4978395171.23     63803968     70499931jUguWEMEWoFRvyIQVVVZypyLseGOWfcGLobTsIDScUaBKXNkf           
19721012-131641FIN197241972100119721012    1133049273.10     322200883.09        3.12        2.61        0.28     850365233.41  147686120810.44    1022634908.95    103408528    1233111810000000155
19721012-190310FIN197241972100119721012    6989943022.82    1995515081.46        6.31        6.09        0.29     661219202.77  701249257064.01     557952794.00    316077269    3275460600000000045
19721013-092201FIN197241972100119721013    5308703007.14    2629252450.60        4.43        4.23        0.50     763776250.79  935576038005.25    4103205054.10    593778216    6219323640000000186
19721013-150336FIN197241972100119721013    7235887401.49      13284604.41        0.02        0.01        0.00     309385229.31  525838296461.46    9578464955.88    808891872    941804858mBRtpjNBECQCRiWtjEutqI                                      
19721013-222437FIN197241972100119721013    4897718598.45    1544040959.55        1.83        1.58        0.32     128877407.60  915547500575.36    9153728695.85    844958031    979305450hJTjBraMaWddGWF                                             
19721014-093141FIN197241972100119721014    8517257939.92    4286289708.49       14.11       13.96        0.50      55941011.98  121442625656.95    3818941380.19    303712070    3069880990000000229
19721014-133409FIN197241972100119721014    5565276218.27     422970372.42        1.68        1.53        0.08     449639336.52  907275509817.08    4299280861.80    251303915    276200582BvhtIYLKwSFVFgnsTkUZnIpBxtfPFEEeEcMLBFYLtOxBVxdDDIhwS       
19721014-150913FIN197241972100119721014    1429437316.44     916718487.75        1.13        1.03        0.64     706375486.41   40829787278.01    7551582185.95    813114898    8937699070000000246
19721014-205018FIN197241972100119721014    7517159106.70    4646745686.72       55.55       47.56        0.62     144233315.60  314252961341.04    4146595650.65     83655806     97711972zSzyZVwpMSypTaf                                             
19721014-205920FIN197241972100119721014    8556507891.19    3382772147.21       41.35       34.70        0.40     441840172.87  482691771808.69    7302065004.19     81808909     97488395oIQejJbSLBWXaQIsuHTVgYmfsffAYKYVcOoxXezynfpc                
19721015-040319FIN197241972100119721015    8888394557.43    6168511779.24       10.49       10.13        0.69     604891877.69  424072902740.41     573038488.85    588043820    608665522qudERoimJkOWiyHWWzVJVdUHAjrTJ                               
19721015-152054FIN197241972100119721015    1817559354.50     616631110.71        6.93        6.50        0.34     306841193.17   50243122484.34    1565710893.42     88981175     94916327yRPdOOYwDRIgGtBTaFzyuaZQ                                    
19721016-054504FIN197241972100119721016    4704209589.76     633928026.77        0.93        0.87        0.13     882842889.00   95661896479.13    7431522889.04    682575146    730520258EKxtQJAcqNDYsGjPTVlSMPKGHLQauQwSokAAzptqRDUgdn              
19721016-063339FIN197241972100119721016    8942465213.94    4302238514.60        7.74        6.94        0.48     493354647.73  186621693465.48    1677087852.28    556016372    6198755180000000050
19721016-120241FIN197241972100119721016    1009863991.24     176304924.42        1.74        1.47        0.17     589410534.45  711979811302.37    4573671777.34    101266188    1198286550000000031
19721016-220959FIN197241972100119721016    6451224518.08     185630581.91        0.26        0.24        0.03     640634386.34  129756396916.96    5269072744.95    713762631    761849623xJLQVuTFshRimMWvovlkhREDPsbyCEbOPAiHlYQoNpMfOnOS            
19721017-015442FIN197241972100119721017    7333673548.43    3517889664.62        3.88        3.55        0.48     108572888.30  610491910312.15    3407037150.35    906756497    9899543220000000004
19721017-083513FIN197241972100119721017    5665284233.28     391718115.06        2.58        2.36        0.07      24370801.74   25249574136.32    1526742287.68    151970431    1663239960000000021
19721017-101908FIN197241972100119721017    8691725847.84    2092093879.10       15.64       14.94        0.24     844462544.47  171873295881.88    4658201293.73    133762105    1400588890000000242
19721017-134346FIN197241972100119721017    2837647221.31     257148476.16        0.27        0.26        0.09     994107941.35  994677679551.46    3745640124.45    942601299    9872797050000000252
19721018-052502FIN197241972100119721018     935944616.24      16515229.19        0.02        0.02        0.02     810420087.97  925900047478.48    7824997258.26    714394374    8027235840000000000
19721018-062725FIN197241972100119721018    6166433481.63     594603530.66        0.94        0.92        0.10        554337.40  472563490703.89    7060836976.96    633251246    645433045FEJqDJbFBHFbMSWLMHkubadniLCUCNTSGIPYDVhVRqNYCB              
19721018-121437FIN197241972100119721018    8277900401.72    2309584975.79        2.72        2.40        0.28      75199678.69  190072638128.45    7553772996.79    848491088    9639516780000000142
19721018-235701FIN197241972100119721018    4329592968.43     221410550.63        1.10        1.06        0.05     599022446.72  880295063835.85    3652800060.25    201027540    2086242780000000169
19721019-030927FIN197241972100119721019    6094019526.95    3290013996.35        3.61        3.60        0.54        146419.76  689488448586.88    6256267266.77    911607637    9130039030000000230
19721019-050654FIN197241972100119721019    3855474747.73     967016902.06        2.81        2.59        0.25     385991906.14  694163473662.23    7689469323.11    344020957    3738856950000000158
19721019-064343FIN197241972100119721019    7450343704.39     304327228.49        0.35        0.32        0.04     934218276.20  796386439020.73    9964849850.90    869891457    964285791LKcmIFGIvNgAcvIcDsIfLSTCBTFZvyKmVsXmANBQQ                   
19721019-102615FIN197241972100119721019    2829536965.69     183733140.16        0.41        0.37        0.06     756970130.54  620032698850.35    8146061526.63    447586996    497043429HazhIGPeCVSzQZwuNFJTfJUbhYdYFIlCd                           
19721020-015040FIN197241972100119721020     578113775.74     147178200.09        0.37        0.36        0.25       1330224.17   80757953636.23    2683319256.98    403177270    409483537HlQPdCFlfEZpMPIC                                            
19721020-141226FIN197241972100119721020    8777397080.28    4518230687.69        8.87        8.60        0.51     814993716.99  810685321613.29    8837117776.03    509379230    5256576960000000118
19721020-164718FIN197241972100119721020    7285660220.99    2655287117.30       20.13       17.92        0.36     315137082.15  879081507554.49    9235793523.47    131904472    148179873KwGGHtkLxtWGPwoGFVBKTqHdHhmZbSsgyyHfJEsFJbOuJAQfYzTNZNcIDF  
19721021-050412FIN197241972100119721021    3366795894.59    1426783127.80        6.17        5.71        0.42     493956660.41  175303853122.68    7757287009.45    231211574    249812387eBZLwzfHUBLxsWSFpQmudmDjRXm                                 
19721021-191336FIN197241972100119721021    4526360489.98     436969011.45       54.79       50.31        0.10     433622970.75  517865158459.99    6149467335.36      7975640      86847700000000191
19721021-210033FIN197241972100119721021     753748477.89     268882297.50        0.42        0.36        0.36     694143580.13  581989838294.95     971185471.61    640469187    7473475340000000265
19721021-221455FIN197241972100119721021    7310869285.65    4657884455.47       16.58       15.79        0.64     359085201.79  950336392033.47    2467316634.40    280972932    2950442820000000048
19721022-113621FIN197241972100119721022    7753886721.13    4845419467.42        9.11        8.89        0.62     653565973.65  288983239384.84    5843599949.55    532055584    544843625EOMpasJigJVvYQGKVcDPddEniaOUaTojpCAmYQrUeZJEGo              
19721022-180727FIN197241972100119721022    7729024463.29     298462622.63        0.34        0.31        0.04     822798635.38  955778261461.45    6858817049.32    885910849    9546137020000000107
19721023-004702FIN197241972100119721023      17181003.45      11517963.98        0.02        0.02        0.67     269901857.34  786635291666.06    6687582829.60    648532206    726516037gPTmHDJTicoYfqSbnVEHCVRwvFTKJwFmBdaoQOUBGlNRgAScbaW         
19721023-060550FIN197241972100119721023    6705772284.78     851121963.70        2.89        2.48        0.13      13202172.69  558700629149.67    6824837974.53    294596003    343622148jlkBZXPcVEbEkvquHcRWHHHVGNQxJWnBWpCCCKENWGMjHFABR           
19721023-131409FIN197241972100119721023     954802728.49      92585510.69        0.10        0.09        0.10     288975652.98   30176248632.48    6175542971.95    920042244   1050843509XjSxlGRryfrgvCMaReGMEXLJuiXaSRQMSTRccKTbdXRVwcSDVVf         
19721023-235554FIN197241972100119721023    3882868756.06    1251622374.89       17.89       15.70        0.32     877676911.46  192249238586.29    9480910629.60     69955737     79742626OVJLucFRYBOGFvuGZWfrWIXkXlBAMCEIbLeGWNDEcqjSGqJQxkWjJNbeHGX 
19721024-060745FIN197241972100119721024    8463994944.49    3032976812.85        4.82        4.29        0.36     520505446.92  920222098214.10    5475628901.40    629059904    7061764530000000223
19721024-183118FIN197241972100119721024    7083764064.74    1741544903.31        5.91        5.72        0.25     553806605.50  127335710015.23    8669068875.50    294713412    304572094WAUYdXNERWrDlFxcxhSWqEIJvzOFNSKbuUHsrWRIRHHkQpsvEXCCZHBCM   
19721024-210023FIN197241972100119721024    6760678022.43    1964803088.30        2.12        1.81        0.29     890702761.43  726764746142.49    1378799669.38    925358362   10880948500000000132
19721025-021110FIN197241972100119721025    4399520201.96     378881203.48        1.81        1.76        0.09     507315202.04   89708020251.82    3233480407.19    209267243    214944612sRWWIhWVTcdKuZKNfeibPUSU                                    
19721025-034545FIN197241972100119721025    3179616150.37    1831142724.47        2.94        2.75        0.58     484984759.88  214385005876.95    5495498450.83    622075194    666029315hAZTeeUwWHJnxVqOIIMdOeIUXVFVRVcjVxkKbHSX                    
19721025-124754FIN197241972100119721025    6482233633.70     524635117.45        1.11        1.11        0.08     300758096.00  636302119985.30    4339657326.37    471189006    4739926040000000084
19721025-144339FIN197241972100119721025    9055360569.62    4017013171.74       13.56       12.40        0.44     909543869.81  428206293098.57    2658099487.18    296192818    3239203120000000262
19721026-055859FIN197241972100119721026    8077687479.37    5336971492.98       15.56       13.26        0.66      47304303.55  144527738026.00    9678661957.06    343037620    402356328vDOkAbyNyfNiUAoMMxwWWTIWEYeJPfPRnnjcwmlWawDedDa             
19721026-181840FIN197241972100119721026    6478155996.58    1141433081.53       11.00       10.64        0.18     705375535.23  718920933777.28    5249996027.15    103802880    1072536010000000168
19721026-235125FIN197241972100119721026    5121678497.01     524146231.88        2.79        2.38        0.10     792968918.84  164284811039.55    4341492576.66    187900773    2199878670000000025
19721027-015237FIN197241972100119721027    7255139429.97    3319150214.24        3.93        3.58        0.46     633357252.29  406074724606.91    7207279420.33    845059572    927045835estGmMJWXVNYIvVp                                            
19721027-085931FIN197241972100119721027    7007123939.05     490549714.61        1.48        1.46        0.07     331013908.32  876874987515.32    6942248956.52    332316625    335293793caOaabgKJQaXSZiUGJIHBtXLntUfKAkQvMDyj                       
19721027-143121FIN197241972100119721027    1670360191.03     682569941.21        1.00        0.85        0.41     968943236.34  463432228966.74    4424132248.14    682405503    805969863bSRRblvmDfNJIUUERFKAuupeAUU                                 
19721028-051414FIN197241972100119721028    6804188120.04    1727507102.27        2.18        1.94        0.25     790071604.28  734087020726.63    7428744208.44    793764267    8904608030000000200
19721028-120051FIN197241972100119721028    2405052003.78     488477022.16        6.16        5.96        0.20     144557122.62  435810423346.68    6510428301.62     79246330     81921859KsLBXnElVKdTMXGCGoOrJDQaBpHiZwbprNnHXjI                     
19721028-133336FIN197241972100119721028    6141305725.89    3843272117.90       11.86       11.57        0.63      65189182.19  551824725932.71    6486811893.90    323926213    332249992APFGGKwGWpknVSryuSjfSQJ                                     
19721029-021225FIN197241972100119721029    4822598968.13    2138644551.57        2.34        1.98        0.44     626019274.24  211802783947.71    8739368418.00    912513540   10827902930000000269
19721029-085013FIN197241972100119721029     305565547.72      30807275.70        0.14        0.12        0.10     542422503.25  331100401995.09    6503519438.21    224138933    266767633UJvSHHJxMUEYmrOEqYVQ                                        
19721029-113706FIN197241972100119721029    4398969029.05    1817582281.63        2.12        1.88        0.41     320307397.14  681513831304.81    5699916267.62    857811927    964396922yNswyMTeJisZhBAUQKoZSIKDiQjQGQezvJmxBiPyRJAQuJv             
19721029-184242FIN197241972100119721029    4521645054.27    1408196940.17        1.92        1.89        0.31     488306332.09  793610894354.20    9855274631.89    732228083    7439780780000000226
19721030-004643FIN197241972100119721030    7190929370.82     256873013.25        0.26        0.23        0.04     842001087.49  110603803753.37    1533143095.88    996219653   1130220589TxTPsLmGwimWWXASxFWhHELRSjbULIsdFngWTKprXoTR                
19721030-131317FIN197241972100119721030    9143241499.47    5295700643.85       19.03       16.61        0.58     658800815.45  758974731019.84    3725952490.48    278233923    3188532540000000153
19721030-202010FIN197241972100119721030    4892398285.62    3294866996.52        3.36        3.26        0.67     504149337.71  645087540020.39    5377997875.84    981166536   1012088861lKuICZZKIDMXlDyhjCaIFqBluEJVAjYEB                           
19721031-040403FIN197241972100119721031    7939202902.68    1420020938.96        3.26        3.21        0.18     867457439.61  163558586550.79    2390238301.88    435803894    4417522100000000189
19721031-122328FIN197241972100119721031    9682559738.86    4293478580.45       19.57       19.27        0.44     162547341.71  680589290751.68    2251508604.09    219402310    2228336120000000278
19721031-164335FIN197241972100119721031    5197215848.85     110168794.48        0.11        0.10        0.02     683841702.32  198028776062.82    5314780894.33    983686344   11237798750000000160
19721101-074726FIN197241972100119721101    8726540567.52    3140163414.30        3.99        3.37        0.36     466295950.71  181370847512.06    2634634194.11    786918474    931539120XLTxGrTTSMIeAKqzJEDWF                                       
19721101-095214FIN197241972100119721101    2393150174.24    1016552369.73        2.84        2.71        0.42     695104334.68   96505458394.55     832556651.86    358156342    375277777tDPWLFEtBmpAwavVQikXwNpRaJ                                  
19721101-162044FIN197241972100119721101    5734953064.54    1777467544.60        5.06        4.49        0.31     121285407.87  578891346589.63     452449858.28    351051637    395783565WWZnPQCzopSOWpJARPzEqydPAK                                  
19721102-070818FIN197241972100119721102    9188807292.05    6419589997.78        9.41        9.33        0.70     834969971.74  203102978606.00    5523242839.87    682495626    688105143RLjhtKlUmfoJhUDVTLrWpRzHYfKThEqzhoWNaWCnyGIpnDFEVgaiwbbY    
19721102-143023FIN197241972100119721102    6680723094.86    2925279874.03        4.94        4.24        0.44     698102243.14   86997251579.59    4673708975.39    592563986    6895828860000000144
19721103-044611FIN197241972100119721103    1975363119.41     884849000.01      128.26      117.25        0.45     509825127.38  744125323949.38    8929264968.95      6898649      75464130000000015
19721103-053917FIN197241972100119721103    7577890940.89    3275233000.31      107.87      106.58        0.43     508424794.29  742514496670.77    1476923136.52     30363992     307301670000000002
19721103-104459FIN197241972100119721103    9954643421.50    3086151558.77       13.43       12.59        0.31     966736212.01  506049003521.92    8552813044.14    229721328    2452011270000000281
19721103-182245FIN197241972100119721103    4591159033.20     453036970.30        2.83        2.50        0.10     787501567.24  607558066749.78    2083833303.06    159886939    1808533730000000125
19721103-234344FIN197241972100119721103    2420585079.06     428717652.59        0.86        0.84        0.18     301062173.34  253080286527.07    1417000656.59    498093681    510072290NvcsQmlNGvrUpHVMNMKHzdZhzXKERsNxWKMVBzKlsSBM                
19721104-090004FIN197241972100119721104    3404183587.84     517593806.32       34.56       31.89        0.15     123422550.02   32675154920.53    3951334407.67     14977732     16229937XiKcfZmoGQnBHAdYEzmdTwSdbIDPEXDvLJbgRSdkrsLGrsJIESgMl       
19721104-235419FIN197241972100119721104    8794254552.04    2965072327.65        3.21        3.18        0.34     741996209.47  183305895267.33    6654937037.83    923102261    9325784190000000145
19721105-150307FIN197241972100119721105    9601786681.42    4503140259.35        6.07        5.78        0.47     602539671.23  314967120366.86    3945653700.97    742435747    778764000OQrOAucqBZdHWTvrsGTQqDUAJesbyHxtJHEzCHKBOOQPPk              
19721105-194658FIN197241972100119721105    3456777123.51    1892433100.17        4.48        4.08        0.55     689071181.43  850377719877.79    8642728516.03    422819458    4635570870000000273
19721105-220434FIN197241972100119721105    2434623289.53    1240088889.50        1.34        1.24        0.51     239460199.97  865888745105.90    8616568393.32    923571706    9999291130000000264
19721106-062646FIN197241972100119721106    7865727958.36    4535281766.72        6.39        6.09        0.58     275601100.17  822688370939.36    5040758226.94    709831067    7450413810000000009
19721106-130603FIN197241972100119721106    2970656138.04     147585886.21        0.31        0.27        0.05     771646214.42  939616616163.32    6532261449.56    472333885    547958450KxqdRJELXtJQoGpgGbFDgGWOHRTXJHg                             
19721106-132115FIN197241972100119721106    4044706127.76     527032123.16        0.90        0.86        0.13     474073306.53  557642527101.66    9462938334.37    582877175    6162497620000000044
19721106-145454FIN197241972100119721106    4787917101.72    2762516242.96       68.74       62.50        0.58     844066717.46  205966415072.55    5654573141.75     40187798     44198821FoiDMNiXljBZZGweXAmRCDAhyKWYoHvrqIuKiGTUpRJxfQVZpYCLhDclRIv 
19721107-014626FIN197241972100119721107     207155552.88      80726589.96        0.16        0.15        0.39     408403809.43  230623778503.11    6015576647.16    510753019    5233694090000000207
19721107-130729FIN197241972100119721107    3085213249.19    1254377025.37        1.73        1.68        0.41     278352968.73   58416933461.54    4438708321.73    723182529    7475824020000000185
19721107-133836FIN197241972100119721107    1423685078.69     476694094.31        2.78        2.71        0.33     217889497.24  155839642768.88     568644686.80    171327640    1756493740000000076
19721107-233416FIN197241972100119721107    2257203897.89     665128172.53        2.01        1.81        0.29     862617341.75  637327223787.81    5661810331.64    330160258    367091206ELRDIvILDRFhUOPlOdBNRoJISmXZkKmyFIXaoT                      
19721108-022643FIN197241972100119721108    9582296592.88    4414644444.22        8.49        8.08        0.46     607694266.90  860488089854.42    5545344044.52    520003631    5460886990000000157
19721108-061056FIN197241972100119721108     552236538.74     130723682.99        0.21        0.21        0.24     427242735.91  850603280605.48    2924250383.76    611079188    635900764GQgODZYcTEajaEMYDrWGoMdiJOENBaMGcnwYwuNTRPoOXXVjWD          
19721108-131653FIN197241972100119721108    4270910059.25     345255170.33        0.60        0.60        0.08     174826006.92  158701701464.66    5539165331.75    570927705    571572898vYoIOxDrItARtHaxNNHDZTFUGnBCypH                             
19721108-152347FIN197241972100119721108    6293162031.39    3836158721.42        8.52        7.52        0.61     393794064.54  937284937613.00    4557529135.11    450199054    510050896JrvIZAzWlMCTHGbTEAUdbBtPiFGrTXDLPtHHrjDyTiEWmrrZ            
19721108-225039FIN197241972100119721108    3419288729.21    2075072017.80      118.63      105.56        0.61     388152133.20   74083655070.36    8740160633.59     17492213     19657076IVBxurMKnJbFCkiInnTeIC                                      
19721109-102238FIN197241972100119721109    3557886882.21    1297094148.77        3.37        3.20        0.36     482585035.79    8550070273.55    7213413653.53    384702176    405246357VSvMNAtEDeXQNEDooBurhHTZUGXzfeRCZXFKsELbuDdCGvFheOL         
19721109-161410FIN197241972100119721109    4405149632.48    1661942245.17        7.98        7.23        0.38     917785827.20  942194194097.23    1069263432.28    208318699    229940958BELJVClFSUDWQNFrxaHxDDEMSOMNqTeWbFtIh                       
19721109-172803FIN197241972100119721109    4684468325.57    2472852320.18        3.41        3.08        0.53     337834921.89  402299554235.10    7993538295.59    725319972    802891157lSBXSwESnnboFFeSvHxFjlfxrwIZABfGMjiWUbhTmnRHnPFOTMlMAQnZJA  
19721109-192201FIN197241972100119721109    1732925700.70     903345659.08        1.46        1.43        0.52     187022558.03  331185171076.43    2939815890.35    619814798    6312428590000000112
19721109-225851FIN197241972100119721109    7429414044.47     782296173.55        1.40        1.33        0.11     795870797.91  925962046790.12    6707270087.09    560293792    5866325250000000182
19721110-062509FIN197241972100119721110    7153815357.80    4805152156.61       10.38        8.93        0.67     732025459.42  479354266126.39    9967507363.51    462796899    538178541rqMbvwSCBGYCGMEPKQeELcTKYUzuwRMWTqYPIirIgRbOCStxEXLeiAEZJCb 
19721110-201304FIN197241972100119721110    9331146630.00    6027198092.52      434.33      410.42        0.65     689130092.74  769881420405.48    1029406458.18     13876889     146854740000000140
19721110-231143FIN197241972100119721110    7539594101.54    1282028955.75      120.76      117.58        0.17     934949326.73  527756238184.90    4802944871.25     10616371     109037260000000065
19721111-131919FIN197241972100119721111    4868842876.76    1409009952.88        9.66        9.64        0.29     603329048.95  602909245188.97    4030041595.85    145828367    1461660940000000055
19721111-164106FIN197241972100119721111    5110462880.91    2835079852.23        4.59        4.17        0.55     829692454.21  386122725880.34    2626015717.61    617669556    679953839qNBRLBcNHRMNCOGgoLutSmLjluU                                 
19721112-061136FIN197241972100119721112    6932479774.35    2074073556.12        7.95        7.74        0.30     191341128.77  562724076965.61     327297823.17    261017865    2677968690000000005
19721112-062616FIN197241972100119721112    2956306998.52    1600364032.33        3.41        2.91        0.54     713863400.24  344599074191.14    3036553485.37    469450220    550777229AYrIhMoBIgUBkRdxKABPjIIShjxFyaWTAsK                         
19721112-200124FIN197241972100119721112    9100678073.60     744336276.80        0.90        0.85        0.08     610955299.93  983688815986.50    2511362524.16    823543953    8794435510000000212
19721112-204112FIN197241972100119721112    1918590980.73     686920483.56        0.95        0.88        0.36     545491517.15  244408236467.74    6502013101.81    721154337    7837213560000000268
19721113-091620FIN197241972100119721113    6975105006.43    2242310504.62        2.95        2.85        0.32     661395668.53  528335291772.91    5681173901.71    760802795    7875757690000000029
19721113-191205FIN197241972100119721113    6854724204.79    3335323317.46        5.07        4.84        0.49     499009543.69  238026709359.37    5890619985.93    657513468    689537682XRHEsIMnqEiPOnfAJBLTVbfGKETfCFVYROPP                        
19721114-051931FIN197241972100119721114     526492321.82       7671641.23        0.01        0.01        0.01     365516828.03   74278827596.81    5099748667.89    690370732    823375240kBFzLPYLDHAuIEHlgFFBqUhnO                                   
19721114-123000FIN197241972100119721114    3257107412.73    1071145575.78        2.08        2.04        0.33     733108885.94  312407205540.79    7472056611.73    515363420    5245069690000000249
19721114-202658FIN197241972100119721114    6059293676.03    3929281159.37       27.72       24.34        0.65     198129608.68  370578474831.60    2163861073.72    141724681    1614516320000000026
19721114-221043FIN197241972100119721114    6898355386.38    4373361886.05        6.67        6.36        0.63      30538219.14  940818191983.84    8231121219.24    655231519    688130535GKXARCFbFebKiAlLUJXKJgRjmqXdAQcnJFJAKTzRouxMxMVkXQMjtVZu    
19721115-000706FIN197241972100119721115    1841793159.64     434778296.77        0.48        0.47        0.24     957912250.72  815977792737.48    1767509348.61    910315359    928360150JaBRAUCPDCLITNXXrADVCSIopfxogeRFkYFvBVlr                    
19721115-131533FIN197241972100119721115    9560505414.39    5154860452.27        6.49        5.64        0.54     719457902.82  599327200327.83    3574350292.54    794633479    913838520XDnNdfGcCiNIOwdZoWMTZgVYEOsHLSH                             
19721116-011342FIN197241972100119721116    7302787182.64    4300268196.82        4.85        4.56        0.59      66754932.43  661172706815.60    7397768793.15    887280778    943568657mqXmkgPPhQUGVluJIDZDxHwwoISSW                               
19721116-073808FIN197241972100119721116    4077528982.66    1427449866.88        2.75        2.33        0.35     744931245.38  846036617352.79    2901575250.65    519211553    612240625hcPDGWJeqNhVOJEHQzDTICfkFUCNaLlcnCkzQvSJALfIzRb             
19721116-095409FIN197241972100119721116     169397086.00       1453257.81        0.00        0.00        0.01     579808794.11   16163890334.99    5736738745.20    946154895   1039295193QZoKTiXLKvPjulUWXMCUtVfATzbC                                
19721116-173335FIN197241972100119721116    6350037896.21    3191923586.29        3.84        3.65        0.50      38061487.12  693882858307.68    8296989210.04    831399423    873772570eyGBByYTpoRbgjJdHtPbQdJTXrTbcWTJkSHlPvDAkK                  
19721116-200655FIN197241972100119721116    3273393286.44    2041146101.72       10.63        9.41        0.62     999052431.30   15925273352.06    2159360503.84    192032331    216997784hLJBQUzrFVOXJcPWoMTCtDJWVHTNVVRwBxaKF                       
19721117-005634FIN197241972100119721117    8531903029.58    3742781231.18       32.22       27.23        0.44     175480169.26  932723740386.43    2047105751.27    116153266    1374266300000000137
19721117-014548FIN197241972100119721117    3658195961.53    2066165647.62        2.56        2.16        0.56     743350471.15  258929514604.04    7435420777.60    807276833    957935126NBlLFolAbmXBmOMhThAUqP                                      
19721117-130306FIN197241972100119721117    1219261829.22     443679452.34        1.18        1.10        0.36     511613406.25  915394525210.27    1728201767.29    376515745    4042871320000000180
19721117-233132FIN197241972100119721117    4615950218.88    2615357537.59        2.75        2.34        0.57     704461817.56  205997645002.17     957281572.49    949741095   1118089955RhUQRxcjdEgKAzNIHpMnLOkaWYvDQqHM                            
19721118-112143FIN197241972100119721118    2972140588.78    1761974636.63      219.43      206.59        0.59     796881580.37  178568867511.93    5599137988.32      8029669      85289990000000220
19721118-142356FIN197241972100119721118    6059878754.09    2073352697.56        3.25        2.83        0.34     363257354.42  968499031072.17    2079145861.95    638294462    7323920740000000210
19721119-010352FIN197241972100119721119    6938167115.52     360552779.32        5.04        4.64        0.05      43373371.95  866990530766.56    3140139537.90     71515654     77766862jUcWBvgxKjCwRpvXoIjBbXiBA                                   
19721119-033951FIN197241972100119721119    7493803247.46     779235374.91        2.46        2.29        0.10     385069686.18  124953809124.24    8426302573.22    316614369    339536862zRUPBBfUiMinqnbQBpsAavFODFdBPmkYvLolpCtKqmeICrhsJTmwX       
19721119-170601FIN197241972100119721119    8457976186.76    2380672625.11       12.02       10.70        0.28     584865263.68   14763159758.92    8687508972.46    198127286    2224451300000000060
19721120-045955FIN197241972100119721120    2328538685.24    1234984054.74        2.22        1.97        0.53     283617134.27  947962997821.72    1311899881.32    557446216    6284648560000000271
19721120-155435FIN197241972100119721120    4158807118.38     461458845.30        0.57        0.52        0.11     279528258.36  230632785768.27    3066565172.40    809750522    8837937530000000101
19721120-191208FIN197241972100119721120    4313566124.19    2749627611.41        3.57        3.24        0.64     944157505.06  746516386985.10    2386407771.08    771070137    848711360YwfZSzCHnIqSMrTYCCEtVKrNxTKQsq                              
19721121-092725FIN197241972100119721121    4663595037.12    2186743417.04        2.20        1.88        0.47     434917074.36  379695436503.21    2943428749.98    996113055   11620996420000000167
19721121-131113FIN197241972100119721121    3894228554.01     130127152.28        1.51        1.27        0.03     588163557.15  677097684852.71     902258518.25     86452183    1026437530000000243
19721121-174309FIN197241972100119721121    1948525189.16     176955857.89        0.86        0.73        0.09     987279650.15  796369399338.01    7197767192.25    205108194    241311117EVDrXsEiEnLdzKgVPyHxGfRHFwSXDLmBVPRuIGzcczcxVVXFnGDnNgo     
19721121-221041FIN197241972100119721121    2044224149.30    1421792144.65        2.97        2.89        0.70     367735332.84  470812472723.34    6458514773.84    479390757    4918475780000000161
19721122-080234FIN197241972100119721122    8005119788.56    4070899974.44        4.36        4.00        0.51     712571018.81  922159224956.92    9029657744.76    934261436   10178340790000000175
19721122-102938FIN197241972100119721122    6643712301.50    4330254081.62        7.33        6.40        0.65     487483529.35  558467475223.00    5796202012.26    590924179    676900181cPOOydoHzXLJKVJoZqQOPxiAbZSEOCBSZFKLwPxTGzZgA               
19721122-155004FIN197241972100119721122    4664538141.43    2587416352.89        5.29        4.99        0.55     917567180.55  409541052502.08    9336535724.99    489239000    5186116490000000058
19721122-184758FIN197241972100119721122    1004569591.38     632946111.27       11.91       10.64        0.63     786439711.62  332811122481.42    1529312697.67     53143514     59492470VPfRrzGJDSXFSOgYEIxOaJaDXEAMCqvMuZEQm                       
19721123-033207FIN197241972100119721123     973644428.70     212624009.46        0.22        0.19        0.22     260956641.49  367399353887.43     809485584.84    946135385   11342160710000000164
19721123-134934FIN197241972100119721123    5802160895.00    1611155493.48        2.84        2.38        0.28       3223310.03  149267609364.93    6499294224.19    567846360    676056173FkqRCPDzQSwBVrQO                                            
19721124-023426FIN197241972100119721124    7715568781.58     300724082.00        0.31        0.27        0.04     853696941.11  817695466535.37    6759294098.52    967094498   1133707601OHzaLyFKQkeISJnxSTeShaOv                                    
19721124-181905FIN197241972100119721124    4713087660.11     671050043.85        2.36        2.07        0.14     575805241.93   20180376315.72    9963456976.25    284897620    3241624610000000136
19721124-222206FIN197241972100119721124    5506506603.54    3694541631.97        5.80        4.93        0.67     938379896.10   11797171111.00    1522798795.31    637402914    7500628000000000032
19721125-004640FIN197241972100119721125    8759145130.60    2100443941.97       21.04       17.79        0.24     841137295.71  570373173478.01    8523505901.89     99815144    1180409530000000203
19721125-050834FIN197241972100119721125     529118733.96     250692399.61        1.31        1.10        0.47     495710301.37  256192072108.35     862297041.10    191146298    227956907zIHLKvPBQrCTBYzpZzUJZwMrKqTpUZPyXUykkId                     
19721125-201509FIN197241972100119721125    6087489664.19    3752443553.19       75.42       67.08        0.62     133341434.17  915169924828.86    6856518765.78     49752850     55942633BzijSDvPCIJvDDDXrPdu                                        
19721126-012316FIN197241972100119721126    2985197045.65     330908386.82       57.53       48.50        0.11     399903637.47  125459553518.93    9877186079.94      5751777      68234880000000041
19721126-025841FIN197241972100119721126    7906127274.95    1007213633.21        6.19        5.61        0.13     149468645.88  587639099590.63    2074296528.16    162746093    1794527960000000254
19721126-114246FIN197241972100119721126    3996587706.24    1472931050.55        3.81        3.47        0.37     862581508.80  426426739908.13    2099635182.72    386944021    4244179270000000156
19721126-202246FIN197241972100119721126    4094819312.82    1658827570.94       14.46       13.22        0.41     305324012.65  787055943755.46    7434329347.33    114698589    125438542UOiPPAqTHALSquMEWyPKUQDUMJVXvMfKqTZ                         
19721126-230406FIN197241972100119721126    1060839848.28     700069793.25        0.81        0.72        0.66     466664308.27  373074574257.55    2283298509.59    864280045    966726517EHhVHPSQttYrETUxcMnrihIePeOLrTFUmdIKeQiGfzuibJwRV           
19721126-235336FIN197241972100119721126    9021175103.00    2138695866.85       18.34       15.82        0.24     786978341.84   23751913181.37    9482025090.72    116607477    1352046620000000184
19721127-025846FIN197241972100119721127    1754579760.25     437773046.12        1.66        1.54        0.25     405137013.67  600794546101.79    4115217758.18    263751262    2841575220000000152
19721127-124316FIN197241972100119721127    6240428863.61    4286673273.35       51.37       46.74        0.69     779174703.60  908947544710.29    7886399757.78     83439568     917134750000000006
19721127-150656FIN197241972100119721127    9376309726.88    4624561864.98       30.05       28.69        0.49     897665892.21  154987657219.88    8069721687.40    153918511    1612110050000000066
19721127-184244FIN197241972100119721127    6051583731.16    1126867349.90        3.40        3.00        0.19     571081053.86  848407477946.41    4891600075.16    331314142    3754881170000000266
19721128-061110FIN197241972100119721128    1000351438.25     414213219.46        0.76        0.70        0.41      67262672.26  402091499321.13    9259061402.64    546564646    5936749420000000174
19721128-200543FIN197241972100119721128    3866850320.38     354038642.19        0.47        0.39        0.09     999136471.99  161664008606.63     221583905.11    752388552    8990092320000000250
19721128-221136FIN197241972100119721128    2434262092.18    1443523387.56       13.70       13.34        0.59     229485167.01  439479232177.13    1581398482.49    105368433    1082330420000000114
19721129-121213FIN197241972100119721129    8789399577.75    2870872634.79       20.95       19.47        0.33     790280261.46  405010431856.43     228401164.77    137044991    1474605010000000211
19721129-143302FIN197241972100119721129    6401109681.58    2908903868.11       92.67       77.52        0.45     776084181.61    5249358611.44    4397820394.95     31390905     375232560000000159
19721129-163534FIN197241972100119721129    5654866037.37     240305931.40        0.27        0.27        0.04     512869035.13  138701584089.49    2290959284.49    881891337    895565176tECVFzaZYGOIcLqmNMn                                         
19721129-195420FIN197241972100119721129    4088957549.26     265947532.81        1.13        0.99        0.07     465694419.96  685119443689.46    8121518165.82    236375362    2697487920000000117
19721129-223907FIN197241972100119721129    8267667171.40    2126286452.04        5.33        4.92        0.26     161672690.59  784300255090.17    1451757249.80    399064864    431999787sOinkIiTdaWTBlAuXFDL                                        
19721130-103115FIN197241972100119721130    9421844501.95    2473095411.17        9.37        7.92        0.26     223176375.53  188019974708.56    4184523510.07    264058731    312413534BlzKUNpcdbxQGHwUAaQlIXGgyZmHnyRREOKBwpXvXwwWEOWiNJVMXWALS   
19721130-115035FIN197241972100119721130    6298527525.93    3195996855.21        5.94        5.62        0.51     573294994.10  928502703808.70     258875281.84    538118217    568749744bqfvTyldyQqhQaQgOFO                                         
19721201-032927FIN197241972100119721201    2587999387.79     268712695.16        1.61        1.44        0.10     460043022.84  692244218854.11    4554736705.09    166828500    186463946bqxEENiCeuJtRlUKFwhdKteH                                    
19721201-132512FIN197241972100119721201    5182017671.94    2750157089.03       14.42       12.02        0.53     733172676.30    1957782768.98    7039716089.85    190784134    228742485rflAKFDXHCAcNmwLNJTMIvxdoAJIIC                              
19721202-045722FIN197241972100119721202    1332206541.26     168804671.37        0.21        0.20        0.13     481250175.22  939423169205.18    4643216552.51    807706985    8536569690000000086
19721202-173022FIN197241972100119721202    2096230907.97    1211825246.27        2.22        1.95        0.58     805616449.94  503949965017.19    2479558982.65    545436610    622580890PGDBgEZqRneMoLzzQWIWKPqUm                                   
19721203-025929FIN197241972100119721203    3681793219.08     563246132.24        0.89        0.83        0.15     481295726.92  869620456780.24    7295760541.77    630615088    674822495iAJNmDakgxlQcGOiloFqkXDmRxJezUSKSBPCvqFfSbAlV               
19721203-051203FIN197241972100119721203      65127961.03      36797570.18        0.19        0.19        0.57     603621398.44  775627208888.06    5516380774.00    192919393    193944451rkWTCsQbCPAUfRcKLCwMGTdIqvRSpGXQyDXxU                       
19721203-171624FIN197241972100119721203    7887101212.80    3789515557.41        6.98        6.78        0.48     533587483.78   12758423316.76    9647668595.15    543032254    5593207600000000080
19721203-214125FIN197241972100119721203    2094759194.65     854471056.67        2.23        2.09        0.41     579926339.59  595673417283.81    2093700090.15    382561152    4084664150000000075
19721204-110654FIN197241972100119721204    1155111605.63     440669069.08        7.24        6.71        0.38     972188444.22  414962629752.96    7463699562.60     60855819     656875850000000295
19721204-124802FIN197241972100119721204     683363989.88     136557495.53        0.30        0.26        0.20     278856828.86  802269394869.33    9156117158.15    459447234    520771916DIPPjcmxrwIwYNRnOzSotzgUkufjD                               
19721204-213416FIN197241972100119721204    5676470527.10    1078651381.87        1.86        1.77        0.19     613496444.73     244420753.41    7734401758.02    580830744    6097215400000000233
19721205-062403FIN197241972100119721205    8023993185.57    1691582789.94       19.66       17.76        0.21     596913724.15  760591540552.43    4138263305.11     86035750     95265719QTlJJPTwTIKGjWucWLFdQIFqUFDViLqZHmopzBSaxPctxonmQDYpdPzwRDD 
19721205-092034FIN197241972100119721205     548791291.52     244786114.17        0.41        0.37        0.45     466991478.70  480348616074.66    1152068306.51    596393749    660862262jTZEOvrZoPvhHhEVycMTgdSeDAHkDvARlkstBVErphrWGVaKu           
19721205-102428FIN197241972100119721205    7734349424.18    1551651031.46        1.72        1.66        0.20     245213380.75  952796309701.86    9051739233.82    904500017    936259757xusTszaAbgwnfcAmfKVarNCrANUVCpmHQKKuWPXvljshueoBLMHi        
19721205-142741FIN197241972100119721205     851267815.11     223164894.09        0.79        0.74        0.26     629098846.55  863697108700.70     865101977.38    282812357    3032416040000000187
19721205-195835FIN197241972100119721205    6999456086.72    4027336019.47        4.06        3.43        0.58     407231314.46  400110646648.40    1429610704.22    991199304   1173184152eNVEuhGtjVFOeaxSShmAgVEwrtbpRJelgzytPiOodxcVKqffUJ          
19721206-094840FIN197241972100119721206    5980094017.74    3499815926.76        6.02        5.40        0.59      21792594.11  715361799081.09    4328907636.30    581455040    6482947190000000289
19721206-230418FIN197241972100119721206    1051506399.38     150667668.76        0.25        0.24        0.14     370469279.83  927102444930.83    1371488986.79    612012633    636379285PTNTHCLWsriUMNBFhDQDGtmBPPNiLOSaNy                          
19721207-042757FIN197241972100119721207    3006789021.01     837632954.70        9.48        8.55        0.28     912947767.43  832670094770.05    3934157247.29     88328874     97915562EVnyFUGFEJmFNaFNVU                                          
19721207-060359FIN197241972100119721207      12036598.81       3366605.88        0.00        0.00        0.28     400498323.06  357065555275.02    5851103700.99    792350892    796463167QAIfXCkZkcOUWysYZNIrQhFKChnxkXeYAlUVoUXQtalpMEzkjpnJDLQMx   
19721207-132030FIN197241972100119721207    6421523813.85    3410664750.62        8.62        8.50        0.53     110262229.35  464350621136.33    8601825476.72    395519803    401290672iNHnTftjXfvHrITLJdLaYdULuwCuiDvUOwI                         
19721208-020820FIN197241972100119721208    4406618002.12    2893094627.02        3.15        2.66        0.66     317062064.52  932044616529.51    8672719666.53    918967573   10860783250000000120
19721208-061038FIN197241972100119721208     849354829.60     124511015.80        0.13        0.12        0.15     936013081.09  536829020044.04     980822482.80    924436599   1009042972imdafqhUOHJJweSjJLCsJtrIwQTHOvwNcouZrYzKuEbA                
19721208-115316FIN197241972100119721208    4601698201.83    1280822186.56        3.00        2.88        0.28      23723727.58  455506206116.08    7782543898.80    427120590    444715918bDehSFMUUzvBayHEfHPXduNBnPkf                                
19721209-020338FIN197241972100119721209    6133207765.29    2545697488.54        3.67        3.22        0.42     424243236.27  969092290214.34    8915803051.79    693794872    791427011jnhGOQaSGPLzBRc                                             
19721209-115607FIN197241972100119721209    5300195835.83    3223553691.74        4.65        3.92        0.61     421336220.77  522601042144.72    9744043223.04    693478602    821559768YtvHEQBjudJlIIctWcFxmnzyLLXwZIjQbTYYSJjShQPPW               
19721209-161932FIN197241972100119721209    5578397136.60    3230544831.02        8.81        8.42        0.58     555770706.85  776567154713.25    3382225234.59    366855248    383639569nJeCzbUuGqxTKWAoQUAHEtBPtJA                                 
19721210-013558FIN197241972100119721210    5435322359.64    1380153463.78       22.45       21.25        0.25     735311333.88  601747673060.12     433217444.06     61468584     649601580000000198
19721210-111105FIN197241972100119721210    2239561129.64    1513511173.73        2.18        1.81        0.68      21927325.94  234228347615.31    6595814021.35    695271374    833969886zjoKtxCKSTNWLpRzJEjyVWiVEuzmYUTLdbyRHLSIgDUbYquZsCvOKJvFaWMu
19721210-123231FIN197241972100119721210    1217074883.44     202894598.61        0.83        0.72        0.17     348555695.83  768085312072.39    2513814491.89    243048656    2830796070000000020
19721210-182255FIN197241972100119721210    5724125889.90     459836478.78        6.69        5.95        0.08     578967229.49  866648647237.95    4445576136.16     68689766     772442770000000166
19721211-025435FIN197241972100119721211    2937441996.06    1501579694.13        2.78        2.63        0.51     759160783.10  349813486338.62    2142361035.65    539936250    5720069520000000279
19721211-161113FIN197241972100119721211    1280866236.06     609458045.12        6.33        6.18        0.48     549089079.83  911214193313.04    9398005818.40     96322378     98591728PJfOlXRPMTdOuTIMAy                                          
19721212-060513FIN197241972100119721212    7353403798.32    4099549042.68        5.65        5.21        0.56     937461727.56  563238335408.97    2370766888.30    726100073    787408978woZXzDcbdAeOUrcpqMMIcCCSFSAEOqoSqMN                         
19721212-065749FIN197241972100119721212    9144425804.83    6348650315.25      279.38      260.91        0.69     135138544.97  516257380403.96    3353665907.68     22724247     24332331XUhuCIMVvmnSqMBPsPTqVPeOhOJjWFWHqbzvsVmNTAFOvA              
19721212-201211FIN197241972100119721212    1870022032.13     331542963.15        0.70        0.62        0.18     444817393.72   19034424772.86    4640392849.82    473210959    5344099210000000274
19721213-104014FIN197241972100119721213    1333231771.21      70277544.18        0.21        0.20        0.05     484664992.28  150352711895.19    8700576554.20    329633532    346293652kCGxWShTICEMykTPjwUmen                                      
19721214-000153FIN197241972100119721214    9675083343.02    4088387841.91        4.87        4.68        0.42     871677313.61  494160444129.87    4327386756.84    839099976    8727467510000000051
19721214-003720FIN197241972100119721214    5915966785.62     747108680.13        2.23        2.02        0.13     237382776.10  530077891688.37    9754692458.59    335116910    369284697vXSEWKALOAvhIlwNVfQQBHKxBjyZoXiQNPJjmHVRQmuFFmfzfaBJyGV     
19721214-141248FIN197241972100119721214     109351006.15      58571891.30        0.06        0.06        0.54     935643853.80  239124044042.14    1330527448.36    964549396   10115718550000000206
19721215-034349FIN197241972100119721215    4684861055.84    1458235131.71       13.49       11.48        0.31     525137797.20  378916756993.11    2171256436.32    108130525    126987282RzFPWFvwZRrSBSctRiMfHfNKAAwdNTjFVMI                         
19721215-121407FIN197241972100119721215    6956552043.69    4752260955.39        7.23        6.69        0.68     839544393.30  819542957010.19    6336733422.79    657411302    710030273OKehKyGaHgbEeBcBDAnFaXwXmCfzDCIig                           
19721215-223133FIN197241972100119721215    1138054344.16     621249033.00        4.69        4.00        0.55      32595786.14  187334593387.76    7387766040.65    132574104    1554923030000000280
19721215-234804FIN197241972100119721215    5943300044.94     376529546.20       48.49       41.56        0.06     423718801.11  840807780880.02    8949341211.51      7765543      90608130000000178
19721216-133159FIN197241972100119721216    4703697070.20    2876026061.31        3.09        2.60        0.61     200605628.27  286865969853.90    4379596319.37    929998248   11041148650000000171
19721217-000559FIN197241972100119721217     470124014.92      58678097.23        0.07        0.07        0.12     699561587.36  536398876113.76    4376739043.59    807417299    8110335610000000247
19721217-025726FIN197241972100119721217    5499808937.49     271243710.51        0.27        0.24        0.05     979941925.09  257250606542.42     558127037.76    999121992   11399922610000000129
19721217-070603FIN197241972100119721217    1847756829.55     857083704.17        4.24        4.23        0.46     339317142.05  226863353276.76    5400604101.90    202072988    202454937VRCqMDchijxAuePBgjywAGgqrVRBEFpiTlAyRVbIdJsaEVtlYWHXc       
19721217-213137FIN197241972100119721217    6013864810.04    4048401764.99       37.21       32.05        0.67     233339158.66  368767444856.67    8350174477.00    108785213    1263052280000000193
19721218-034009FIN197241972100119721218     130217429.51      66240310.66        0.08        0.07        0.51     608860775.87  951541651193.37    4865622410.95    813568704    898635530hLVgKYfIAzFOLUtDEVziLsKZDBUvAfdYDovfLNhVCUwSfIDPgAjrqNO     
19721218-160944FIN197241972100119721218    5636206498.66    3338912349.21       10.13        9.17        0.59     940097004.33  724890968145.44    3367973487.52    329541784    364104380YNouztDEEgVJnWzrV                                           
19721219-000343FIN197241972100119721219    5005372282.70     758606466.18        1.18        1.05        0.15      14068073.86  371228081172.19    9025632744.60    642669834    720792566TGCJKTzuEdhxAvEJ                                            
19721219-002645FIN197241972100119721219    5258846051.48     552188550.51        1.12        0.99        0.11     643397871.46  373525814787.63    4296357489.51    494790725    5567975340000000013
19721219-061430FIN197241972100119721219      54235742.81       2714982.13        0.01        0.01        0.05     230113958.02  270307317287.34    2770171802.44    224253767    2523650420000000195
19721219-174436FIN197241972100119721219     833165602.66     113602698.19        0.91        0.78        0.14     830829789.01  743084526228.43    2917971107.76    124415856    146336688VIwCayPvwhogOnJYXzNaeJARKVRQdTJzLSKMYmjqiITvCVKAMRRJCa      
19721219-234218FIN197241972100119721219    7009859226.71    4406919296.32      167.84      149.07        0.63     569176225.21  241132028571.80      77092175.72     26256593     29562631RMTnrMvVJASTKHRLEbVigGiqmMcuEfgORmhMFOQrbUUDPpoBC           
19721220-094100FIN197241972100119721220    7431726329.95    2625332531.51        4.79        4.23        0.35     299529353.13  845490301076.19    7707599649.30    548417311    6201760600000000128
19721220-153213FIN197241972100119721220    6803553366.50    1344104987.67        1.56        1.41        0.20     649911134.11  753491782854.16    7282210553.83    859280491    9535336400000000126
19721220-154205FIN197241972100119721220    9818617703.68     904572350.14       10.31        9.19        0.09     127232250.05   97963418996.20    5461266355.49     87704351     983779400000000141
19721221-004710FIN197241972100119721221    6779038660.57    2562874711.71       11.38        9.91        0.38     372979142.03  473418563203.54      46817945.86    225253708    258700408gDqcCBxupXLOeBnjyoDuJKKpXXazMTBejzLaoxVkzpfVHbeQYNnEL       
19721221-155820FIN197241972100119721221    8286844257.56     327653874.74        1.46        1.37        0.04     828492052.25  434655003915.63    4136276885.92    223979559    2397977610000000099
19721221-213629FIN197241972100119721221    5937331621.55    2031350812.57       19.98       19.46        0.34     712538240.94  113518579267.65    7196801845.37    101680627    104397923oHqcAiSKTrHsULLyJUDMmFLLtVnVfUxPcpvknqfqbnhFycoSbFZvePIdVmZ 
19721222-095844FIN197241972100119721222    8558512627.39    2614611515.75        4.37        4.16        0.31     253272887.71  593533509295.67    1492356704.48    597889812    628392972nFkXCFIQQcAPOHRuYtieKkGSZpAdCmvxWPuheWUSLiFkN               
19721222-233105FIN197241972100119721222    6630773901.49     845961361.79        4.42        4.15        0.13     907392806.70  339196116988.49     885606241.16    191597953    2037703200000000288
19721223-113118CMPYpbHzwUNEAFRSRGDoObqLpwydBbHFFewWSzCrbAQkJqTTzimOZOBxu      0000000301ACTVIPB+  1911060514349 Clifton West                                                                                                                                              V5C 1P5     Yellow Knife             Ontario             United States of AmericaDanzy                                         HFHgmmyPAVBHI lQmfMwhvIPAPuMQTUEIdVwDQCbMQeEGAOBEVFOjQBAR SVwTFAEnKfCbAXrPVKFkhJyxQdGHKTQbzGuUQveiOOPGSq                                              
19721223-131332CMPgAWYCbVKcVlXGvfZ                                            0000000300ACTVCOCCC 185409164141 Eagle North                                                                                                                                                T6A 1B6     Toronto                  AZ                  Canada                  Nolley                                        zytBN xBcMOolvVKIBgHvPMBWaVPOkICyGsiGbqwTjPDMsiHCPxrDKBHZEEPaMLNrGHTuTRFkAoOKZ WUlLqeGnyeixJRQPRkCAfNrVOTCoGDVqKQuUFPfXguRnM ASyDThBgyoXPK VaK        
19721223-153158SECAAAAAAAAAAAAAVFCOMMONACTVxiyIC JTnbQpmLoPhhvheeRJoH O                                          PCX   366782542    1864083019060910        0.790000000224
19721224-000731SECAAAAAAAAAAAAAVDCOMMONACTVHcVzlLp HOTENLgTMdi                                                   NASDAQ128346674    1854042119321108        1.35vDOkAbyNyfNiUAoMMxwWWTIWEYeJPfPRnnjcwmlWawDedDa             
19721224-064927CMPdLhVWzazSySPNOSRlJUZTKAqSudRG                               0000000299ACTVGRAAA 1908042810484 Waverly Road                                                                                                                                              A5E 1A4     Thousand Oaks            New Brunswick       United States of AmericaMartin                                        FiCsNSAASqDygEHBQIbaYwXQzBjRmcLPGPbnihPTpKtbdDXOkqNbYPTbteUTZuuGOAyECUdNBTmasfqTCvgdiZKFBcUYDNZPnTSEbtDooboQ HssMSP KREsnBPbKFUGCzZXElYzcMqqbu        
19721224-125804CMPWkpXrjqzVKYWoORXgeENMSywSdqIIZBO                            0000000298ACTVFLD           3327 Buckline Court                                                                                                                                             70812       Edmonton                 WY                  United States of AmericaDeffenbaugh                                   YGVBHUiKXJINLJrmmtXQCHbGXbTwKXMXBNCplJsBVrkskRwxCXkPrTswFOyTyxDbJcPFmLKlCRUpfUAvBAwaUclDxkYOaBDjrvwdqofjckdorK DCzfILMVCrUTR                          
19721225-012602SECAAAAAAAAAAAAAVBCOMMONACTVhdIgsdMUkhnXaZAdZjeGSNmESfrHtoIQJiPLrEHi                              NASDAQ790937526    1881091718860606        1.31KwGGHtkLxtWGPwoGFVBKTqHdHhmZbSsgyyHfJEsFJbOuJAQfYzTNZNcIDF  
19721225-113429CMPFhhfrkesbFUwpaFPO                                           0000000297ACTVCCAA+ 1890091818710 Queen Lower                                                               Apt. 904                                                                        H6C 1Y1     Edmonton                 British Columbia    Canada                  Murata                                        LjGcpoxkLwuHDTbcCmwNnVeSXGRxTMmcJtQTGBwNzBGMXeBETgXdKokkdGoNlMDkFKUJPyCIlmsoMekgGewfPOlMBFLKjffmV                                                     
19721226-001317SECAAAAAAAAAAAAAUZPREF_CACTVntXyERnhWaAnVzfPykMXNxTcIUKADOAELfgxgiwQYupCdXOOncuQPSX               AMEX  685805011    1882042419450311        0.00NtOdvFBFUhCVdhuIepZmNOBReS                                  
19721226-085436SECAAAAAAAAAAAAAUXCOMMONACTVJNFGTXqkFIdXyzvDpekNKUmEW                                             AMEX  721316719    1906022218520222        1.48XjSxlGRryfrgvCMaReGMEXLJuiXaSRQMSTRccKTbdXRVwcSDVVf         
19721226-095707SECAAAAAAAAAAAAAUVCOMMONACTVpBQVGXYuZcPIixhOfVzdJSCZrU dEllroDIbGHRXGRWsJaqSThWdBlVfrEofgdK       AMEX  390616760    1957010519390516        0.56NtOdvFBFUhCVdhuIepZmNOBReS                                  
19721226-155007CMPOCuNrytyPITVDUziIzC                                         0000000296ACTVMFCC  1888102517021 Edwards Crescent                                                                                                                                          93363       Providence               Ontario             United States of AmericaZee                                           SpSXEdxVEDft XmrkHBhAtmFXSUASSAJBTzrKkFPHHgLbiACjFzsuDUrLZeIQcAQDvNdzjveAmOqaTllPiePUSsbAuvQxDVUqQLfJnsKWuYkbXdPDAnHZHTU                              
19721226-235739SECAAAAAAAAAAAAAUTPREF_CACTVRaPOOiZFFZHDNDXSYVqgt DOCPiVCJphNbAoKXdrCKGnJlJzKFHRMOUvQx            AMEX  288407292    1928052619511102        0.550000000195
19721227-000316CMPjLCjOYaAGVEUrxGtMU                                          0000000113INACDRBB  1957022315645 Sabine Rue                                                                                                                                                19131       Costa Mesa               NE                  United States of AmericaJarrett                                       WRWqASEhYkEWATDnOaTyUKPpOCGpRSYKGQERkXieEBpHGcDQE                                                                                                     
19721227-052012SECAAAAAAAAAAAAAFFCOMMONINACxAVO  CcUrVDjBdDTcMDaWHNAOHBVJmdVAESmpyPeIzUe xSi                     PCX   36971677     1935010718690401        0.480000000020
19721227-102231CMPzSzyZVwpMSypTaf                                             0000000071ACTVREAA- 1938031120025 Routh Crescent                                                                                                                                            36649       Henderson                SD                  United States of AmericaBaudoin                                       wUOmTgLzKkUmumowvFuPESIlAgTIjDZQrNVUFbqwgFRLhkNgpWtMONUUQSgIYFvcSoAUJzYQeXzbYnhBmukLDRWFTPxXuKvPTMEZvBJnTGwFsbGuxnvSAlNQIOkVQSbJ Q                    
19721227-230528SECAAAAAAAAAAAAAVICOMMONACTVDuJV  LrDYTylqUR nE pKgAs                                             AMEX  932986477    1933111919150906        1.300000000032
19721228-044301SECAAAAAAAAAAAAAVGCOMMONACTVLKIOqQihoLGSMDlUSPCdcTyzlSNFmpAjdEVSMHngmxz                           NYSE  314517540    1912082018530517        1.430000000019
19721228-102331CMPtqlRQYAzmtTPakQfMSMZlHg                                     0000000305ACTVILMr          15555 Oak Hill Crescent                                                                                                                                         V6U 1Q8     Dallas                   Newfoundland        Canada                  Vaneyck                                       CycETWPHCKjNkBvQVcoXNXlQbKXSaIByFUOJFNuEQrVpoDlLzW NcNLXNBFUUgcoGVLEHTOVgCIDNVEVAMDccoyMuWrMpNxJVukKUXuCQdTGZAhpCrBpwsNMnVVnG                         
19721228-215906SECAAAAAAAAAAAAAVEPREF_AACTVTDmpmOQrYV JWfDydhtNAcqEqNgp                                          NASDAQ422624751    1911123019541205        2.99HQSomNnImHMmdRDYNPNRfwVyMKUAVMlSvTbZnNezGMUJSTdgdELs        
19721228-225531SECAAAAAAAAAAAAAVCPREF_AACTVAEgibzbBcgMFZJBKQ                                                     NYSE  344914994    1908122319300629        1.280000000231
19721229-010604CMPmaNnBELccTuKDXojbbmSqMAOzQwExqMJWPLSOAAZCgXQxjEfFORZfzbxQ   0000000304ACTVNGB-  1882032013250 Monroe Road                                                                                                                                               97220       San Diego                WI                  United States of AmericaBehunin                                       QcePxVILPvcDYwVhWXUuxOBwPJnQJsu MTVADDsUEzGnVeDkEqeVPVLkXQOTxOpFHyAVIVyssHdugMFGOmIwFpwKALATOyUjIXxDUETEDFFPfTFvdde                                   
19721229-070408SECAAAAAAAAAAAAAVACOMMONACTVgCjZaDaLTHwVQas yhaHrgqIHEysOm TOomaN                                 NYSE  448685092    1910082419121219        0.300000000270
19721229-104131SECAAAAAAAAAAAAAUYPREF_CACTVkzCsBVTAeUYTaTxgXuUIQsdmw                                             PCX   421499592    1851111719340827        0.32JySpXSUPXXRQAhXZYVXuSJeBKDIpCmynRTiStS                      
19721229-170815CMPdWSNGQHRKjWGavPFv                                           0000000303ACTVARAAA 1853011922279 Gramercy Road                                                             Apt. 587                                                                        67232       Shreveport               OH                  United States of AmericaHarcrow                                       PAWiFdzplIHOZrUSUyqVpXePTjBzDZROGXkuNRGWggJRaQvRKoNlPRrOTlVJLszCziJhUYZHRXApPwQGpdKAnGAOdMLqV                                                         
19721230-040110SECAAAAAAAAAAAAAUWCOMMONACTVOKybdFXAYEARXGbAAYmiqaONHPv                                           AMEX  657296190    1884051018901114        0.530000000284
19721230-175854SECAAAAAAAAAAAAAUUCOMMONACTVLWQJswfRPPjWDMZEDWCuWTFmzZEHPOuIaGIFZQyoxdQIeHeV QeJCTOdYKQTQAJC      NASDAQ235807064    1949061318871019        0.94jLCjOYaAGVEUrxGtMU                                          
19721230-201735CMPcueBOSXRqjBKnILfnUEqfKSObBJCCMj                             0000000302ACTVCVBB  19250417564 Hylan Boulevard                                                                                                                                             43610       San Buenaventura         NC                  United States of AmericaSansbury                                      zwS FGkFRkJjrwlMRE JAFbtcULND kzttMOCId LXRSCBGZHREIELyFJlOMuMvThGXYwswyDwbugQBEnzCMKbxqrbtBUHU bseBIgmNFuUlRFUAUG                                    
19721231-095518SECAAAAAAAAAAAAAUSCOMMONACTVkVngaJmtESlilGwQkopDFIhsCZKGzPuuDLZVUjJMznKXAXCqxLGN                  NASDAQ4739310      1923102919551116        2.31QNZUltgBGCXGYshw                                            
19721231-151852SECAAAAAAAAAAAAAAQCOMMONACTVLrMJuIQVMvqTNyykt                                                     NYSE  477170258    1904110718531103        0.900000000274
19721231-235958SECAAAAAAAAAAAAAVHCOMMONACTVHgFIgTVfvswebW oG                                                     NASDAQ462463798    1960071818881101        2.64XcxyxkqjaesCOVlDpRLKOSaaUSDCxuJjG                           
