19751001-092959FIN197541975100119751001    8254047006.55     907731604.46       16.09       14.05        0.11     263611637.33  966145443014.59    3197254692.79     56428650     646196120000000005
19751001-123152FIN197541975100119751001    5794602411.83    3883508484.30        3.92        3.56        0.67      51156731.28  857049163164.64    6894318162.83    989653116   10916545210000000029
19751001-165006FIN197541975100119751001    6263207865.81    3898310300.66       22.09       21.10        0.62     252934460.90  846373129539.81    5223575661.17    176469391    184762839VcbAKPfBIpRdEaWhZBDoBABArjGqRCPYqanHvstLOVuMQC              
19751001-194243FIN197541975100119751001    2774451017.24    1803898291.58        3.60        3.01        0.65     832520365.04   72567624076.71    6144518710.89    500691201    598716157PjlPgtyXFQMaQwoAnVgbUFMVCFQGEgeGVOPIPEPLwBmXWxRK            
19751002-042558FIN197541975100119751002    8027055578.75    1478967123.99        2.12        2.06        0.18     659911339.31  875415982119.55    8984332974.92    696910401    717944799qBMMQLoTVJXYOWHbqUadsqhStqZmMDQEYnX                         
19751002-050534FIN197541975100119751002     892085797.11     571519797.38        1.07        0.99        0.64     158492174.80  288225811813.88    6448501094.37    536419387    5778711370000000112
19751002-133656FIN197541975100119751002    4853209873.95    1894397305.99        2.12        1.81        0.39     129637925.94  255956150792.09    4313777406.77    892894315   1047450100CJDIgUzBAIqWZQVUTlyQjQGEMKgPacOT                            
19751002-204846FIN197541975100119751002    4466201333.40     487309069.50        0.52        0.48        0.11      11094802.38  543451455913.63    2565517235.46    933584771   10111997580000000021
19751003-022333FIN197541975100119751003    1615454068.40     384955052.69        0.43        0.38        0.24     520995707.31  396414145384.41    6637366719.15    899907202   1016313275RoWWWWjHcEnPEUUWt                                           
19751003-092246FIN197541975100119751003    9119105284.12    5776184723.79       12.03       10.33        0.63     771940662.36  464274769302.20    7650255499.47    480087328    5589495600000000003
19751003-131632FIN197541975100119751003    6856123022.61      66192951.45        0.20        0.18        0.01     877757224.63  380041220470.38    3645910807.20    336271711    3781867090000000415
19751003-141212FIN197541975100119751003    9334324810.56    2782895794.15        7.24        6.52        0.30     436214985.43  875719319160.18    9735121791.13    384408467    4271089880000000101
19751003-235615FIN197541975100119751003    3678449440.58     603830833.14        0.71        0.64        0.16     215784632.92  845047208046.40    4154752287.89    845430783    9446712550000000311
19751004-090252FIN197541975100119751004    8625065827.33    2660609669.11        3.70        3.13        0.31      50270285.96  612272524185.97    8480074176.61    718320623    849080784aoTgMQQOVPapOXWxUW                                          
19751004-141233FIN197541975100119751004    6648618035.78     328534575.97        1.99        1.78        0.05     483903970.35  902594125620.68    3290411137.74    164731872    184128997OqAIeBICyTDaCjYBokKBWwGIbTbHykBtzpJVuZzfWHKRHbYByNSoGLc     
19751004-174659FIN197541975100119751004    5222286491.09     278410984.74        0.52        0.44        0.05     905215600.57  517301253384.31    3406050386.25    536044191    6267436440000000340
19751004-204322FIN197541975100119751004    7352466932.38    4310329044.98       31.67       29.15        0.59     749027737.64  251611317845.59    5534096565.45    136082212    147855882NtOdvFBFUhCVdhuIepZmNOBReS                                  
19751005-032552FIN197541975100119751005     365661328.00     114850656.66        0.26        0.25        0.31     154468411.39  747760752475.60    1581653977.73    450187876    4644563350000000221
19751005-105035FIN197541975100119751005    5468839037.64    2048458607.47       44.44       40.80        0.37     363401943.61  519594101305.14    1556566518.99     46096436     502052510000000201
19751005-200408FIN197541975100119751005    8232094684.09    1623370255.77       38.71       33.66        0.20     102206361.08  321596935483.85    8801972913.91     41941159     482349940000000073
19751005-203447FIN197541975100119751005    3967208806.57     321008652.20        0.34        0.32        0.08     125862006.18  198231535081.11    7368213501.71    944401804   10144428140000000378
19751005-205928FIN197541975100119751005    8396585027.05    3298213620.47        5.90        5.10        0.39     233318683.50   76713392985.47    8471287226.34    558932372    646634548UCXHsOMKBBhFtzPEIauEkuhRHBwnBaQQmhkLJLYXHLTsPYhuqrMWF       
19751006-032317FIN197541975100119751006    7243236523.31     898341870.58        1.20        1.01        0.12     413406766.84  195543718257.07    8885114458.62    749276934    891684601QAIfXCkZkcOUWysYZNIrQhFKChnxkXeYAlUVoUXQtalpMEzkjpnJDLQMx   
19751006-140855FIN197541975100119751006    2150093887.99      17724360.47        0.14        0.13        0.01       2828147.54  109601405150.80    3568558022.13    129257965    137645189tqlRQYAzmtTPakQfMSMZlHg                                     
19751006-231913FIN197541975100119751006    6011900347.85    3106440251.14        5.63        5.33        0.52     858361116.71  975011536493.66    7377053633.38    551366279    5826690040000000024
19751007-102801FIN197541975100119751007    5498723052.86    2892270910.58        2.94        2.47        0.53     765330053.88  469311041224.79    4485018179.00    982957914   1172176084UKFcnKTFeKKrDiCQaSvHKASfMHqqwaibByIFXMzCNUKdDSAl            
19751007-122703FIN197541975100119751007    1924587765.90     748460225.55        0.96        0.91        0.39     913495783.67  303451360855.22    5168654032.95    781989075    824394018SPxWWxntruWsXkUhrLeUTFIRwNluEpnOeOAYsCBLnc                  
19751007-125647FIN197541975100119751007    6852684541.66    3139274886.67        4.68        4.54        0.46     191884175.14  704209877388.10    4548692578.48    670758059    691265799eMeEGklgXHxDbHmSKMgdNjtvbmqrnPkesDKCAFGtvoUrQw              
19751007-212255FIN197541975100119751007    5436813141.16    2233240195.72        2.63        2.46        0.41     180442302.63  346925134041.52    9960902733.30    848044853    909024113XLTxGrTTSMIeAKqzJEDWF                                       
19751008-064557FIN197541975100119751008     768677580.11     411919509.36        1.32        1.12        0.54     137003573.84  618066287692.91    3372127548.35    311539327    3676560080000000391
19751008-103640FIN197541975100119751008    4835253939.59    2758868611.63        4.96        4.37        0.57     657447138.11  865821725115.15    5073685550.96    555672336    631365321QrkRxvbadKcPnWFcOeDWQVadFphGPSbdHFKZstApXDFQCJWWQxhWQGQHgC  
19751008-180259FIN197541975100119751008    3140595959.69    1587722270.84        1.62        1.39        0.51     850680472.66  733862752780.32    7906920293.26    977113307   11409512290000000125
19751009-011156FIN197541975100119751009     113591434.27      69732015.02        0.07        0.06        0.61      41412298.22   13775580778.43    5937240186.02    991738048   1087816007reiXxzjRuPXPXrZpVKbnvJ                                      
19751009-034157FIN197541975100119751009    9507967044.29    5718220024.74        5.89        5.60        0.60     955675193.00  591057107257.44    8543682533.42    971299063   1021096261dLhVWzazSySPNOSRlJUZTKAqSudRG                               
19751009-045202FIN197541975100119751009    3537699069.21     479909251.83        2.39        2.27        0.14     785636070.76   77513620177.55    7797678905.70    200444180    211461735XiuLDVDnYQnZdWqIeVWutEjPXZaaQbOqjsNvlFMIc                   
19751009-081733FIN197541975100119751009    8160727971.20    1122996463.53        2.17        1.93        0.14     899464807.31  817808050771.54    9941081201.63    518133972    5822795450000000243
19751009-155621FIN197541975100119751009    8644823733.59    2521500050.78        4.60        4.05        0.29     305881589.12  759740460069.31    8222929180.65    548057604    6228320380000000167
19751009-210352FIN197541975100119751009    2939879195.16    1604638935.86        3.47        3.17        0.55     236532548.66  304257674618.36     577184540.48    462606115    506475298MdcCChWJrnnJJXGaSMxGEMVNtLDSRgHEATX                         
19751010-031045FIN197541975100119751010    1676621920.46        594785.95        0.00        0.00        0.00     943863055.67  225817820280.87    2470328781.73    470878911    544625933HCyVIHyFodPADbGORMCBjByxRTESfBNDTPBZrsTBUACleKEVFjHkSOorMc  
19751010-040541FIN197541975100119751010    1001005487.49     165125774.87        0.22        0.19        0.16     355512496.86  270057236315.16    6595538109.21    757006830    885985314SSJOBDXDRsHzABekVNkjWVKgMlVw                                
19751010-102523FIN197541975100119751010    9533737961.47      59612607.44        0.07        0.06        0.01     213008573.00  274284771117.06    1361697307.38    881822634   1057893424yRflLhHvroMJBNHcMIDiQuHspAHUTFVE                            
19751010-201708FIN197541975100119751010     238544263.08      14066720.54        0.03        0.02        0.06     299352814.16  291687012205.44    7569764160.73    475829081    5659173820000000120
19751010-202520FIN197541975100119751010     375859122.47     247805500.09        0.76        0.66        0.66     552208482.05  357808200730.74     878565386.13    326238286    3769753980000000362
19751011-060908FIN197541975100119751011    6806387131.82    4440100869.09     1324.60     1162.16        0.65     668210537.73  550270787243.14    1677037338.13      3352044      3820575LViVEKgsrKwCVrgOwkPeRFPWWpkHCZiTNGXGkVsAVwjm                
19751011-100229FIN197541975100119751011    6786741760.19    1015825111.97        3.80        3.49        0.15     733593562.19  699683801817.70    7654373413.88    267297694    291139103FEJqDJbFBHFbMSWLMHkubadniLCUCNTSGIPYDVhVRqNYCB              
19751011-105022FIN197541975100119751011    7433008605.65    4416389132.07        6.97        5.98        0.59     992608834.17  850100791053.13    7104029916.35    633479240    7380738970000000414
19751011-135711FIN197541975100119751011    8674556464.78    1869481710.04        2.19        1.96        0.22      82449227.97  675580635989.91    3791086597.82    852450614    9554509490000000368
19751011-155012FIN197541975100119751011     461412475.51      25562326.96        0.04        0.04        0.06     818951446.17  120644162286.00    7813742703.02    631307249    658506099jEDMMMXIiuBzANZHiHyWmFFHVoTLvwUegqgIIMHlatdnrNCMwtJ         
19751011-172156FIN197541975100119751011    8291213522.32    4789164663.28       20.57       18.87        0.58     668463301.13   40031643235.02    8550053508.72    232793655    2537850330000000177
19751011-200634FIN197541975100119751011    2513502983.31     320664014.91        0.37        0.31        0.13     637890827.91  501064452862.74    1982206893.91    864658462   10238148150000000343
19751011-224841FIN197541975100119751011     164347878.71       5697391.65        0.02        0.02        0.03     753794624.32   70598898166.96    5134914078.63    264098338    292218529hSAOpCrPCpgAkXnAJGTxFjcuADeHUaavHTPF                        
19751012-035604FIN197541975100119751012    3039614634.54    1780363263.80        2.96        2.94        0.59     659591190.02  216346193451.92    5985836211.59    600628061    606506864VFPdVkRgURQBNEbzjlLXHmVAaEVWSCWcJXimOnutgjQJTPAYiGf         
19751012-062922FIN197541975100119751012    5543804786.08    3617135154.85        4.73        3.95        0.65     197533516.35   18667238047.20    5970602209.28    764425381    9163147410000000277
19751012-082404FIN197541975100119751012    1822182734.88    1235046818.69        7.79        7.17        0.68     819800720.38  125380088214.90    3494282932.81    158495679    1721530730000000038
19751012-100844FIN197541975100119751012    4302258059.41    2260196231.24        3.48        3.28        0.53     787804122.15   65625881471.88    1840790420.24    649455362    6893340360000000213
19751012-170447FIN197541975100119751012    5989527244.54    2211138830.65        4.36        4.17        0.37     789246718.45  443412874455.36    4051368866.12    507563220    529792187WKHSDaFEDSYXOynePKHWBGLeJ                                   
19751012-180437FIN197541975100119751012    7254495350.88    1016580596.47        1.43        1.19        0.14     991446996.57  279689362507.50    6484548963.40    712209671    8529949270000000046
19751012-210626FIN197541975100119751012    9491214038.33    2185261658.01        8.73        7.99        0.23     988820564.06  895120077070.96    8481424482.70    250182973    2736410880000000231
19751013-005804FIN197541975100119751013    8164914944.30     652875560.29        1.23        1.12        0.08      93327749.95  518017958448.27    4034312520.32    530307730    5807053670000000220
19751013-032956FIN197541975100119751013    9547156002.52    5290440579.37       10.92       10.20        0.55     951985188.32  642538580844.59    1933054497.71    484433007    5185979680000000060
19751013-085955FIN197541975100119751013    8872675367.70    4798089428.62        9.60        8.08        0.54     735348638.05  414062709484.47    7519807443.51    500056625    593824907VTGIYOHqQTinymJiaerSHchHKAKjpPD                             
19751013-125202FIN197541975100119751013    9099662672.80    4488579335.07       11.56       11.08        0.49     285622257.17  793896789741.04    4579088753.20    388361786    405055439bYDPbZElTEYkPhtQKSUTHJfDnAFenTJmrpOieWeYRcAAHCLrUbHWOw      
19751013-181006FIN197541975100119751013    2547960689.08     900444277.92        3.08        2.84        0.35     859803738.18  200336824952.04    7232289599.03    292307804    316813522dfFANecQKvrSQgzQKpIQVdGVbtGsTGppLzsrQESzNGrlVGjjGlGEuMtSRXwM
19751014-031257FIN197541975100119751014    9436271277.32    5447339442.09       75.07       65.18        0.58     821238148.79  701739935270.31    2582435460.03     72560263     835746720000000388
19751014-142839FIN197541975100119751014     968545829.13     622410116.40        1.86        1.85        0.64     263315079.67  606760557703.31    1603018892.98    334184447    335636492BEFZxtnCCsYnsAWxOEIimDUoQNDibMTFBcr                         
19751014-153255FIN197541975100119751014    1925744515.29     419336693.73        0.86        0.84        0.22     658430913.89  766386227987.46    2778896720.95    487034128    5017712960000000289
19751015-030317FIN197541975100119751015     633186629.80     172155677.23        1.57        1.43        0.27     182017186.61  317045333379.82    1287483353.59    109415538    1207867380000000157
19751015-062904FIN197541975100119751015    1356050583.08     797382758.06        1.05        0.95        0.59     408381715.89  266417523833.01     928950615.00    760554878    8379443310000000054
19751015-101340FIN197541975100119751015    3031792212.47    2089276015.24        6.68        5.72        0.69     821606727.53  747745310282.73    6262281068.34    312746273    365205581mnSNZsOOTQfGeTtBmUNXOdRKTXHPDQHLYzLOmgJhpjXennHqIMZ         
19751015-105315FIN197541975100119751015    6604564765.41    2488045997.34       18.61       16.06        0.38     691898510.02  345601954116.98    4075597240.97    133700701    154932940qOdVHYxDVZvGNRKGYVTrFSwxPzXxkMvZgmZdThHHL                   
19751015-193736FIN197541975100119751015    6047842738.09    2308905723.93      420.76      389.11        0.38     771266990.80  315402708141.08    3948797589.13      5487526      5933764MutMDETGPQErOpBIRhWAXwXLNwWkMGQjEDbVomDzQUTAHsQLe           
19751015-195944FIN197541975100119751015    1654000805.75       1483907.19        0.01        0.01        0.00     418135174.42  518998722890.57    3581649191.05    185728648    218258263WqeiYOFGTjVEbfOBYccBfxuAwwzR                                
19751016-072333FIN197541975100119751016    1178644541.76     737485208.28        0.84        0.83        0.63     706513901.86  710864153262.81    8953140386.09    878307393    891576869vnbESGDLPDBDVwsKNSXPqRYLGXjuxVJrQDsEcEVAYIyXWMFThaGbMIZNd   
19751016-133218FIN197541975100119751016    3829812968.62    1392850693.82        2.45        2.32        0.36     142340626.73  486528751909.01    2973037658.75    569079467    601449728GZYLRjrimaTBIzBBifAOowqfEgITGEQXq                           
19751016-190759FIN197541975100119751016    7378271246.93    2480531102.17        4.98        4.35        0.34     452818866.79  832109258142.68    8265250801.70    497691612    5700574410000000307
19751016-213948FIN197541975100119751016     640604171.02      81342406.75        0.15        0.14        0.13     386825683.22  905896588843.10     259136464.51    539715467    579297381OCuNrytyPITVDUziIzC                                         
19751017-035015FIN197541975100119751017    6387963702.51    2175511583.75        3.65        3.07        0.34     958775991.30  943690145548.29    1336098338.08    596424052    7085380770000000040
19751017-072015FIN197541975100119751017    5105960191.38    3356535056.26       15.50       12.99        0.66       1727254.04   65504229201.51    9634942518.88    216552585    258321198YNouztDEEgVJnWzrV                                           
19751017-074650FIN197541975100119751017    8704524344.98    5917985047.71        6.00        5.56        0.68     288500456.79  708341107932.43    8477305679.43    987112832   10644134950000000293
19751017-075228FIN197541975100119751017    1802468391.57     449817037.60        0.46        0.39        0.25     836879793.84   79000536600.96    3094137784.75    976614910   11464013840000000140
19751017-102750FIN197541975100119751017    6145309163.75      82207104.51        1.06        1.04        0.01     860235374.76  659139704696.68    3582075429.85     77903742     789782670000000413
19751017-124951FIN197541975100119751017    8604759026.54    2022786773.07        2.22        2.13        0.24     516320876.06  602640578128.77    4686602426.54    912176550    949610731vyTDfqipWGWxVaqrlSLwEsgtkcrVBDweTYQXhVJWaSrEOAunHKWFPfAXhQ  
19751017-234653FIN197541975100119751017    3207739553.14     973348703.76        2.92        2.51        0.30     210756840.34  692490631967.42    6233062964.50    333259678    3883907700000000143
19751018-051301FIN197541975100119751018    3707784075.89    2030806471.40        9.14        8.32        0.55     788432959.64  903480659487.75    8759422604.31    222276459    244094681PGDBgEZqRneMoLzzQWIWKPqUm                                   
19751018-133042FIN197541975100119751018    9164186140.01    3385542627.50        8.23        7.90        0.37     398533044.61  518077334750.33    9395480801.95    411566717    428788174mnNgVrFLivNTSCpRnzfHJmqRcwjNTpSUAD                          
19751018-174105FIN197541975100119751018    8952085749.57    5312122131.71       45.98       40.26        0.59     305273274.43  803486642960.68    4845818184.04    115522774    131947576qRAMrJWYRgHUIFKxEZjraB                                      
19751018-205724FIN197541975100119751018    9658389106.50    3387961434.94        8.38        7.25        0.35     549139238.87  649837678299.84    9915696461.95    404399582    467103850qRPVVdOiHOaRcVTAInDgjliDRKxjgWiFKZqiTVfCOkJATvp             
19751019-005912FIN197541975100119751019    2895481818.45     675365174.79        3.27        2.86        0.23     570478534.34  429643860551.44     722893806.24    206470260    2358429000000000069
19751019-044738FIN197541975100119751019    1397028504.77     564990708.20        1.12        0.98        0.40     544994651.38  520691751327.32    9960026881.33    506580414    5766557010000000327
19751019-125822FIN197541975100119751019    1044100455.31     640082360.87        1.50        1.48        0.61     823567239.64   22724065651.96    6550858428.57    425641877    4313923570000000393
19751019-194517FIN197541975100119751019    3070991579.48     946673096.84        1.07        0.89        0.31     336249047.83  644697160108.14    6160314219.32    887345738   10625365020000000335
19751020-021046FIN197541975100119751020      69107755.57      42566590.50        1.75        1.68        0.62     552361407.52  794079398172.82     483315526.01     24342038     25376312VIwCayPvwhogOnJYXzNaeJARKVRQdTJzLSKMYmjqiITvCVKAMRRJCa      
19751020-065511FIN197541975100119751020    3686707866.13     202944468.90        0.68        0.58        0.06     230225958.09  583999642106.64    8424049866.15    296849427    3523456610000000110
19751020-102015FIN197541975100119751020     162133158.12      64647279.44        0.10        0.09        0.40     386677757.70  740219579282.14    9136736561.05    659280926    728934422VikNJFYegVVQGYqpTEnxkClfSmGXAyLaNwsjSHKiUlJafPQsCfYY        
19751020-212909FIN197541975100119751020    8774233010.51    2455200797.95        6.89        6.25        0.28     516300840.42  658769941921.93    9440157709.57    356262069    392792586dTeGxDjIdTKaDZkEQ                                           
19751020-221646FIN197541975100119751020     546716525.65     213356693.09        0.40        0.39        0.39     424919584.41  400228091481.79    5909241064.05    535379242    547551162LgvggaUVPIWggCTSXUGuimmMSetVYshIxgRZrdvICEjJVNigB           
19751021-021113FIN197541975100119751021    9302968273.41    1972083532.21       11.52       11.44        0.21     232397359.20  181281629139.35    5840002324.98    171238684    172425670QZoKTiXLKvPjulUWXMCUtVfATzbC                                
19751021-070028FIN197541975100119751021    9582495852.61    4476629133.81       11.32       10.97        0.47     462768127.69   87401721398.64    6276092276.71    395568912    4081356020000000374
19751021-131455FIN197541975100119751021    9814322187.13    3053967760.70        4.51        3.92        0.31     721627210.78  204095186663.54     348880982.78    676769173    778966154bSRRblvmDfNJIUUERFKAuupeAUU                                 
19751021-180518FIN197541975100119751021    6139225243.06    1444277712.24        2.21        1.85        0.24     106780334.91  728024207932.46    5974721169.58    654446148    7808727090000000342
19751022-020355FIN197541975100119751022    3564756554.43    2103367636.03        9.39        8.60        0.59     784843315.65  679005258245.40    4098642220.74    224066194    244589511xxRWgFWhHQXdeKNPcnoCMTCjPFSObJGqoPSDtvlZYonwJYFKKwWGnyj     
19751022-104003FIN197541975100119751022    1841482944.00    1013698978.36        1.09        1.06        0.55     400073945.21  447355044994.42    5102363956.46    932814893    9605576470000000318
19751022-122538FIN197541975100119751022    5815557843.06     661511521.72        0.74        0.74        0.11      82326636.46   83937413801.85    7213033164.35    888355868    893421449qKZmxEJdJHmHxmqcMqVLIgrwrTMFGSYepLzRROMkSDC                 
19751022-163041FIN197541975100119751022    5171230599.40     990329419.93        1.18        1.14        0.19     310813464.47  847929774796.96    8700793720.45    837523608    8704121980000000348
19751022-211712FIN197541975100119751022    1626175210.34     986164066.31        3.92        3.52        0.61     944290122.02  448212343855.68    9055582999.48    251551408    2798194910000000198
19751022-221947FIN197541975100119751022    8882653089.21    5264215884.72       29.42       28.35        0.59     448072604.64   63097991232.59    4766769271.94    178937616    1856665330000000395
19751023-044251FIN197541975100119751023    6000047031.49    4104996850.42        6.48        5.90        0.68     717204791.26  976552914819.67    8362818476.00    633861295    695553985PbZdBtNVFkoHUVrXoPHrheGsXLJgIHgHTAbSKZsIPv                  
19751023-142944FIN197541975100119751023      61947687.91      40632504.07        0.05        0.05        0.66     194268924.69  167156515161.30    3242633610.56    739981889    749428252uBBFBUhgSRFtzQIYXtbEFRe                                     
19751023-180909FIN197541975100119751023    5891962894.83     100052688.30        1.42        1.21        0.02     745770374.89   82546961058.14    3084571557.93     70500565     828890050000000278
19751023-230101FIN197541975100119751023    4717443970.97    1342524961.22        1.42        1.27        0.28     340674448.69  312144537031.62     864157918.80    942215492   1057502202daGGtcoTREcrZvEbKVXTGbZcgwEydZMugGTKPnwbTU                  
19751024-081149FIN197541975100119751024    1736568540.52     911674373.05        3.01        2.59        0.52     613931932.10  529722336904.91    3482208810.79    302979851    352310629OVJLucFRYBOGFvuGZWfrWIXkXlBAMCEIbLeGWNDEcqjSGqJQxkWjJNbeHGX 
19751024-163845FIN197541975100119751024    3281675252.09     608186959.63        1.61        1.36        0.19     540004639.39  363683572033.63    3494038629.85    378489064    4465537400000000255
19751024-165113FIN197541975100119751024    1587569478.08     975765318.41        1.35        1.13        0.61     322693931.58  719617546035.91    8826721443.02    721572107    8641458640000000235
19751024-233519FIN197541975100119751024    2435454946.40    1005379461.21        1.40        1.22        0.41     339310712.26  431032887112.56    1318756465.28    718173215    8217304090000000287
19751025-094943FIN197541975100119751025    4841679590.36    3193578698.84        4.50        3.84        0.66     303263272.08  293356430239.46     437655583.03    710148326    8315518710000000386
19751025-113336FIN197541975100119751025    8690471721.94    3014251249.32        4.89        4.14        0.35     786733634.98   94711951763.38     904876896.01    617015310    7287375890000000412
19751025-180235FIN197541975100119751025    7308114938.59    3370324647.38        3.46        3.23        0.46     154970824.10  276345504236.52    5480816557.15    974224063   1044677148IGdiEywJBcATiQxUreXhZFNmItSTGTzCWbMRFCVCvGNDFskCX           
19751026-025405FIN197541975100119751026    8553855676.60    4480810715.85        7.19        6.63        0.52     779261262.56   77973701874.62    1615349884.06    623500604    675646527KsLBXnElVKdTMXGCGoOrJDQaBpHiZwbprNnHXjI                     
19751026-125619FIN197541975100119751026    3077369988.75    1331449181.57        2.49        2.30        0.43     404110594.78  159032955262.72    2497694259.07    534119572    579348477jRhDJJDxLPxUEMMpdhzdZNqRVTuzMCrlMcwMsdHNvIEBwDfErPG         
19751026-191259FIN197541975100119751026    2704090151.64     166295455.81        0.23        0.22        0.06     260064514.83  665013773975.82    2089049106.32    728120133    746681346XiKcfZmoGQnBHAdYEzmdTwSdbIDPEXDvLJbgRSdkrsLGrsJIESgMl       
19751027-003622FIN197541975100119751027    3636070639.03      14745893.90        0.02        0.01        0.00      88457496.66   75734967729.14    1275844152.80    951297118   10580906870000000227
19751027-094415FIN197541975100119751027    8109656069.58    1369748341.07        1.94        1.81        0.17      36256343.11  303699826680.78    9284918315.80    705311837    756882571GQgODZYcTEajaEMYDrWGoMdiJOENBaMGcnwYwuNTRPoOXXVjWD          
19751027-142801FIN197541975100119751027    7618823478.33    4162250870.50        4.77        4.56        0.55     513646718.43  194752070297.33    9583936397.76    873480075    9122723430000000057
19751027-150826FIN197541975100119751027    5643465383.67    3522058917.72        5.30        4.72        0.62     870708913.55  257318096892.46    5718731339.41    665067581    745659539DFfLCWNBMANVNNVospfGiAJTCJrfFqKRzfHTFdNDAvQwIcZ             
19751027-212134FIN197541975100119751027    2470301110.95      70111996.59        0.20        0.17        0.03     217521466.24  452523807177.16    4630125473.35    353142435    418312795KwGGHtkLxtWGPwoGFVBKTqHdHhmZbSsgyyHfJEsFJbOuJAQfYzTNZNcIDF  
19751028-052020FIN197541975100119751028    6715709460.14    1167606781.45        1.41        1.37        0.17      16129181.02  748156754795.45    3403659777.19    830935576    8550019630000000096
19751028-131416FIN197541975100119751028    8088339706.77    4567792116.57       10.33        9.14        0.56     912751418.10   62027221799.24    7519680425.60    442317947    4997376200000000122
19751028-143735FIN197541975100119751028    9174235013.94    4418588245.40        8.58        7.83        0.48     963054811.48  182027383311.76    6900722315.74    514891237    5642652550000000195
19751028-143823FIN197541975100119751028    9276072661.63     711092055.81       10.61        9.53        0.08     631169804.68  981840392420.09    9287227174.60     67034456     745846560000000166
19751028-144318FIN197541975100119751028    9118309960.47      48529091.27        0.07        0.06        0.01     180408316.22  618952493413.71    6181546377.95    735424616    798088907gDMXHLTeMJMEiSAyKEnl                                        
19751028-191836FIN197541975100119751028    3352926771.37     877907215.73        6.96        5.94        0.26      65477788.58  938258164353.89    6382853097.79    126130972    1478494790000000053
19751029-000540FIN197541975100119751029    9479434898.40    1930537158.38        4.81        4.43        0.20      17922579.28  393326988191.42    5999587892.25    401359786    4356983710000000300
19751029-033319FIN197541975100119751029    9777869046.84    1424200740.35        2.88        2.55        0.15     129374271.98  257582942858.52    5513283305.15    494866916    5591235150000000322
19751029-124702FIN197541975100119751029    4546943659.27     644670055.85        2.99        2.74        0.14     184671751.30  743457013406.48    1676010317.15    215339684    2352439540000000229
19751029-141737FIN197541975100119751029    4433114247.76    2879395013.28        3.22        3.16        0.65     676943873.68  167946911433.39      94308685.28    894210344    9107077810000000248
19751029-184634FIN197541975100119751029    5291652219.41    3329206741.83        9.23        8.61        0.63     116054794.81  879038949338.97    4465360290.90    360648177    3865246170000000262
19751029-233556FIN197541975100119751029    5523499880.20    1205727439.65        2.89        2.51        0.22     445336098.00  293132436410.70    2132991014.19    417796280    481024897RzFPWFvwZRrSBSctRiMfHfNKAAwdNTjFVMI                         
19751030-110703FIN197541975100119751030    4868771475.55     871305926.36        1.11        0.98        0.18     583634690.85  371774524799.41    7244041518.76    788131518    8874557170000000081
19751030-175829FIN197541975100119751030    2767481502.15    1776406785.47        3.78        3.21        0.64     863353435.81  884992339805.62    6524897449.53    469797064    554249833KystGlBRwWHnygomAkGxXAAHJowCiGoTIuBrJfHMDMYlMVI             
19751031-021453FIN197541975100119751031    5061927274.30     821553432.56        6.01        5.53        0.16     796525637.77  229070824933.86    7662530675.62    136608809    1485345750000000280
19751031-062932FIN197541975100119751031    5207067244.72    1620738903.61       18.41       17.42        0.31     779166523.78  356471001450.58     169562112.86     88015874     93059936ONhcAQwlnmqCCWDoczkXiLhbZXsEJrEEXDUBOGQFbkIMJyvn            
19751031-103117FIN197541975100119751031    2609687152.65     132293415.71        0.14        0.12        0.05     249875177.60  865856883777.02    1629935667.65    972547224   11162725520000000016
19751031-115727FIN197541975100119751031     500327830.67     185077185.38        0.32        0.28        0.37     230857704.75  770213136260.75    6355166965.90    571579826    6564321800000000224
19751031-174721FIN197541975100119751031    8179576138.29    4770892238.35       13.47       12.59        0.58     781939544.47  216357644045.83    4162204768.41    354278170    378839576AYrIhMoBIgUBkRdxKABPjIIShjxFyaWTAsK                         
19751031-215717FIN197541975100119751031    6064002833.76    4154204961.24        9.03        8.71        0.69     739911051.29  778261464060.06    1596448762.97    460286478    4766846720000000129
19751101-052949FIN197541975100119751101     614049952.87      95319062.45        0.22        0.18        0.16     475055645.72  831515458924.39    5586820576.20    442874690    520035149sPFpJfRunRmoHacLH                                           
19751101-170042FIN197541975100119751101    5955233180.65    2886227270.34        8.98        8.27        0.48     199295145.72  935084524697.54    7767958538.53    321446069    349076872RMTnrMvVJASTKHRLEbVigGiqmMcuEfgORmhMFOQrbUUDPpoBC           
19751101-181146FIN197541975100119751101    3894797833.25    1544810786.40        2.07        1.80        0.40     433221009.56  949203323448.85    7157605128.28    744762015    8604852140000000334
19751102-032043FIN197541975100119751102    2439352981.24    1321439687.60       55.30       46.14        0.54     456450788.42  799798725380.65    4949584781.33     23894273     286418730000000145
19751102-100649FIN197541975100119751102    2109291348.82     970541588.95        2.09        1.83        0.46       9512700.45  127039809376.49    1158242278.27    463797828    5311317620000000208
19751102-192422FIN197541975100119751102    1922502371.45    1050860726.47        1.30        1.21        0.55     491164110.90  480849381586.85    5815244066.31    808716547    8672251870000000411
19751103-004052FIN197541975100119751103    9806444161.29    1700792370.30        3.18        2.73        0.17     521089461.25  329305148607.69    2418980163.16    535437839    6240993970000000364
19751103-041244FIN197541975100119751103    6843930227.86    2245690045.12        8.45        8.11        0.33     967503584.39  613788615493.62    1985225351.00    265738118    2767870710000000072
19751103-080810FIN197541975100119751103    4492748835.60    1361015500.70      295.99      281.10        0.30     165547002.09   53899908527.04    3230135698.57      4598181      4841695pArpWSNsgNKTOPAFFXMA                                        
19751103-190031FIN197541975100119751103     950483537.96      32047280.15        0.06        0.05        0.03      45334755.78  912888984103.60    3311352179.79    560751901    651615533HEGOhdnxjYISpGXhRRUQahEU                                    
19751104-043622FIN197541975100119751104    8303110312.27    4429431576.08        6.29        6.28        0.53     945989820.97  214004597733.14    3971552318.68    703789637    705537321xUJWMEEmEMdIWSDGXW                                          
19751104-054727FIN197541975100119751104    2385475579.75      40011201.73        0.07        0.06        0.02     187154643.20  370830675207.84    7007116790.56    596079672    6383018660000000160
19751104-121526FIN197541975100119751104    6097739765.97    1008088016.95       55.73       49.26        0.17     475168329.25   12044578308.75    7358899846.99     18090007     20463241gDqcCBxupXLOeBnjyoDuJKKpXXazMTBejzLaoxVkzpfVHbeQYNnEL       
19751104-205616FIN197541975100119751104     157793680.76      49901207.23        0.15        0.14        0.32      12739875.04   93258790102.61    8217199677.39    334528451    3523864780000000074
19751105-044135FIN197541975100119751105    9206375918.76    5414445706.94        8.02        6.82        0.59     340111784.62  834851924332.68    4711226988.71    675510479    793419601hAZTeeUwWHJnxVqOIIMdOeIUXVFVRVcjVxkKbHSX                    
19751105-161743FIN197541975100119751105    7848327959.63    5226180060.17       11.25        9.47        0.67     137116801.89  204367864862.24     107282935.20    464686477    5518823200000000059
19751105-212656FIN197541975100119751105     681876794.60      83497962.11        0.12        0.11        0.12     324633804.90  615522980304.45    2981067466.25    692633042    7611508880000000230
19751106-001311FIN197541975100119751106    7870934445.85    3281371358.31        9.44        8.52        0.42     688625282.38  112790805262.08    3377941700.81    347624551    3852229940000000228
19751106-064453FIN197541975100119751106    3878339656.10    1167608996.42        1.18        1.10        0.30      16643573.67   70084720503.46    8353496584.30    990501690   10579024550000000174
19751106-173126FIN197541975100119751106    4317241373.40    2359035023.69        8.65        8.56        0.55      22108103.40  345261194139.84    5951683922.39    272773225    2754302070000000015
19751106-200809FIN197541975100119751106    7116519585.65     882969959.07        1.33        1.29        0.12     282262982.42  689779270366.32    6546870090.47    662678808    686475204NDMTpVIrJWPCeyQCcEYjkKvXAtipQddjCx                          
19751107-030840FIN197541975100119751107    9580304894.46    2330168215.69      504.15      475.11        0.24     534692570.31  132131362200.89    4371035060.80      4621957      49044920000000064
19751107-101951FIN197541975100119751107    4735927236.89    2079614634.90       10.75        9.57        0.44     146631977.74  545903006568.20    1895694709.11    193532582    217311061FkqRCPDzQSwBVrQO                                            
19751107-133601FIN197541975100119751107    4969619206.21    1020490770.77        1.02        0.93        0.21     162420049.49  982941505395.34    1374292533.95    997567151   1097818851JmnZyvJNUAaGfANXOFMOuyDJFNiMeGrtTeYaLNPbiJyoUj              
19751107-180922FIN197541975100119751107    1313774658.27     278564368.14        3.17        2.86        0.21     292947828.08  932856865982.05    3312093253.08     87814307     973001400000000193
19751107-211046FIN197541975100119751107    3959486870.64    2180454631.75        3.87        3.74        0.55     200831559.26  237290103428.58     924031496.68    563073317    582868050rkWTCsQbCPAUfRcKLCwMGTdIqvRSpGXQyDXxU                       
19751108-000230FIN197541975100119751108    5728166590.27    1370622284.60        1.51        1.28        0.24      45287017.37   18237667503.49    7397149846.15    906943750   1070774775HxzoYsDAKSPENhVFhNKSkKmGIMCcGmnILQJPtbDNGKngRypBIdcTCrF     
19751108-082243FIN197541975100119751108    7040278552.98     359997999.75        0.39        0.38        0.05     640036157.17  207001126958.69     984978557.18    920069872    9417536400000000107
19751108-100905FIN197541975100119751108    4786744259.35    3159759469.56        3.72        3.30        0.66      74915447.18  759057969738.91    3931958004.99    849417358    956834458vrgJXrrDqYMHGmKLJuguAOGzQyGAZjXZEgWvPnFNSMEEcERsNHAVTXi     
19751108-114335FIN197541975100119751108    5504180321.65    3028627651.19        7.76        6.51        0.55     793779852.17  280725755374.56    2186492829.40    390422811    4652983840000000159
19751108-142650FIN197541975100119751108    5882174501.87    2771041819.59       11.24       10.66        0.47     806300025.07  793573026919.21    3389072974.52    246628413    260039958OWhkEOObBxFJLmuCTofocjzocIKbNsmlUvpBNaiWNzJI                
19751109-020541FIN197541975100119751109    4400588406.61     480365180.88      119.06      115.25        0.11     717764126.46  437805074834.92    8811847744.41      4034533      4167916IpUvDutBNJLLFrITZFfqfLPfjMxpEJrOMOlqIyUZhnAtHSmCahkyWFbdlCEO
19751109-045906FIN197541975100119751109    6820026721.59     264750473.74        0.96        0.94        0.04     118889784.80   77886206237.38    6854308964.15    276195749    2814228900000000284
19751109-095702FIN197541975100119751109     587353856.26     377949810.35        0.53        0.50        0.64     508545412.20  475688633821.12    3910253167.66    710025233    7524550150000000130
19751109-114901FIN197541975100119751109    8420654109.70    2194130548.63        4.43        4.01        0.26     571867729.90  554394960192.27     102847187.58    494844831    547278629KoviRxUIRFITXCLew                                           
19751109-194626FIN197541975100119751109    4544494163.46    2195881118.16        2.44        2.29        0.48     342356279.82  518826216032.04    3330654759.94    898482117    9593102680000000215
19751110-034330FIN197541975100119751110    9860878721.22    2201744912.23        3.55        3.03        0.22     428910955.75  100567632347.03    1772609173.64    619966453    7272895110000000061
19751110-063357FIN197541975100119751110    8901165199.86    3625198477.99        5.86        4.96        0.41     622750524.30  891129375495.09    1115557367.52    618966520    7313252040000000366
19751110-150007FIN197541975100119751110    7629645400.79      72397071.26        0.14        0.13        0.01     979471202.93  809494664415.22    7439226417.10    512423741    5481608690000000290
19751110-202607FIN197541975100119751110    2443591014.71    1267413397.81        5.50        4.96        0.52     963773063.53  544805810482.66     640483942.81    230625517    2557544100000000381
19751110-231319FIN197541975100119751110    7600607403.44    4064344082.04        5.13        4.56        0.53     794406254.01  510432341053.87    3575858323.00    792486011    891410649CrleKXckDGjjocRGbTqCKV                                      
19751111-050530FIN197541975100119751111    1676103756.45     350998602.70        4.01        3.81        0.21     743854361.18  264457352272.12    9012501721.63     87519373     92167291VRCqMDchijxAuePBgjywAGgqrVRBEFpiTlAyRVbIdJsaEVtlYWHXc       
19751111-104859FIN197541975100119751111    2200134483.89    1240013617.31        1.37        1.22        0.56     492171613.17  351164679119.14    3191411812.95    902354638   1017203597IrljJqDPhnGJAdkfuKPzQaCMPFqxMSVCM                           
19751111-133947FIN197541975100119751111    9046167102.49    5775630506.38       13.45       13.02        0.64     265289183.17  593476443572.38    2979841078.06    429519760    4437670830000000019
19751111-212152FIN197541975100119751111    8705824047.09     164733826.78        0.69        0.59        0.02      58151295.38  824211801897.12    8758000624.42    237095182    2794477950000000095
19751111-215951FIN197541975100119751111    1411789738.83     932436090.19        2.24        2.20        0.66     805824716.23  577630278734.18    5408415800.93    415782959    422933346TLgAVlQbztQeATlXKZcDRVCQNVYt                                
19751112-093112FIN197541975100119751112    3076401174.19     928063434.89        2.52        2.17        0.30     723265915.11  276058412645.92    9240700242.49    367599311    4279956300000000131
19751112-160943FIN197541975100119751112    4310228026.33     260151114.31        2.07        1.88        0.06     318954897.65  496462728392.99    6324135818.48    125559326    138426483bLDfMCiYJfdEseRPOSrNilaE                                    
19751112-204959FIN197541975100119751112    9211298587.41    5123546748.43        6.62        6.49        0.56     454437372.60  331733213657.10    8264102274.36    774214291    789784221gPTmHDJTicoYfqSbnVEHCVRwvFTKJwFmBdaoQOUBGlNRgAScbaW         
19751112-221346FIN197541975100119751112    9613583681.21    6250490295.35        6.77        6.31        0.65     632504659.46  108817510228.67    4820392876.31    923095145    9900183330000000117
19751113-033358FIN197541975100119751113    6681867355.94    4151072480.19       13.79       11.95        0.62     647662209.86  876468444690.56    9423642668.43    301103626    3472266120000000319
19751113-054633FIN197541975100119751113    2095675136.65     995673192.36       15.55       13.44        0.48     944990389.76  101572856874.72    3534038112.74     64026303     741080940000000304
19751113-063326FIN197541975100119751113    4864615242.73    1757433427.67        3.90        3.47        0.36     337258746.37  431155513730.31    2094030646.59    450185674    506196311SJyzkTKNVmGtmiE                                             
19751113-143937FIN197541975100119751113    6959928384.01     160739945.02        0.36        0.34        0.02     512618782.52  721541784514.73    2071372673.15    452013085    472172871zSzyZVwpMSypTaf                                             
19751114-004859FIN197541975100119751114    9895698844.47    3806575991.30        4.09        4.02        0.38     410665125.40  716557759940.21    9819563597.23    931180100    947198783bqfvTyldyQqhQaQgOFO                                         
19751114-102600FIN197541975100119751114    5139849081.83    3044491923.23        3.83        3.45        0.59      49915562.62  824319171761.18    4057664015.54    794703449    8831395880000000321
19751114-173527FIN197541975100119751114    8756713531.62    5242173161.05       11.30       10.40        0.60     102181822.17  509406481287.82    4942918186.01    464097749    504289286YStBqxDsjUXfEHExmWkfvZRlOucebnJJtfSSdWkqXFQNgAfpCpiUBfCjU   
19751114-174914FIN197541975100119751114    9068088686.42    3256881968.33       35.86       30.77        0.36     338395194.83  815984805060.51    2670215154.42     90809995    1058500880000000245
19751114-220014FIN197541975100119751114    3087465787.85    1630093288.10       13.08       11.22        0.53     942867315.56  822968202253.74    6579260845.21    124672180    1452700330000000104
19751115-055155FIN197541975100119751115    8638330945.79     396733563.46        2.92        2.78        0.05     879170962.90   38014838245.96     114214455.04    135888894    1428393250000000189
19751115-120823FIN197541975100119751115    4617399708.59    2613346086.59        3.43        3.06        0.57     357569010.38  305832521864.32    9119477656.87    762403642    854672388NiBcGbDvQsFXSbRxOUPzUvEKLCXRVlDFrhOUHduBWHC                 
19751115-160441FIN197541975100119751115    6216539759.86    2327974719.15       14.02       12.05        0.37     122598129.39  264751517178.14      63353585.89    166065138    1931622590000000165
19751116-013327FIN197541975100119751116    9415327403.57    3478566269.22        4.89        4.09        0.37     482373875.33  558529902634.57    1630430346.36    711421786    8513730590000000320
19751116-031806FIN197541975100119751116    7845497320.30    1176169014.67        5.77        5.24        0.15     836183991.65  472009055470.33    6076366607.17    203720292    224487171iAJNmDakgxlQcGOiloFqkXDmRxJezUSKSBPCvqFfSbAlV               
19751116-051235FIN197541975100119751116     587384500.95     207907005.80        0.22        0.22        0.35     431369588.37  646123751053.94    5924942035.78    947623981    9645156690000000181
19751116-123913FIN197541975100119751116    2187467062.35     542423779.77        8.80        7.69        0.25     286547487.98  745030563593.66     497509607.73     61672061     70517998eyGBByYTpoRbgjJdHtPbQdJTXrTbcWTJkSHlPvDAkK                  
19751116-202943FIN197541975100119751116    3648466743.78     766171993.19        1.16        1.04        0.21     318753882.28  961781097036.21    2018753387.74    657691828    734465730UeizQETXIKRQQajgPixNtKPPJYjnaOANfKTiKleRGQ                  
19751117-010325FIN197541975100119751117     805331135.68       8289882.57        0.01        0.01        0.01     484742217.24  955940140447.25    6321608839.37    709372587    8370761130000000401
19751117-023933FIN197541975100119751117    1415943937.08     321902367.66        0.48        0.45        0.23     939683952.87  740215113412.94    7685191820.96    672455410    708233679vtxONKEUgRnPmIoUdpfrnHZ                                     
19751117-141040FIN197541975100119751117    8491154980.19     985063417.18        1.42        1.20        0.12     457781353.04  467185156837.68    3508027502.69    694592665    8186712000000000004
19751117-222345FIN197541975100119751117    6951187318.95    4194179724.39       19.43       19.09        0.60     321342066.38  122166639147.43    7449555854.94    215860765    219734569NvcsQmlNGvrUpHVMNMKHzdZhzXKERsNxWKMVBzKlsSBM                
19751118-005750FIN197541975100119751118    8254896927.77    2175276325.25        3.12        3.03        0.26     827228859.79  392973904585.60    3478605843.80    698294643    7169670850000000183
19751118-064416FIN197541975100119751118    8922575738.59    2441660370.87        3.34        3.33        0.27     855035100.93  671015243460.43    8595161616.46    731969360    7333654650000000191
19751118-181503FIN197541975100119751118    2292321377.92    1131179452.87        1.29        1.12        0.49     359900058.71  462260772325.03    5559344405.19    876915446   1011701885DcixvPMjYlaZGygYVQDbBjxviLTHeYsokWRRkADUoia                 
19751118-181616FIN197541975100119751118    1137864426.83     197750758.00        0.38        0.32        0.17      60430432.59  869542526987.74    7006459432.69    523733641    621195586kdkMSIAUXjfEwPBQSgTKSIKmszCtWWXwKGVRUzPODH                  
19751119-012303FIN197541975100119751119    9287998336.69    2833713706.07        5.31        4.55        0.31     341798931.38  817414493698.42    9527969070.69    533875130    622356881WdMLSShTWMSjGnzJGcANLThOWRoeveGhIRasLWaagwQJgdEQZJUwQjGtCng 
19751119-103640FIN197541975100119751119    6330397090.18    3561047458.61        4.71        4.58        0.56      87904664.50  637641673547.88    5802826577.16    755688826    7777059740000000184
19751119-221539FIN197541975100119751119    3151313054.33    2119367086.79       11.68        9.90        0.67     709518089.88  859458674770.98    1966997691.25    181520481    2141452780000000236
19751120-000653FIN197541975100119751120    7314109274.82    3046920366.41        8.01        7.60        0.42     163268549.03  913207690107.99    5254733073.76    380558125    401003191EHhVHPSQttYrETUxcMnrihIePeOLrTFUmdIKeQiGfzuibJwRV           
19751120-014036FIN197541975100119751120    4233806138.58     615643033.25        1.67        1.42        0.15     588694049.82  866471377695.60    5222363100.16    369516289    4344446290000000387
19751120-042951FIN197541975100119751120    6500538297.89     509682743.67        0.65        0.60        0.08     781423175.45   45680402994.71    2361475391.60    781667262    843566541IddATadJgdCfioVIuoybWUMFoSVrQfTjTzmECHLAKP                  
19751120-124314FIN197541975100119751120    6205155979.93    3721604398.16        4.89        4.54        0.60     729041200.14  112447708237.71    8128104185.36    760446507    8189768840000000105
19751120-222818FIN197541975100119751120    1755343791.01     745814186.54        1.06        0.98        0.42     671487153.31  983104266200.35    1800229686.95    703684781    7603709920000000347
19751121-023714FIN197541975100119751121    6208140090.12    3457868691.38        4.43        4.27        0.56     647308125.84  773222406548.15    4997294001.14    781427431    810376220KfRERJQxDalgYSIFQgEiw                                       
19751121-054831FIN197541975100119751121    3436940830.84    1452111392.15        3.30        2.98        0.42     545883857.67  986418762247.89    1745617494.37    439585689    4872506520000000115
19751121-162648FIN197541975100119751121    4067346419.90    1535726753.39        6.37        5.79        0.38     287529917.20   95193719590.02    4618331893.51    241194182    2650257590000000239
19751122-001119FIN197541975100119751122    8347757524.58    3726683609.72        3.90        3.46        0.45     275459701.46  746484916096.53    8924380375.19    955964589   10757086970000000383
19751122-035944FIN197541975100119751122    1483158128.28     805691528.76        5.33        5.05        0.54     745405731.18   70586932307.80    2982172338.24    151185263    1594855010000000035
19751122-090835FIN197541975100119751122    2517791505.36    1352610628.78       10.34       10.25        0.54     105095886.87  709592277367.45    4740730819.40    130868598    1319571810000000351
19751122-142602FIN197541975100119751122    5521396390.59    2552088687.20        2.82        2.55        0.46     857659288.33  199944016654.28    5757497681.68    905125954   10026373050000000244
19751122-194013FIN197541975100119751122    9899652812.87    6251920791.15        7.45        6.61        0.63     417922707.99  450372341328.38    5384372226.97    839580493    946327111FhhfrkesbFUwpaFPO                                           
19751123-040149FIN197541975100119751123    9463433176.23    1486804568.43        6.15        5.78        0.16     240405164.60  684908345456.89    9636245590.24    241768047    257084347qQNLoRKgByNkJNWWHSmbWfSfrFOWKnHMYJKOSyJjTS                  
19751123-062924FIN197541975100119751123    4637476523.68     534030786.58        0.73        0.67        0.12     690982011.64  281857841197.42     522399734.76    733063117    8028331030000000188
19751123-105418FIN197541975100119751123    5219778783.53    1986508505.89       53.49       49.42        0.38     611245606.91  836156756426.60    7784300803.34     37140861     402001220000000223
19751123-190909FIN197541975100119751123    1395286291.10     428767701.09        0.73        0.72        0.31     808099079.77  563768759061.03    8274731025.11    587168220    597809702QEKXHKbURLabMoB                                             
19751123-190920FIN197541975100119751123    6689890578.31    3560610082.89        5.43        4.79        0.53     787069124.39  346519468134.50    4680071367.00    655389733    743412649MDjVavoVSMeRlCAiXqmFZzvARFaNTAslRoYCUeWRGOXU                
19751123-220459FIN197541975100119751123    8052422361.40    1125236606.93        8.38        7.25        0.14     378735068.01   74161630152.13    2482183524.21    134220824    155229354pJIzRZJpGSTuQYQXaVodUJTsvkryXgSHUyImKup                     
19751124-061920FIN197541975100119751124    4780465113.61    1309075680.00        1.56        1.41        0.27     626515163.76  299739195040.62    7072094534.52    840951256    927328378mqXmkgPPhQUGVluJIDZDxHwwoISSW                               
19751124-180031FIN197541975100119751124    3208320854.37    2090195706.13        3.84        3.29        0.65     244721067.67  266364250540.84    1082318774.33    543921196    6359720830000000126
19751124-214327FIN197541975100119751124    4759835329.60    1654369880.49        2.29        2.06        0.35     701425191.74  176034531466.46    7442380393.24    722035826    801283108aJnupDvnaiBqYlvlJdvOTCGVuaVkoH                              
19751125-020512FIN197541975100119751125    8657162392.64    1249016776.10        2.83        2.40        0.14     990697195.51   37739905415.25    6426999555.37    441548775    521172674eZCQjyMmFdRWexdtIZLQhOOJyGrGYSQXYtwRPBLnMHEfMTMFz           
19751125-114531FIN197541975100119751125    7375759510.45    4985243956.43        6.36        6.20        0.68      92539998.18  933576623036.48    7143186965.92    783828906    804619049PJfOlXRPMTdOuTIMAy                                          
19751125-193421FIN197541975100119751125    5587129085.70    1255425166.16        1.41        1.35        0.22      65999679.31  824761884772.08    6499908986.50    890901913    9294512090000000006
19751126-022009FIN197541975100119751126    9080315283.59    6255169914.46       44.57       40.58        0.69     365004220.02  291921185875.90    8283639569.18    140351337    154148168pEGIPCsKwtTHCezUJixADHRHcVKNIYrTyyOPIF                      
19751126-022553FIN197541975100119751126    5158458933.54        290065.13        0.00        0.00        0.00     460730690.37   20430585163.86    6511358332.52    100135465    1041659630000000265
19751126-030057FIN197541975100119751126    2119897048.89     508640555.05        6.72        5.68        0.24     209996393.59  943555447546.41     698852392.90     75653962     895480160000000392
19751126-045624FIN197541975100119751126    4789714761.64    1264960574.45        3.31        3.06        0.26     891013982.52   85690071544.33    6130827556.98    381788833    4138171460000000094
19751126-162915FIN197541975100119751126    7307774448.66    1244105206.33        2.15        1.89        0.17     538302589.40  452231835049.04     544464532.22    577507177    659163011VxmNpSrxEBXnLfMwj                                           
19751127-002426FIN197541975100119751127    8528109539.94    5438400785.18       12.40       11.06        0.64     658298396.23  453075653242.84     377010048.57    438547982    491642681BRtMqXSsBDukvVHTiOgEMWtHXrYWlFJqYAkUUXXEpmmWVYnGCknscAOAskMP
19751127-115442FIN197541975100119751127    2967424689.73     364361412.78        2.06        1.92        0.12     558947427.44   28110337023.79    7516173871.09    177205396    1901518280000000350
19751127-142616FIN197541975100119751127    3669558225.15    1151077978.64        1.56        1.42        0.31     136256785.46  644786322718.90    2885230627.50    739230449    8112983730000000408
19751128-014640FIN197541975100119751128     396415175.53      67418676.36        0.10        0.09        0.17     982413807.42  596130533055.08    9833670320.32    705904570    7821717640000000007
19751128-033233FIN197541975100119751128    4786794503.31    1831524128.14        2.79        2.67        0.38     112166124.19   58104855462.80    4345148106.03    657524508    686495241EVUsfGZbFTVUBMUvYJxLFJecNoRUrFGd                            
19751128-130801FIN197541975100119751128    9417354548.44    5298774084.12        6.59        6.53        0.56     992977017.02  970460748687.98    1143513638.16    804336250    811862792TxTPsLmGwimWWXASxFWhHELRSjbULIsdFngWTKprXoTR                
19751128-195258FIN197541975100119751128    9411362551.27    5176361497.54       20.15       19.96        0.55     907647791.20  512516342451.15     304454698.34    256898880    2592794200000000148
19751129-011959FIN197541975100119751129    8049256675.07    3782948979.20       52.23       52.09        0.47     699256300.25  336968859138.08    2818031588.26     72434254     726266600000000149
19751129-040328FIN197541975100119751129    8683495051.05     656907962.35        1.01        0.93        0.08     355247088.64  968531828065.04    1009634410.22    648024659    706243927HQSomNnImHMmdRDYNPNRfwVyMKUAVMlSvTbZnNezGMUJSTdgdELs        
19751129-112715FIN197541975100119751129    1054260106.30     677138906.78        2.65        2.48        0.64      14197356.60  328883091924.05      55179515.45    255232779    2729330750000000199
19751129-114612FIN197541975100119751129    1586960209.49     714029644.40        1.02        1.02        0.45     509493828.45  768263248629.54    5821006346.50    698276277    702696334inZSWxMORYAMakTEICVCgOECFdCknDeuMDaK                        
19751129-121335FIN197541975100119751129    3077750269.25    2061053298.81       16.13       15.07        0.67     678090009.05  961176593115.21      21601655.01    127776360    136725558OQrOAucqBZdHWTvrsGTQqDUAJesbyHxtJHEzCHKBOOQPPk              
19751129-203707FIN197541975100119751129    6005890172.29    1828881152.94        3.65        3.12        0.30     779110461.13  413289830860.61    4909363516.63    501517905    586374641jTZEOvrZoPvhHhEVycMTgdSeDAHkDvARlkstBVErphrWGVaKu           
19751130-014827FIN197541975100119751130    5707632403.50    2176043950.30       14.51       13.91        0.38     131381773.56  115494858047.33    7822697021.45    149938093    1564457070000000394
19751130-083823FIN197541975100119751130    2502091216.22     734035881.95        1.65        1.40        0.29     229452223.08  706760860060.53    1054740307.76    445489837    5239817720000000358
19751130-103446FIN197541975100119751130    9917564315.34     778133577.41       47.45       39.75        0.08     816226818.80  769745520930.09    6767363186.70     16399010     195766490000000253
19751130-194356FIN197541975100119751130    6501461950.62     543945584.03       99.05       92.82        0.08      21133195.04   83123286635.90    9177775185.27      5491651      5860265QrDjsjjfXYcImGGENLZci                                       
19751130-235217FIN197541975100119751130    9926765775.29    1949470316.08        2.04        1.90        0.20     185540344.85  643757384845.87    7290817855.81    955456978   1027142350zIHLKvPBQrCTBYzpZzUJZwMrKqTpUZPyXUykkId                     
19751201-081219FIN197541975100119751201    4741007905.20     619707260.80        1.82        1.68        0.13     662569582.94  335971327978.44    1036742369.80    340030905    369567047EVnyFUGFEJmFNaFNVU                                          
19751201-082745FIN197541975100119751201    7571237109.43    4196078844.42       54.30       47.01        0.55     977862499.38  414970451350.61    9396359012.15     77281182     89260041UfSHWSCITBCAOZQunWBPoRwGIRuCUoPSdEQARTADOJmAyACdfM          
19751201-122841FIN197541975100119751201    4416207263.73    1536670137.81      101.44       95.51        0.35     345167891.56  462538545908.67    9862705978.49     15148722     160896610000000360
19751201-144138FIN197541975100119751201    3349981740.80    2146910227.70       13.45       12.28        0.64     637694010.55  638962397253.57    5580904594.37    159592515    174817699xNZnDTSoUVPNSoYdgBUPLqzOHFZzrIJQNLRxXgjb                    
19751201-183916FIN197541975100119751201    9733288874.60    1153472521.11        1.92        1.84        0.12     104826454.60  480285831558.91    5707462754.45    600481762    6265792290000000266
19751201-213949FIN197541975100119751201    4561881968.65     780591726.36        1.22        1.21        0.17     349270894.36  678636019834.89    3849231873.04    640247455    6447506370000000214
19751202-025341FIN197541975100119751202    6251393458.38    2084796743.19        2.80        2.57        0.33     453841663.31  242969347268.27    4954829173.04    744598699    8113483260000000211
19751202-085931FIN197541975100119751202    2744911662.17    1429983510.91       11.56       10.95        0.52     257036770.13  279979376320.97    3366879997.15    123680281    1305997130000000363
19751202-102515FIN197541975100119751202    3401678730.56    1667795095.24        2.20        2.20        0.49     951779376.44  618032070172.88    8590327501.83    757137075    7577496310000000039
19751202-154507FIN197541975100119751202     149169792.81      34934727.66        0.53        0.51        0.23     132410531.26  932195029692.32    7190225607.44     66040533     680662400000000197
19751203-014045FIN197541975100119751203    6884263038.64    1408361231.72       51.85       45.26        0.20     443214049.69  195018892344.26    6682944836.57     27160462     31116324qKjXPsBHCteFFjjVUJyGXLGVDBNKBTSUHGZTe                       
19751203-061846FIN197541975100119751203    2172167051.12    1276256370.30        1.93        1.76        0.59     416881958.76  906473096527.20    8248095164.37    660435978    725652994APFGGKwGWpknVSryuSjfSQJ                                     
19751203-161858FIN197541975100119751203    5074965896.35    2720469451.12       10.18        9.30        0.54      56018802.19  232040519626.37    4169948637.59    267197652    2924486150000000285
19751203-204130FIN197541975100119751203    9118151331.80    5737376434.63       30.07       27.77        0.63     475456549.85  667238956093.25     849516852.41    190819815    2066341440000000152
19751204-064513FIN197541975100119751204    8106203409.64     601200015.91        3.06        2.94        0.07     238227705.14  911840990442.16    9345210616.10    196197177    2044138260000000240
19751204-111523FIN197541975100119751204    3875363141.28    2511307212.23        5.68        5.54        0.65     514482433.08  829689988470.85    5243196158.27    442100119    453653245TGCJKTzuEdhxAvEJ                                            
19751204-192033FIN197541975100119751204    1981961470.07    1342079799.28        4.19        3.94        0.68     228928554.87  910550130924.42    8599688202.82    320249514    3404699830000000031
19751204-215029FIN197541975100119751204    2093355320.18    1258813657.85        4.21        3.65        0.60      26934586.59   30599765170.64    3913491565.71    298876915    344434249nUdcNsETZCLxuPVMKh                                          
19751205-060318FIN197541975100119751205     221017627.48      25364202.78        0.15        0.13        0.11     863824423.76  281731896173.67    8507998317.47    169388023    1932766450000000041
19751205-154433FIN197541975100119751205    1094774326.83     453208677.05        2.02        1.86        0.41     276146268.18  125436993909.33    4562757314.87    224400437    2438526720000000407
19751205-180253FIN197541975100119751205    7780162802.75    4317330091.59        9.49        8.98        0.55     896754010.03  183931984150.49    4054996342.60    454935679    480772253EsHPWeZIUldfxNQnmwk                                         
19751206-051208FIN197541975100119751206    6127551992.27    1172348486.31        1.26        1.14        0.19      76998949.97  948287609857.16    1448583277.30    927807522   1031969076LKCNUwwVcHHCDVwSxILaphVOqaSQACIMfdTAl                       
19751206-053051FIN197541975100119751206    7800331956.42    2024200347.12        7.38        7.00        0.26      32236874.48  930048380844.79    1310758169.17    274134365    289079492mRkaSTdQLaAmtCbOhhWUDjaSpJDSMzunhtbLMIypoSnLFzQYmeCeUpuWd   
19751206-073102FIN197541975100119751206    1184682166.17     665523528.91        0.73        0.62        0.56     348287791.28  521699586413.44    7828248741.14    909203937   1069373536GzDXOWXDABSzNrogrDpc                                        
19751206-155239FIN197541975100119751206      45973741.64       5846151.57        0.02        0.01        0.13      68932549.85  266513633613.52    5840470025.68    380965738    394161662QvlaxuqiNVtNVWlBOlQEiRKoaUgAX                               
19751207-031724FIN197541975100119751207     284140930.20      27068588.50        0.04        0.04        0.10     922230663.01   83766061306.86    3833417502.17    668126665    682842193OhGyMTcWMJdQpJQZIiaxBfCuXgKBUhaQsuoACPYaXpbjkXNDZMmSDD      
19751207-145238FIN197541975100119751207     367750794.50      46065265.18        0.07        0.07        0.13     539355354.82  679417952250.02    7589182492.68    635875187    675661848iNHnTftjXfvHrITLJdLaYdULuwCuiDvUOwI                         
19751207-203849FIN197541975100119751207    7816511335.50    1662673686.77        2.61        2.24        0.21     191550079.66  522560847144.16    3900147540.83    636713310    7436125880000000263
19751208-065821FIN197541975100119751208    7409671332.52     671548867.03        3.38        3.37        0.09     440484165.77  143660406250.33    7600766306.62    198665494    199376681yCYxzdCtKDVDKNxAugXBOfBjJNSubdTVTPNMQGEtO                   
19751208-110633FIN197541975100119751208    2783453391.97     611392527.00       10.59        9.57        0.22     672250914.64  301576426983.40    6920098280.08     57706839     63881097WOeORZjONJrMMFhfyOvFLmfqNTXNJnHMAmZRQXyYwksVOd              
19751208-183727FIN197541975100119751208    2115786321.64    1096718925.95        1.48        1.40        0.52     748546740.02  156072349293.13    8162010197.14    739406994    7832677570000000135
19751208-204526FIN197541975100119751208    3258749251.53    2133339939.03        9.56        8.40        0.65     381808977.96  689362606767.72    2218825556.51    223058096    2538882730000000298
19751209-033344FIN197541975100119751209     749515313.88     232930270.73        0.34        0.30        0.31     731902194.43  917461684642.91    9548289009.62    691233383    7644257340000000216
19751209-092608FIN197541975100119751209     882082524.77     360446362.18        0.40        0.35        0.41     664824321.55  819647445839.85    4114883614.24    890529327   1022229758NlqJQXvmYluMCypxUQFVrYIMGbRXXxWJZLUziDAeIuyOzwZBfB          
19751209-121448FIN197541975100119751209    9421932994.05    4963784028.05       23.91       23.68        0.53     916318530.06  142327590069.05    1380275174.57    207603059    209608957OKehKyGaHgbEeBcBDAnFaXwXmCfzDCIig                           
19751209-213218FIN197541975100119751209    4115905221.84    2429670107.63        5.81        5.61        0.59     882593070.26  592950387905.24    6848055747.79    418210785    4329384890000000033
19751209-214554FIN197541975100119751209    3998133455.61    2505097015.44        6.21        5.65        0.63     340893522.63  557168055435.91    4865202413.17    403117790    443437186DGDgbyTniJxSJJPHLVwwcatOfVEGLQJcDCwMnGNsQnkAvm              
19751209-215034FIN197541975100119751209    6953145566.64    1895027088.00        7.98        7.76        0.27     651723902.70  484813280959.16    6022144899.41    237616127    2443529020000000154
19751210-013423FIN197541975100119751210    5639869063.41    3194492197.22       38.22       37.24        0.57     291783030.80  869887938022.77    7944168365.64     83588152     85786735HlQPdCFlfEZpMPIC                                            
19751210-014726FIN197541975100119751210    3933671504.06     182018652.18        0.28        0.26        0.05     967717503.82  338872603704.83    7859948461.92    643463201    689149019JySpXSUPXXRQAhXZYVXuSJeBKDIpCmynRTiStS                      
19751210-052337FIN197541975100119751210    8217044190.77    2723271634.01        3.66        3.40        0.33     150444815.55  275395845069.65    3103683531.46    745002324    799956138FQCxtQRoMnVlnjwEERVRrjOJDAIyWTEKGCbBNsvTNBMQXXA             
19751210-062235FIN197541975100119751210    4642099824.84    1623656536.97        2.81        2.62        0.35     317975015.19  143319476448.11    8832751751.98    578144257    6187409100000000062
19751210-135855FIN197541975100119751210     616646645.65     198584461.75        0.50        0.46        0.32     868834114.37  880369290776.43    2419306622.32    399191106    4298066980000000012
19751210-160654FIN197541975100119751210    9198087725.16     619901021.00        1.95        1.77        0.07     958252072.14  672670347417.89    9813483373.99    317201698    350530561IHAiIELZmpMXSKIrRVovqarZpwJMeyEpSwQWmbjcix                  
19751210-183508FIN197541975100119751210    8420671723.31    1607434712.44        6.15        5.49        0.19     631725220.33  548321376129.84    9662182085.31    261373002    2929984810000000058
19751211-060937FIN197541975100119751211    8647534623.60    5741399594.97        6.99        6.58        0.66     532528894.76  813843390986.01    9585705650.31    821943240    8719238720000000276
19751211-150843FIN197541975100119751211     388261951.62     259536323.18        0.28        0.24        0.67     351934009.83  800103072105.46    5175095362.52    941549793   1096978625aaCRGOKapDAmHhNFT                                           
19751211-232456FIN197541975100119751211    8084373111.73    3647620891.28       63.10       54.26        0.45     495577294.30  401228949313.52    9522457690.98     57809683     67228002nUSbwozHKnjEMwDGEwifsBDVkWMEUCXcZRAlqaRyXugMDSPCvILEtSe     
19751212-005336FIN197541975100119751212    3385297009.86      48481644.23        0.08        0.07        0.01     775154547.77  293308933549.18    5089998292.62    584195709    694666796HazhIGPeCVSzQZwuNFJTfJUbhYdYFIlCd                           
19751212-103510FIN197541975100119751212     563530152.20     142615863.88        0.50        0.49        0.25     403593509.36  275671267935.06     578523748.91    286297388    2926053860000000234
19751212-201037FIN197541975100119751212    7400449608.31      21666054.88        0.03        0.03        0.00     349294849.08  775659158376.80    5548069341.97    644392832    704421574yzVtIWYoRQKKPNbDwXqdBMdFXWIZfiTteG                          
19751212-210114FIN197541975100119751212    2860387678.42     436238840.74        0.48        0.46        0.15      88477976.12  623163821504.66    1535757087.30    914117200    9492597100000000056
19751213-064521FIN197541975100119751213    5664318253.85    2700032473.10       10.27        9.19        0.48     668988599.92  526062602799.88    9027628741.55    262970220    293956965EKxtQJAcqNDYsGjPTVlSMPKGHLQauQwSokAAzptqRDUgdn              
19751213-131907FIN197541975100119751213    9946612344.62    6785581605.69       12.10       12.04        0.68     256587482.24  114224440482.46    1617055930.28    560710249    563769577SOHsouEIQhzIAMeFABDlHzVVpeXiHlUsEEOxcBPIJW                  
19751213-210044FIN197541975100119751213    8207780022.80    1630783534.01        6.93        6.31        0.20     160248486.05  755027317679.41    6802890916.77    235473339    258507232OYXVSfKMOMIoqoqyViBQCKrMkjjkYFvMXfa                         
19751213-224745FIN197541975100119751213    5934597470.41    3140204175.69        7.53        6.32        0.53     719380077.80  242815036684.26      55285389.64    416859988    497063665xVzRAyCWGZWMRBEWHTIJvWhjsjmPOom                             
19751214-040517FIN197541975100119751214    7264143914.02    1440441446.03        1.82        1.63        0.20     119117940.79  417422838346.27    9268950536.84    791512795    8827328760000000170
19751214-075043FIN197541975100119751214    9997697156.98     891953377.98        1.65        1.39        0.09     432186254.82  750799918192.04    1465520445.96    539902462    6433026990000000076
19751214-084347FIN197541975100119751214    3873269924.00    1866232303.58       14.96       14.06        0.48     769111041.32  411939430271.89     841116633.93    124766574    132695729rPWbxnnUObMNJMOJlQGmL                                       
19751214-095919FIN197541975100119751214    2630186700.84    1612140757.23       12.56       11.42        0.61     431193050.63  488864462619.41    2527520332.72    128346405    141214364zScyndwxOcLUXIwtrdKPFPDeQiYudN                              
19751214-194946FIN197541975100119751214     546159639.39     350996291.95        0.42        0.37        0.64     462391691.27  374973550404.61    8335014932.68    829247847    9390570210000000142
19751214-201253FIN197541975100119751214    3016475894.42    1266331684.80        2.17        1.82        0.42     198157013.15  324289766897.39    9104751326.27    584429697    694184466OHzaLyFKQkeISJnxSTeShaOv                                    
19751214-234107FIN197541975100119751214    1752124665.01     743198718.41        2.81        2.53        0.42     502207775.30  211615928008.65     238849010.32    264350357    294293160KJhQqvrlpQBidNaiKSbeNNikTGFNyqfAokZNpWiMnQ                  
19751215-071351FIN197541975100119751215    5844670607.27    2229724902.39        3.12        3.05        0.38     686104637.30  764639899886.55      26759748.95    714628369    732180825XdCwDlGsXFstGqdCIcNOKJfTOQPnoEeELXbNmwOl                    
19751215-145717FIN197541975100119751215    1984674358.17     285686191.86        0.35        0.34        0.14     472207391.39  205619170130.47    4929955784.32    816719109    8479600790000000396
19751215-225656FIN197541975100119751215    5795398653.09     466794367.32        3.20        3.00        0.08     328562924.31  680822476339.01    3219455882.53    145807585    155748776wiFRVPFqQNGELjgHzDAyVoYLlCEZUsKnSGD                         
19751216-015542FIN197541975100119751216    8488136782.69    5025205852.32        9.08        8.00        0.59      40324833.00  920169501037.00    2675516111.23    553597158    627938202BeGOWxPTEYMAIQhKJtpUTqYu                                    
19751216-034744FIN197541975100119751216    5164760672.83     321314974.24        0.38        0.36        0.06     112820456.73  432195684198.08    8124567165.46    839929867    900547740WaPVywTQRRwsTRQ                                             
19751216-055655FIN197541975100119751216    3200662794.69    1435112592.03       15.18       14.37        0.45     930284069.30  335050956881.28    5034793835.03     94549128     998409350000000384
19751216-104821FIN197541975100119751216    8128630606.47     700184334.77        0.98        0.86        0.09      27523662.80  454175954075.85    7492170408.30    717508342    816350435URZBtUKnpDKKHZbOejdWhikbEaSqvjzvEtNLbCtShSSaX               
19751216-183538FIN197541975100119751216    8857837227.43    4201876145.37       12.17       10.43        0.47     587275435.39  989372132955.39    3200069515.92    345142237    402779140yJZRFbHLdseBeTnJIpEmTJtfrrDaEFBWyS                          
19751217-011201FIN197541975100119751217    4611608921.22    3164735104.90        3.57        3.01        0.69     774398496.86  528267712049.18    4088486996.51    887549911   1050734383XEYdozBcEbPhRFHwKiUQyBWXKiOSSZlHFtNCTxUNaBRyBgaISh          
19751217-031619FIN197541975100119751217    3514313192.30    2003578944.27       10.89        9.77        0.57      17666571.80  407704628810.43    3200567556.16    183970653    204990246gSPTnEYnBdFkIWPfTapBoPBM                                    
19751217-093608FIN197541975100119751217    2188009740.55     881310315.33        1.97        1.92        0.40     930908341.80  405096154032.55    9227237229.56    447313822    458846341UJvSHHJxMUEYmrOEqYVQ                                        
19751217-202420FIN197541975100119751217    6643147576.85    1621128188.89        2.62        2.46        0.24     363290063.95   93512511516.64    3421246313.90    618978373    658421894QPoUnLDTrDgYSUKWmSCDOMHFQOuOStATjAIXdgAbzman                
19751217-205618FIN197541975100119751217    7407464574.39     640718371.88        0.85        0.80        0.09     642429879.45  967774125968.45    1536180290.57    755742213    7985582680000000314
19751218-062015FIN197541975100119751218     224196151.97      85115917.39        0.13        0.11        0.38     248542513.46  371743129654.67    4333587814.81    647165648    754411407CQGpvekRzqSfESwKURQOoomSanpImBHcOUixhL                      
19751218-165538FIN197541975100119751218    7148396095.93    3612791572.25      185.32      184.21        0.51     728221242.54  708993710236.13    4606654020.90     19494452     19612595ILluFBdLbXRPNPnaiojyEqsGqUArncqWACvKTGoQnLdlqc              
19751218-195227FIN197541975100119751218    5642281735.04      55380026.55        0.13        0.11        0.01     558677660.20  948071115663.87    1013146734.17    434768734    490780863YpbHzwUNEAFRSRGDoObqLpwydBbHFFewWSzCrbAQkJqTTzimOZOBxu      
19751219-073251FIN197541975100119751219    5346900896.75    1938782475.64        2.44        2.21        0.36     748909001.89  970393058591.91    5809513393.09    794690833    8758695270000000187
19751219-140523FIN197541975100119751219    2114398488.18     331547111.68        0.35        0.30        0.16     826876044.55  945256825388.44    7509940492.39    957024287   1122312602QuEuXKQCZYjtQhJBUrYgFEUsardMoZDviiKW                        
19751219-143706FIN197541975100119751219    1990437270.39     151529578.41        1.08        1.02        0.08     942438630.71  337713787783.99    3120316641.85    140261859    149151322EVDrXsEiEnLdzKgVPyHxGfRHFwSXDLmBVPRuIGzcczcxVVXFnGDnNgo     
19751219-185900FIN197541975100119751219    6845790913.08    4236139915.03       13.29       12.87        0.62     975792300.99  417599509225.62    5905559701.07    318682526    3292676510000000349
19751220-012412FIN197541975100119751220    6032764952.66    1641279955.19        3.64        3.20        0.27     522305799.72  280941242727.71    3813885888.68    450917048    5125216990000000162
19751220-114309FIN197541975100119751220    9083076326.77    5153954821.29       12.62       11.80        0.57     992984123.22  486430786732.20    4016893541.50    408462729    436597589MMYHEsAdHQrXvDXqWNGKyGRnmNQy                                
19751220-193751FIN197541975100119751220    5696591126.58    1442408103.82        9.79        9.73        0.25     369063169.71  910442950592.47    6317842787.78    147381932    148250686vYoIOxDrItARtHaxNNHDZTFUGnBCypH                             
19751220-234943FIN197541975100119751220    6181455946.15    4135487944.25        5.09        4.96        0.67      82647583.58  319976987916.76    5292266536.13    811854957    833315173hJTjBraMaWddGWF                                             
19751221-012654FIN197541975100119751221    9529647933.90    1111587214.46        1.42        1.32        0.12     806076842.76  832592017537.06    6007694289.94    784216858    8392134330000000102
19751221-105833FIN197541975100119751221    1614382535.08     198658610.95        0.41        0.37        0.12     635031568.84  758400507607.47    7233423873.35    481610278    538769814nFkXCFIQQcAPOHRuYtieKkGSZpAdCmvxWPuheWUSLiFkN               
19751221-131246FIN197541975100119751221    7400871341.87    2495515039.46        2.55        2.27        0.34     455191093.08  992413860584.44    6371248822.38    978691728   1097483979PVUBlTHiwNjfViahNMSzDDICOPCcemIISPJPpQmntfBzsYFgObrXHpEFmC  
19751221-175550FIN197541975100119751221    1533850437.43      69589146.00        0.07        0.07        0.05     459445529.04  374630639426.96    2385236780.51    950903904    9952785770000000264
19751221-231338FIN197541975100119751221    8084888936.66    5288683671.81        6.82        6.00        0.65     728978413.07  910269390240.23    4169251811.33    775694305    8812239080000000365
19751222-033758FIN197541975100119751222    9994237830.12    4860365486.58       32.86       30.01        0.49     667041669.52  678206300377.57     270965027.03    147891596    1619625590000000055
19751222-111744FIN197541975100119751222    9199599114.12    2472389238.74        5.98        5.44        0.27       8847523.00  933165458251.08    7712601055.45    413216312    4541624970000000150
19751222-191533FIN197541975100119751222    9061882887.74    6297772276.60       14.77       14.74        0.69     125126429.90  819165397773.84    1543286649.43    426382302    427244377zZCyFkqieiPsUGvBJwvhXNW                                     
19751223-012123FIN197541975100119751223    4259743067.33    1797615383.84        4.91        4.21        0.42     828375724.19  576740395738.44    2159183850.97    366139119    426678911VZFBRwvFHyQCUMDVoBLLIIBmacVsHPTyOUvhQJtRzByXxTqcURyaA       
19751223-021010FIN197541975100119751223    8567621803.65     256906001.09        0.60        0.51        0.03     537737449.52  909289014672.51    9945059411.54    427639210    500728375AChNrBRFTkjZjDXSGVlG                                        
19751223-024620FIN197541975100119751223    3975866501.76    1210179565.02        1.30        1.24        0.30     726902679.17  469695286548.47    8862976893.73    928695108    973303970WCJJAitQbHnCKfmKEVEELEBjYtHsVGTBpOMMCLXEadMPRGRTA           
19751223-044624FIN197541975100119751223      84700627.25      37766888.58        0.07        0.06        0.45     473009837.76  924230804151.95    1264705294.45    548764187    632438612tMxRtlNQsLObcjH                                             
19751223-063957FIN197541975100119751223    6504804914.46    4352159554.48        5.54        5.25        0.67     486424266.64  626440963230.42    9971754022.78    785696283    828263790xJLQVuTFshRimMWvovlkhREDPsbyCEbOPAiHlYQoNpMfOnOS            
19751223-103209FIN197541975100119751223    2655818413.18    1108791313.60        2.14        1.81        0.42     219298357.57  968091983670.41    4124264049.76    517442062    6141082130000000330
19751223-135438FIN197541975100119751223    5049844547.73     787452404.17        1.12        1.11        0.16     736892316.90  234924415394.41    2809011065.69    701593086    7085933640000000179
19751223-231602FIN197541975100119751223    9748885425.62    3058906213.27       17.62       15.18        0.31     319571817.90  639707232148.98    7150032919.97    173571552    2014591720000000205
19751224-025618FIN197541975100119751224    3729335334.82    2032008112.44        3.07        2.82        0.54     354414915.94  867224023624.09    6397455132.63    661966810    7200181780000000309
19751224-045945FIN197541975100119751224    6542263901.59    1052795469.31        1.23        1.23        0.16     788682395.83  319751719824.48    6813216952.95    852780703    8555903320000000034
19751224-123919FIN197541975100119751224    7443122276.81    1095261107.18        3.05        2.71        0.15     807540009.93  180984605611.46    2402179391.89    359504041    4041317980000000168
19751224-132141FIN197541975100119751224    3483487873.98     801652924.69        2.29        2.00        0.23     361690481.24  308324050035.33    4741800945.51    350222890    401536232sqfpzvcTSDkTDRCPSWYJeVZtTRcjNsMaE                           
19751224-201449FIN197541975100119751224    9668545554.47    4485458278.74        4.64        4.11        0.46     183644689.37  637456300855.09    4329626721.37    966862466   10923906130000000080
19751225-041345FIN197541975100119751225    6500095527.85    1685280787.45        5.58        5.50        0.26     351188808.58  850112126356.07    3753915759.15    302153557    3062317840000000000
19751225-142602FIN197541975100119751225    3985011900.84    1615704931.47        1.75        1.60        0.41     899444435.70  413442788868.26    5617585208.41    920993932   10129602750000000324
19751225-222404FIN197541975100119751225    5228917958.48    3599546532.76        5.64        5.58        0.69     480761479.29  414195005424.75    8529765843.50    638648768    644906964jUcWBvgxKjCwRpvXoIjBbXiBA                                   
19751226-002236CMPINCVOnqRUbRUlcbsNOOspWRoozAAALPMUWeJWkmtzAjROMth            0000000423ACTVBDCCC 194711253683 Jay Drive                                                                                                                                                  94419       Eugene                   TX                  United States of AmericaRyan                                          pOuOCkmcAQtVLrx ldRCwvucsX VDQQNvhjmnq                                                                                                                
19751226-085241SECAAAAAAAAAAAABCZPREF_AACTVyKyHpIHOKbnEUNLlLCfdLHSmaZTbaXSQo                                     PCX   137870984    1882031618751105        0.380000000168
19751226-160451SECAAAAAAAAAAAABCOPREF_AACTVsqPkczEqLgeae zEiAeZgfpalekAKfUczeSqGbeoK                             NYSE  291662105    1949102219460626        0.850000000401
19751226-190534SECAAAAAAAAAAAABCWCOMMONACTVAgAFQIctpCpcmJcpMOEpggARyNsIxPaSUGekRwPR                              NASDAQ290722489    1911052519000430        2.66vYoIOxDrItARtHaxNNHDZTFUGnBCypH                             
19751227-064106CMPrvAVWdPVTunQSZzOYjDYsGwWMYXjBJVnLeRwbiMTRnNBlj              0000000416ACTVRALP  185808044321 Penmar South                                                                                                                                               H5K 1O8     Raleigh                  NY                  United States of AmericaGumbs                                         ZJVEZRnQSpOyfmRdSHlIRNCfVtvahLKVDmYJBQVyhUPDgpbpakhlsZHGBUjGBmd                                                                                       
19751227-114204SECAAAAAAAAAAAABDECOMMONACTVixMYUHEkADSeAQhZIeGKRHUGucGDh                                         PCX   564209481    1944112118880313        2.38OFnTuxOMWDUHOSyWOVCiEosNDI                                  
19751227-120915SECAAAAAAAAAAAABCTCOMMONACTVgRUOLtEzDUkaHkHhZoaAVozUFTwBBtbyrhCdRCDCmbjABLbKtqOS                  AMEX  192354593    1929011019490125        1.830000000007
19751227-150036SECAAAAAAAAAAAABDBPREF_AACTVhyceakLMspVfniHRb                                                     PCX   312657593    1962042619020318        2.63NzPPOvaDXUEaahXSUBxgGTdt                                    
19751227-175408SECAAAAAAAAAAAABCQCOMMONACTVVkEBLJMPsumySqzBIWKbbwXkVOXWqMRMJw sQfvHQDiRhhttLAKPSZxkRNNeDdFFFzFSomNYSE  292890011    1867031919420331        0.320000000104
19751227-193822CMPBnEVHVwAVhMCJCSSJsRQYVkIWPcALsANPwp                         0000000421ACTVCOARzU195205191570 Clay Rue                                                                                                                                                   32256       Sacramento               IA                  United States of AmericaMechler                                       iYTIOhrQZANbGWSmRcCKCAHdxtjZSQWSrGuwhMRciHURfQjdDBKTW                                                                                                 
19751227-202555SECAAAAAAAAAAAABCYCOMMONACTVCmfFzByCZqNuJPyMe ZQSbzkRSlAElSHBkbSt                                 AMEX  886622236    1926081618631002        0.77hLVgKYfIAzFOLUtDEVziLsKZDBUvAfdYDovfLNhVCUwSfIDPgAjrqNO     
19751228-022115SECAAAAAAAAAAAAAOFCOMMONINACSknyknjdwMytuksuxPwtEJrDSkBrckJUzxlpuIRpSCRR                          PCX   530983521    1938103119290130        1.17qKjXPsBHCteFFjjVUJyGXLGVDBNKBTSUHGZTe                       
19751228-052851SECAAAAAAAAAAAABCVCOMMONACTVCbMBKpPnpAUKuEfETcKICIBVAlJRXU                                        NASDAQ746164426    1928102519211112        0.440000000280
19751228-131241SECAAAAAAAAAAAABDDCOMMONACTVoVZGUHvpTCSeTlJCFOLPPrhIPEIKBVROKaqJGmxQdCNQUUVmV                     AMEX  993147712    1929053119400105        2.55KJhQqvrlpQBidNaiKSbeNNikTGFNyqfAokZNpWiMnQ                  
19751228-132337SECAAAAAAAAAAAABCSCOMMONACTVyQSQmJwVNHdAWDuSvdgS                                                  AMEX  377640390    1905012718891005        0.49aaCRGOKapDAmHhNFT                                           
19751228-144003SECAAAAAAAAAAAABDACOMMONACTVjEZulsPRIaxPCjraFembGIukbxJRPyHdSxbQidZnTFVJU                         NYSE  443109660    1867051419570817        0.19PMxrpPAnXPHDSTHsWMEDADIdlCPGiaiNlasgKOGMTzMetG              
19751228-161648SECAAAAAAAAAAAABCPCOMMONACTVqo hJAZJUkPUqLIyTXaMRDZyTfnsiPIPMGKUYHUBGTjVPTDwLVoVzeiysFZsBYVIHJVTKCPCX   294457676    1956103019311107        0.590000000007
19751228-183345CMPBeGOWxPTEYMAIQhKJtpUTqYu                                    0000000306ACTVBNBB  188308068161 Pinto Road                                                                                                                                                 37422       Fremont                  AR                  United States of AmericaScheuerman                                    VDWSipCpOOPL                                                                                                                                          
19751229-032234CMPcBPFDVJUBWNWdcVjOlAnHZjwAXy                                 0000000419ACTVMCCCC 185109242882 Whistler Lane                                                                                                                                              46404       Glendale                 IA                  United States of AmericaSansbury                                      HGiuRjusMBqZKsKjBfPzD                                                                                                                                 
19751229-041234CMPzsCnvFqgsKPBGVOtJNVEq                                       0000000424ACTVIMA-  196403194435 Tahoe South                                                                Apt. 453                                                                        T6B 1F4     Ottawa                   NJ                  United States of AmericaFusch                                         IhYHRaWICwhUSNFAdkXHRBLboCEYyXVkMimJVUgrGBjCyrHbWJqkSPjGDtNwSQYHLOfTCycJBLGtQAbMKQpLZyJXpCTtNPrLkTMMZENLVkIWMlFjaLAFmeBHCUSPJDPCUV                    
19751229-082607SECAAAAAAAAAAAABCXCOMMONACTVitRAMLlVTNGWvAaq                                                      NASDAQ543166604    1901110518820922        1.62iXUGHHxqpzQXrsqqQTEnuXFxroDeijHhLDuSP                       
19751229-093920CMPPtkhYEKCAIopXOowBJbKCkVze                                   0000000417ACTVPGD           19875 Keswick Avenue                                                                                                                                            63112       Henderson                MN                                          Klimesh                                       tNuDOjdZgcpszsFIntJOOJFPatRIGMQpJbQcFJAeaDSfTYOG ZQduAWxQJkqUDloRCfEerO                                                                               
19751229-202836SECAAAAAAAAAAAAASTCOMMONACTVunANQDUEGaHVDhRKudNzENZowxYhIgiUqbgoBbqxwtbG                          AMEX  292202822    1927071919210516        2.51bDehSFMUUzvBayHEfHPXduNBnPkf                                
19751230-043726CMPDPmKKcNEbqMJTBUZZzGREJXQQyzNIBlMf                           0000000422ACTVIMB   194507115391 Clay West                                                                                                                                                  T6C 1D7     Charlotte                Nova Scotia         United States of AmericaSuder                                         LDEIsrUnzbmuWdqCJzELISNQAx PGPDGkdhlUL                                                                                                                
19751230-105638CMPNlqJQXvmYluMCypxUQFVrYIMGbRXXxWJZLUziDAeIuyOzwZBfB          0000000402INACMDAA- 19560126428 Emerson West                                                                                                                                                68508       Austin                   FL                  United States of AmericaFatone                                        GEMsHgLHBqSGFtJTXUSCn                                                                                                                                 
19751230-182828SECAAAAAAAAAAAABCUCOMMONACTVXXURfJeNHaZPbAgxpiMVDutZHRFTPWabFBMDeEuRoqejiIxguBEIKqiP              NYSE  70840856     1873040719690731        2.76NlqJQXvmYluMCypxUQFVrYIMGbRXXxWJZLUziDAeIuyOzwZBfB          
19751231-052141CMPCPnPGITQVJHhsopfSxRSFYkiFqIUVYUdQaP                         0000000420ACTVMTCC  191506094659 Long Boulevard                                                                                                                                             M5D 1W6     Missoula                 PA                  United States of AmericaAshline                                       oJiskCLBRKaPrMr                                                                                                                                       
19751231-063837SECAAAAAAAAAAAABDCCOMMONACTVURMeRsLNFkNQDJAFDFPveJ UPiA                                           AMEX  716117314    1894022419271126        0.48QNZUltgBGCXGYshw                                            
19751231-112646CMPDFtzdGBZQJGFCIiMNuICvvvwexqDuGZkDFHDeYcSUt                  0000000425ACTVCFBB+ 193810189934 California Rue                                                                                                                                             V6D 1W7     St. Paul                 NE                  United States of AmericaDorsett                                       eOOWEDCSFGnNXPHjWhDXNuDmK                                                                                                                             
19751231-182258SECAAAAAAAAAAAABCRCOMMONACTVKtPwTVBLNFnO                                                          NASDAQ989814291    1948120718720211        1.29CJDIgUzBAIqWZQVUTlyQjQGEMKgPacOT                            
19751231-235958CMPMPKkYhWGhabAmDZDBOJMrcSb                                    0000000418ACTVCXB+  190208068457 Fennel Rue                                                                                                                                                 80020       Dawson City              CT                  United States of AmericaAird                                          ibIGWuoXxBMGLhiwUQHUGpfPgnYMHENBYPYaVIWloeyRXIXnvDBPGJscwunfmnvHCoXcAlhFJEuMbrApRanODOyFHsZLijFRjdRqJkiTQWOXrRU                                       
