19740401-101422FIN197421974040119740401    9757025470.83    6730157540.30        9.28        8.22        0.69     882148031.26  817622186101.08    4992397215.05    724924952    8189278760000000129
19740401-134708FIN197421974040119740401    4703674701.10    2653151357.30        3.49        3.03        0.56     501413428.74  858554888223.42    1721222132.59    760169934    875283854FQCxtQRoMnVlnjwEERVRrjOJDAIyWTEKGCbBNsvTNBMQXXA             
19740402-014246FIN197421974040119740402    9846632635.79    6207206210.83        6.76        6.00        0.63     107704406.61  361540582109.93    1681858482.51    917671357   1034953231qRAMrJWYRgHUIFKxEZjraB                                      
19740402-051344FIN197421974040119740402    9533799678.73    4113347817.88        6.50        5.78        0.43     968237858.49  629039886953.56    1267291453.51    633161957    711851561HazhIGPeCVSzQZwuNFJTfJUbhYdYFIlCd                           
19740402-114340FIN197421974040119740402    3520588420.79    2147178938.43        6.63        6.08        0.61     539973122.65  586736704145.83    8799819215.17    324022206    353093268dTeGxDjIdTKaDZkEQ                                           
19740402-163743FIN197421974040119740402    4292523648.15     643273315.99        0.67        0.62        0.15     757625532.19  812136670565.51    1517632491.77    957880265   10432401380000000268
19740403-044624FIN197421974040119740403    3688679389.02     752702680.56       17.63       15.32        0.20     851378048.20   90069911874.71    9865629349.95     42697674     49130184RMTnrMvVJASTKHRLEbVigGiqmMcuEfgORmhMFOQrbUUDPpoBC           
19740403-102630FIN197421974040119740403    2661670179.78    1208741264.36        2.27        2.09        0.45     315836011.28   66015309848.50    3437091843.85    532100061    5779189550000000324
19740403-142615FIN197421974040119740403    5152465570.18    3392725521.76       34.16       30.05        0.66     251599644.06  778100318110.95    7475020269.79     99306359    1129000800000000242
19740404-001901FIN197421974040119740404     376027797.50     180768867.67        0.89        0.80        0.48     546415929.40  527634829321.22    3236616696.09    203396437    226431205tECVFzaZYGOIcLqmNMn                                         
19740404-113808FIN197421974040119740404    4833238680.52    1250313879.48        1.49        1.34        0.26     781613058.15  305969654302.26    4527473620.98    841637663    9329160910000000316
19740404-131051FIN197421974040119740404    7407734866.74    3319243674.52        3.40        3.35        0.45     282798288.68  476964787584.16    3329234577.33    976376439    992190999YpbHzwUNEAFRSRGDoObqLpwydBbHFFewWSzCrbAQkJqTTzimOZOBxu      
19740404-193113FIN197421974040119740404    3931018912.56    2010108947.26        2.44        2.40        0.51     842865178.21  652159606427.85     643143128.63    823177074    837365211dBBCsCzeivSxrOWJZkMbNfLitfJSVqvvAy                          
19740405-023925FIN197421974040119740405    8638614041.00    2104328348.03        2.49        2.13        0.24     399125079.71  810595783363.13    9724103905.31    845274483    990268741hJTjBraMaWddGWF                                             
19740405-034445FIN197421974040119740405    8181787534.99    4919682327.50       11.82       10.94        0.60     616442116.87  433955194197.18    8152674667.88    416064104    4497127980000000224
19740405-065118FIN197421974040119740405    7740815940.81    1897836402.71        7.96        7.86        0.25     645652724.47  373226187057.29    7461937792.50    238338658    241556015aaCRGOKapDAmHhNFT                                           
19740405-154611FIN197421974040119740405    1351494195.24     628123697.52        2.26        2.13        0.46     693857982.88   46213357470.76    1726205098.96    277412587    2947907450000000193
19740405-180246FIN197421974040119740405    6958160159.75    4698631384.22       10.63       10.61        0.68     249563180.61  257627127768.59     590144256.35    442107392    442826413TxTPsLmGwimWWXASxFWhHELRSjbULIsdFngWTKprXoTR                
19740406-052228FIN197421974040119740406    9080755254.33    2969609079.57       45.77       40.75        0.33     790042652.80  521434881909.65    5084461798.74     64882793     72865677JNrlzArRLtDOXxp                                             
19740406-092752FIN197421974040119740406    6665815874.85    3608592771.15        6.98        5.90        0.54      70854615.58  789124906069.01    7654889666.99    516725781    611968261WKHSDaFEDSYXOynePKHWBGLeJ                                   
19740406-191632FIN197421974040119740406    2075939053.33     908527169.01        2.56        2.27        0.44     514921828.67  680240973628.95    7692800920.22    354486262    4010700730000000091
19740407-013442FIN197421974040119740407    8855023392.83    3920436573.29       15.97       14.07        0.44     115043176.47  545148763138.10    2635569207.27    245450932    278628775KwEuePbqXSKWLGKXUZjUklpgUQeBiAT                             
19740407-110450FIN197421974040119740407    2180084474.10     963667707.31        4.63        4.59        0.44     272403230.68  884172500156.53    1013125495.34    208251317    2097846220000000180
19740407-152542FIN197421974040119740407    5555136941.86    2295084261.89        4.49        3.82        0.41     966415891.64  846715172283.87    9086210776.00    511091314    600054307tqlRQYAzmtTPakQfMSMZlHg                                     
19740407-234724FIN197421974040119740407    4839867422.49     694412750.78        0.72        0.66        0.14      57069247.04  869962541600.55    2096662453.40    963563699   1049878039GKXARCFbFebKiAlLUJXKJgRjmqXdAQcnJFJAKTzRouxMxMVkXQMjtVZu    
19740408-020852FIN197421974040119740408    8531502310.93    5324496850.97       68.82       64.19        0.62     981376051.46  257942957275.02    7622665422.40     77372745     829491370000000295
19740408-113725FIN197421974040119740408    7387248001.50    3893785460.26        8.85        7.48        0.53     266849380.81  837854161063.03    7053090392.58    440165872    5207418250000000320
19740408-193103FIN197421974040119740408     979345899.22     329902827.18        1.55        1.36        0.34     939441141.11  320677179889.23    5266363800.88    212479340    2420456800000000060
19740409-061132FIN197421974040119740409    1127319445.07     691899623.55        0.74        0.63        0.61     621334713.78  440125057016.17    6829817380.67    936441008   11023072380000000042
19740409-082751FIN197421974040119740409    1941119241.46    1167026475.04        1.24        1.06        0.60     568653326.13  705767353189.62    5861267348.50    944428812   11008335470000000005
19740409-203553FIN197421974040119740409    9880316572.17     610089098.11        4.17        3.87        0.06     218643328.74  115273224157.74    2562377652.36    146464359    1576718960000000244
19740410-021341FIN197421974040119740410    7852759622.16    4492063600.11       11.86       11.76        0.57     180413710.34  217633643636.02    6766416050.98    378785500    3820368390000000269
19740410-032700FIN197421974040119740410    6189343914.03    1605767462.01        4.88        4.45        0.26     909238901.22  540348194692.23    1869275038.19    328731108    361214161hLJBQUzrFVOXJcPWoMTCtDJWVHTNVVRwBxaKF                       
19740410-074910FIN197421974040119740410    6695781906.50     849972205.90        1.32        1.25        0.13     297991537.50  728476781802.74    4738652035.90    644675613    679672175bYDPbZElTEYkPhtQKSUTHJfDnAFenTJmrpOieWeYRcAAHCLrUbHWOw      
19740410-172846FIN197421974040119740410    6776999729.49    3033756279.76        3.19        2.83        0.45     684110202.17  867782563170.48    3142945566.95    952237482   1073821571QvlaxuqiNVtNVWlBOlQEiRKoaUgAX                               
19740410-233249FIN197421974040119740410    5279551502.79    3155808736.23        9.45        8.46        0.60     195978837.12  768927567701.01    6045156023.57    333894537    3729105670000000022
19740411-034057FIN197421974040119740411    3776486419.10      76604803.77        1.20        1.14        0.02     747938440.96   23612239200.12    6088098077.83     63988445     67158220UeizQETXIKRQQajgPixNtKPPJYjnaOANfKTiKleRGQ                  
19740411-055136FIN197421974040119740411    7057075566.47     847834357.40       92.59       90.51        0.12     900905479.79  527043400322.45    3725790599.56      9157139      9366881xtCKWBjqUKBQIRxNAFhHNGkothLlKEOJLIDZHCCNWPKwSBnHHcnYM       
19740411-172359FIN197421974040119740411    6561342146.22    2480977418.92        5.38        4.91        0.38      88909550.44  513644861701.22     789364981.83    461278814    5048708830000000204
19740411-232435FIN197421974040119740411    1000825283.72     309391735.05        1.54        1.44        0.31     399748265.72  378353336106.99    1493947394.69    201035381    215538046iAJNmDakgxlQcGOiloFqkXDmRxJezUSKSBPCvqFfSbAlV               
19740412-003336FIN197421974040119740412     132017352.38      77246428.34        0.13        0.12        0.59     384796019.90  671539825317.72    7987499881.84    586864106    6282242120000000075
19740412-091328FIN197421974040119740412    7102055588.07    1427998206.30        3.36        3.32        0.20     718658624.87  386843449355.35    9428741080.43    425093228    4297242330000000231
19740412-165656FIN197421974040119740412    6080009573.76       7572788.33        0.11        0.10        0.00     927491570.58    6603779491.03    2764278189.03     66587726     777709220000000035
19740412-235756FIN197421974040119740412    3919772281.46    1320933395.64       13.46       13.12        0.34     116048072.62  651869903232.88    4501503747.12     98148070    100656105oHqcAiSKTrHsULLyJUDMmFLLtVnVfUxPcpvknqfqbnhFycoSbFZvePIdVmZ 
19740413-084430FIN197421974040119740413    3480978145.65    1158894061.45        3.44        3.28        0.33     786725592.07  648539855894.50     238211175.52    337149876    352829001MDjVavoVSMeRlCAiXqmFZzvARFaNTAslRoYCUeWRGOXU                
19740413-185628FIN197421974040119740413    7082414071.00     896787413.36        1.51        1.50        0.13     212276985.48  737185128089.93    9896486683.59    595133848    598770829UKFcnKTFeKKrDiCQaSvHKASfMHqqwaibByIFXMzCNUKdDSAl            
19740414-024037FIN197421974040119740414    7244244055.37     582643273.51        0.92        0.86        0.08     586341985.24  440132421181.99    8201516365.46    630745399    6793431600000000082
19740414-075457FIN197421974040119740414    2237316512.62     253110566.47       76.81       72.27        0.11     726539203.18  229896129403.39    6333392216.93      3295116      35024360000000207
19740414-094627FIN197421974040119740414    4455161238.08    2621398632.23        4.31        3.84        0.59     523052778.02  904350290284.54     372915217.94    608892122    6823963380000000000
19740414-110949FIN197421974040119740414    6069447989.47     331829693.83        0.35        0.33        0.05     475776035.11  253712642090.15    1702030813.92    942264306   1010485565qRPVVdOiHOaRcVTAInDgjliDRKxjgWiFKZqiTVfCOkJATvp             
19740414-195646FIN197421974040119740414    6371880608.71    2850941411.53        4.14        3.48        0.45     791552061.62  313611805019.10    6479522063.14    688759614    8198338710000000234
19740415-035421FIN197421974040119740415    9670333287.37    2151821605.48        4.50        4.14        0.22     619084201.34  969101280393.72    1662070201.12    478321401    5202631780000000210
19740415-112301FIN197421974040119740415    1456323118.75     392598410.93        2.03        1.82        0.27     128992110.25  843185378988.04    7565716740.09    193557417    215459663qQNLoRKgByNkJNWWHSmbWfSfrFOWKnHMYJKOSyJjTS                  
19740415-125520FIN197421974040119740415    9162948181.01    3819800887.34       14.41       14.21        0.42     137360224.10  469794889784.53    1757338310.74    265021408    2687168840000000057
19740415-225353FIN197421974040119740415     757929932.15     149628900.10        0.17        0.14        0.20     228817514.49  148612824841.34    2182868444.56    905025386   1059737438jUcWBvgxKjCwRpvXoIjBbXiBA                                   
19740416-015706FIN197421974040119740416    1586905449.13     280711936.92        0.54        0.49        0.18     875622461.16  120551550517.69    9336044644.68    523895237    571063549DgCLMNjmKXvnbcxbsNRzicFHLhHVDWDkKUSGCEKJtTHOqhICxuVIu       
19740416-050000FIN197421974040119740416    4176159216.29     122036897.08        0.28        0.26        0.03     693455000.96  786677140220.90    8874963003.48    428772701    464201265iNHnTftjXfvHrITLJdLaYdULuwCuiDvUOwI                         
19740416-105615FIN197421974040119740416    1311518143.31     191991479.17        1.07        1.02        0.15     736677164.67  585145254193.46    8124201337.73    178996065    188592572lKuICZZKIDMXlDyhjCaIFqBluEJVAjYEB                           
19740416-151048FIN197421974040119740416    4542848773.26    2596961788.93        3.00        2.77        0.57     247171917.53  340593298208.89    1233692821.20    865842606    938265210SOHsouEIQhzIAMeFABDlHzVVpeXiHlUsEEOxcBPIJW                  
19740417-012629FIN197421974040119740417    8771353619.77    2391911092.20       11.11       10.15        0.27     434519544.49  643716532488.77    7709970582.68    215213072    235631818YStBqxDsjUXfEHExmWkfvZRlOucebnJJtfSSdWkqXFQNgAfpCpiUBfCjU   
19740417-042010FIN197421974040119740417     645156246.99     153616125.84        0.71        0.60        0.24     242490673.30  273426608991.30    2257442003.48    216977873    2558860150000000102
19740417-100253FIN197421974040119740417    7447954412.75    1366815969.67        1.42        1.31        0.18     788123961.07  920053394676.00    2807723590.74    963057849   10449319890000000043
19740417-152613FIN197421974040119740417    1986593575.92    1157006176.01        2.99        2.51        0.58     243393780.90  851323649249.83    2859714167.99    386363388    4606400540000000200
19740417-214311FIN197421974040119740417    4425442746.88     185584596.56        0.23        0.22        0.04     342914083.28  145081160693.94     595574143.89    798306294    8493885110000000188
19740417-231408FIN197421974040119740417    8397556634.22    2122963714.78        2.33        2.08        0.25     994883526.48  610221471915.13    5322647696.36    909287204   1019041106QAIfXCkZkcOUWysYZNIrQhFKChnxkXeYAlUVoUXQtalpMEzkjpnJDLQMx   
19740418-062324FIN197421974040119740418    5223516738.59    2313050975.04        3.12        2.99        0.44      98951814.54  551120122070.47    7977714560.84    741241384    7731203880000000130
19740418-150028FIN197421974040119740418    2387154660.18    1286996954.31        1.72        1.50        0.54     793144016.47  862271473086.73    1546737363.88    749383828    8607332490000000272
19740418-173519FIN197421974040119740418    5041962859.03    2466548419.63        4.62        4.13        0.49     114856421.06   65348705031.34    1275836737.64    534353620    596768164LKcmIFGIvNgAcvIcDsIfLSTCBTFZvyKmVsXmANBQQ                   
19740418-201937FIN197421974040119740418    4859145815.69    1987704212.91        5.40        4.66        0.41     465267541.87  332896859973.27    1103550516.41    367907850    4269506540000000037
19740419-050733FIN197421974040119740419    3345067848.99    1961930449.15       34.10       28.71        0.59     806764306.62  661670047174.34    8253728784.76     57529451     68335254gIOONPxnQUwBdFNEMLBUXdUbFPDWDVOVnWIIMRpOMbaMGipmCAICpjncsHs 
19740419-162140FIN197421974040119740419    1568443781.57     238097620.92        1.27        1.23        0.15     102723693.92  773316051726.99    8878792086.53    186967988    1929241120000000209
19740419-195537FIN197421974040119740419    2941635438.34    1130026060.15        1.55        1.42        0.38     971985500.37  622425305334.19    2520250863.76    726835964    7945873820000000063
19740419-213017FIN197421974040119740419    8071386586.66    3983104242.34      124.43      109.18        0.49     751765764.16  612182885351.01    5232308928.33     32009796     364804500000000021
19740420-035240FIN197421974040119740420    3530041991.44    1523751381.72      111.75      110.40        0.43     907543037.15  952558126842.13    8977078408.63     13635467     138016930000000159
19740420-104254FIN197421974040119740420    3156820793.36    2200141311.28        4.26        4.24        0.70     676889094.74  454776743596.78    3791368638.77    516615650    519365642VTGIYOHqQTinymJiaerSHchHKAKjpPD                             
19740420-135645FIN197421974040119740420    6681514327.81    1132296057.85        3.29        3.21        0.17     692258051.33  699734659590.30    6758355188.99    343864094    352708298GzDXOWXDABSzNrogrDpc                                        
19740420-174546FIN197421974040119740420    2067600079.76    1091715325.43       84.72       71.09        0.53     519964708.94  458155970455.82    3636798897.11     12885810     15357584mnSNZsOOTQfGeTtBmUNXOdRKTXHPDQHLYzLOmgJhpjXennHqIMZ         
19740420-185326FIN197421974040119740420    3861625394.59     819769600.09        0.89        0.86        0.21     646484444.83   34409255746.14    9919395741.97    921918670    9577625620000000297
19740421-032737FIN197421974040119740421    7441017450.86    2826472200.67        9.38        8.82        0.38      48613993.06  490678837021.67    4797492512.16    301460895    3203593740000000222
19740421-041710FIN197421974040119740421    7363567603.17    3248507514.77       28.48       26.51        0.44     837377227.28  456683616293.25    9865922408.81    114081877    1225252540000000199
19740421-155825FIN197421974040119740421    5512471015.80    1113627101.73        1.93        1.82        0.20     876498030.16  472491355438.83    6877218970.06    578029712    6105224830000000167
19740422-011033FIN197421974040119740422    4203568752.07    1347592285.43        5.80        4.97        0.32     596809054.71  392981318161.05    1783439868.55    232444878    270883190OhGyMTcWMJdQpJQZIiaxBfCuXgKBUhaQsuoACPYaXpbjkXNDZMmSDD      
19740422-032442FIN197421974040119740422    3599196235.85    1741515587.98        4.77        4.27        0.48     589142010.24  598231139476.74    6002248835.11    365162002    407410845aJZDEsbtUZIVIFHQlUkKimBOIJCkSOi                             
19740422-153618FIN197421974040119740422    5877796588.51     356466468.34        2.07        2.01        0.06     106470937.80  788729239181.32    2869528411.76    172306945    177485270EKxtQJAcqNDYsGjPTVlSMPKGHLQauQwSokAAzptqRDUgdn              
19740423-024214FIN197421974040119740423    8677199645.38     746799888.71        0.98        0.83        0.09     559307188.04  439682805600.36      45807747.90    765847081    902943642OWhkEOObBxFJLmuCTofocjzocIKbNsmlUvpBNaiWNzJI                
19740423-093936FIN197421974040119740423    1762639479.18    1000057866.10        1.82        1.73        0.57     674588894.56  622301489068.87    3622865864.80    549300571    5769172260000000134
19740423-113806FIN197421974040119740423    3298118845.66    1975864087.48       11.38       10.52        0.60      76433768.33  723261955309.71    4247590547.41    173670122    187788339IGdiEywJBcATiQxUreXhZFNmItSTGTzCWbMRFCVCvGNDFskCX           
19740423-183657FIN197421974040119740423    5697969091.48    1533396402.22        2.13        1.87        0.27      12072110.28  315896286678.34    8770946771.26    719342470    817859813WWZnPQCzopSOWpJARPzEqydPAK                                  
19740424-010509FIN197421974040119740424    6150885246.79    3814797960.11       17.40       16.91        0.62     822838345.61  144074841016.36    4355793087.17    219252693    225564147YwfZSzCHnIqSMrTYCCEtVKrNxTKQsq                              
19740424-091947FIN197421974040119740424    8644094568.41    4131949134.33        5.60        5.38        0.48     449803995.94  121118689547.03    8948183113.01    738403613    7676699620000000353
19740424-130627FIN197421974040119740424     692333993.61     100737962.46        0.11        0.10        0.15     963360011.84  157088354014.67    8676796057.61    881829505    9599217670000000072
19740424-151055FIN197421974040119740424    1804897033.98     530593652.47        0.73        0.64        0.29     763322908.84  442378108075.88    4793832041.32    722320353    8305318060000000251
19740424-165447FIN197421974040119740424    1484180826.57     581510266.33        2.33        2.27        0.39     387873191.34  633546072028.39    9233129147.49    249613007    2560731420000000332
19740425-005552FIN197421974040119740425    3833176241.75     814760782.58        1.29        1.16        0.21      87668831.13  860163952215.43    2115792582.83    633074774    705381559nJeCzbUuGqxTKWAoQUAHEtBPtJA                                 
19740425-101448FIN197421974040119740425    2175234417.55     427386513.51        1.26        1.13        0.20      43394725.81  457425805337.86    6863328735.03    338632970    3770056780000000227
19740425-173146FIN197421974040119740425    9519255241.40    1235444933.30        1.69        1.45        0.13     307227228.24  409206809777.28    6167025321.23    732920993    854424278qjSaOCoSjvkDDsGBRSZtQArhIwHqECVHSANLKMfXfgkBvoVykkPSLPYv    
19740426-030039FIN197421974040119740426    8064351490.57    3930596141.07       19.33       18.99        0.49     248263240.19  178516227660.84    3906868334.72    203314283    206997241HEGOhdnxjYISpGXhRRUQahEU                                    
19740426-044140FIN197421974040119740426    1799678649.24      94426558.75        0.10        0.09        0.05     240161197.20  538985876270.63    3323858705.30    929370496   10944038710000000103
19740426-064643FIN197421974040119740426    1037889140.93     178183499.42        0.89        0.83        0.17     538112644.83   24965931725.52    4570386598.77    199483923    215025032PTNTHCLWsriUMNBFhDQDGtmBPPNiLOSaNy                          
19740426-165408FIN197421974040119740426    4605503750.82    2632620724.86       25.28       23.45        0.57     917816941.95  196732211304.24    1875799418.73    104135855    112269341dLhVWzazSySPNOSRlJUZTKAqSudRG                               
19740427-024626FIN197421974040119740427    2397684072.85     736589626.21        1.05        0.94        0.31      60619691.85  541696965077.61    9593369325.87    704734771    786343433DqBocwuofuCIqGFcSsnDIIJAHebRp                               
19740427-140057FIN197421974040119740427    2862261673.39     573720591.86        0.62        0.61        0.20     269183521.91  177193710972.99    2346431449.01    927975719    9356710460000000291
19740428-001033FIN197421974040119740428    8017328440.28    1525100176.34        3.68        3.08        0.19     988680774.17  331770557050.44    2410176400.55    414404259    495709668XcxyxkqjaesCOVlDpRLKOSaaUSDCxuJjG                           
19740428-012123FIN197421974040119740428    9197924212.99    2152550323.55        4.22        3.74        0.23     605531024.59  478411852637.08     721517505.53    509990173    575659783zZCyFkqieiPsUGvBJwvhXNW                                     
19740428-071149FIN197421974040119740428    1303348777.74     422151083.57        1.28        1.09        0.32     405620023.56  299523844040.67    6052637536.78    330069426    385828162xItpdiEnJJAMNVucbcMCrZOxGKVLQtYwdGnBtSGBDqMTsWQhoJxXwANLFnQo
19740428-100135FIN197421974040119740428     157634601.55      21165020.41        0.03        0.03        0.13      39672275.58  383105730699.03    7772378116.36    620311708    744054741BzijSDvPCIJvDDDXrPdu                                        
19740428-193450FIN197421974040119740428    8974097563.65    5484682401.27       20.38       18.98        0.61     351746518.57  310356821170.32    3189289181.34    269113799    2889605470000000284
19740429-021257FIN197421974040119740429     355514132.34      77074056.90        0.31        0.27        0.22     958035244.98  317104228469.12    7844347011.62    252182451    289374642KJhQqvrlpQBidNaiKSbeNNikTGFNyqfAokZNpWiMnQ                  
19740429-121057FIN197421974040119740429    4940804515.54    2009440246.31        3.44        3.10        0.41       1942769.78  608222318483.23    3216308816.81    583585121    6482552800000000002
19740429-200719FIN197421974040119740429    5709686642.49    1064550123.17      600.14      595.71        0.19     914121145.42  648345902093.66    8199987060.19      1773842      1787039WqeiYOFGTjVEbfOBYccBfxuAwwzR                                
19740430-031508FIN197421974040119740430    9586541173.62    1199809062.10       37.66       33.23        0.13     563883722.09  609110909073.88    6321568416.83     31854934     36109362WYfOapWvnEnhMhkNzSVXGjPrOIiIqEAzAsUFAEZ                     
19740430-045856FIN197421974040119740430     950569034.79     639615691.95        7.98        7.49        0.67     866624900.81  982141038856.28    8043948889.43     80112269     85424099niISurcNZMDtUHJAAmpALeY                                     
19740430-151135FIN197421974040119740430    7453016326.73    2404455433.08        3.56        3.23        0.32     769206231.13  612876512683.73    4820047848.72    675227919    7433348390000000078
19740430-180250FIN197421974040119740430    5032160322.87    1571635605.16        1.71        1.61        0.31     531421152.41  444829577662.67    4538150427.35    918533756    977356022MCUMedIwKXKWmxZtjKLGmNhZVZwXLheDyjZaNegMuWB                 
19740501-012944FIN197421974040119740501    8815241846.82    5204329792.27        9.76        8.31        0.59     158513827.51  561996392257.25    2552237393.07    533304749    6260811150000000165
19740501-051650FIN197421974040119740501    5899264682.74    1594080432.81        1.76        1.48        0.27     215312373.97  382009888067.44    5066472300.59    904959024   1079984698NzPPOvaDXUEaahXSUBxgGTdt                                    
19740501-150919FIN197421974040119740501    7415645823.11    2303653794.49        3.57        3.39        0.31     694738173.56   55548866820.92    6785483397.89    644380024    6801216560000000257
19740501-174923FIN197421974040119740501    2920498065.12     769609124.47        2.09        2.05        0.26     187814773.10  955961461091.88    4927416292.78    368282132    3754020990000000054
19740501-191520FIN197421974040119740501    9570111239.37    4728648745.39       49.44       42.97        0.49     763244968.89  705777911051.19    9580732827.26     95652113    110038681JCFOaBxNVpRmAPrlOMHhDbxMXtDSIqOWAypHKArsJlVKEInHOA          
19740502-040416FIN197421974040119740502    2050220408.06     370314220.96        0.42        0.41        0.18     955984304.53  486337782566.44    6329603920.79    891170037    901425656RoWWWWjHcEnPEUUWt                                           
19740502-104246FIN197421974040119740502    2558554150.52    1442393370.88        2.14        2.02        0.56     341829926.55  917927086006.89    6563112766.40    673199089    7156310260000000217
19740502-135008FIN197421974040119740502    7989497932.40    5591765585.99        9.90        8.99        0.70     953909325.36  494171349006.74    2375215104.75    564824056    621876099tWwKapCDGKDqBvwDJQvKfXxUMzFDUXQBf                           
19740502-195954FIN197421974040119740502    4518813126.60    2702374902.34        4.03        3.49        0.60     677619138.17  930637844857.60    6786216709.35    670128865    773703331FoiDMNiXljBZZGweXAmRCDAhyKWYoHvrqIuKiGTUpRJxfQVZpYCLhDclRIv 
19740503-062708FIN197421974040119740503    7581593627.49    1510521263.34        5.59        5.53        0.20     614341347.40  822618333616.13    8083514586.50    270106355    273233393qOdVHYxDVZvGNRKGYVTrFSwxPzXxkMvZgmZdThHHL                   
19740503-122858FIN197421974040119740503    3547186764.42    1233719841.77        2.13        1.94        0.35     814691475.09   20953266321.30    5788377518.20    578837211    634960410XFIdEwZygbPJVVwGVWIfBAXvHBXIOxdvsyIikUuSMNZsQaMY            
19740503-143923FIN197421974040119740503    9019768551.25     430306836.76        2.15        1.92        0.05     786861639.60  357322136568.34    2488933693.44    200139250    224505641QZoKTiXLKvPjulUWXMCUtVfATzbC                                
19740504-001749FIN197421974040119740504    6744347952.17    3032515267.66       13.53       11.54        0.45     594307714.36  242608623182.25    5326805787.34    224100172    262723492zScyndwxOcLUXIwtrdKPFPDeQiYudN                              
19740504-092141FIN197421974040119740504    7838424023.88    4359391249.89        5.00        4.70        0.56     812017311.41  242176614614.18    2188140831.25    871475807    9285042460000000310
19740504-103914FIN197421974040119740504    7115876070.28     777714326.12        2.03        1.94        0.11     184535753.96  147694244581.87     818144262.58    382835652    400959737EVnyFUGFEJmFNaFNVU                                          
19740504-173504FIN197421974040119740504    6157366719.02     444081822.65       28.71       24.12        0.07     650297889.35  851016969742.61    2046943854.22     15469736     184151060000000183
19740505-035021FIN197421974040119740505    1720146737.98     639286464.87        1.64        1.51        0.37     955099350.00  132979978579.21    6811532510.97    390521748    4243767670000000003
19740505-100527FIN197421974040119740505    7997015615.79    3377898030.49       57.05       48.70        0.42     879405316.67  817408862115.94    7218495685.87     59204252     69363555DhEFIsYSMqHQmxAANGFHPWdKF                                   
19740505-211342FIN197421974040119740505    8660094741.97    2782413854.06        6.46        5.72        0.32     917956737.46   10090388113.90     999147398.59    430471022    486855787DGDgbyTniJxSJJPHLVwwcatOfVEGLQJcDCwMnGNsQnkAvm              
19740506-002938FIN197421974040119740506    4890171715.81     937750024.46        1.24        1.13        0.19     453162665.97  139632723975.48    9057940166.30    758764361    828418074DIPPjcmxrwIwYNRnOzSotzgUkufjD                               
19740506-114524FIN197421974040119740506    8484602456.73     838233519.38        1.29        1.28        0.10     529127525.40  697837605504.32    6650768099.21    650488611    655541008pEGIPCsKwtTHCezUJixADHRHcVKNIYrTyyOPIF                      
19740506-174457FIN197421974040119740506    9100321689.34    6179306152.65       10.32        9.77        0.68     497607804.03  990910980366.06    4060876066.56    598733970    6322506900000000336
19740506-182508FIN197421974040119740506      45429165.22      28863202.02        0.16        0.14        0.64     226099527.67  262040479012.22    6484210504.07    184388749    203209140WCJJAitQbHnCKfmKEVEELEBjYtHsVGTBpOMMCLXEadMPRGRTA           
19740506-195926FIN197421974040119740506    5837133182.48    4047350235.75       14.33       13.36        0.69     690642791.40  673731840469.10    1990259958.20    282452267    3028937760000000325
19740507-020308FIN197421974040119740507    9369917823.00    4932896822.84       65.74       64.12        0.53     191480816.42  964897439581.63    3459466042.15     75033500     76935853FXFYeNQJTmypAWxzHPOBgNFDcXaQQFB                             
19740507-104047FIN197421974040119740507    4520192597.08    2238436488.51        3.15        3.02        0.50     793328079.95  523739624155.71     914772068.21    710487555    7412240840000000230
19740507-120802FIN197421974040119740507    3849968091.19    1212586340.74       34.35       28.87        0.31     863951860.06  865756926102.98     190350434.67     35300565     41996351WtLJlcZhUpnUJhcOl                                           
19740507-174947FIN197421974040119740507    1936536139.29     714088251.77        3.05        2.97        0.37     579790808.48  136780708096.78    2563737613.05    233804553    240744075GQgODZYcTEajaEMYDrWGoMdiJOENBaMGcnwYwuNTRPoOXXVjWD          
19740507-182116FIN197421974040119740507    4652295695.54    2505692258.74        4.63        4.53        0.54     877590157.88  242534750033.88    5908553626.27    540917013    553536864MMYHEsAdHQrXvDXqWNGKyGRnmNQy                                
19740507-190541FIN197421974040119740507    9061914880.69    1475642404.77        2.26        1.95        0.16     977427228.18  289780898365.14    6940448424.22    653421861    7549604920000000053
19740508-013032FIN197421974040119740508    9426613434.65    5850145364.74        7.02        6.32        0.62     225038963.72  408152498832.26    4093294841.95    833315605    926044768FytIPQGtkNhoLCspegYgupGffphSskKfYOcWwWMGCbMMWKkmCuNp        
19740508-131014FIN197421974040119740508    4192979972.16    2291105812.66        2.32        2.02        0.55     904872399.45  530683776183.60    9635426359.83    988390258   11337053010000000265
19740508-224842FIN197421974040119740508    9260883122.66    3992441312.49       35.60       34.01        0.43     901815810.50  589224071997.70    4119903672.89    112143072    1173839890000000238
19740508-233335FIN197421974040119740508    6202928044.57    3336810975.99        4.74        4.67        0.54     197918513.62  411210260930.19     785208302.78    704679114    7149547280000000253
19740509-074728FIN197421974040119740509    1678686130.45       8180931.53        0.01        0.01        0.00      73183949.94  609127584419.34     144945244.46    577396261    595663308OHzaLyFKQkeISJnxSTeShaOv                                    
19740509-195239FIN197421974040119740509    6844845065.28    1818615447.70       13.69       13.35        0.27     139459429.89  881304310383.25    3991347148.61    132800125    1361908880000000181
19740510-065302FIN197421974040119740510    8183754519.29     661955687.76        0.77        0.75        0.08     779400106.11  841788933232.11    2407637464.12    862413871    884351837VZFBRwvFHyQCUMDVoBLLIIBmacVsHPTyOUvhQJtRzByXxTqcURyaA       
19740510-180314FIN197421974040119740510    2909385338.79    1872474228.80        5.10        4.34        0.64     559479002.42  247879691246.83    4113692398.81    367017589    431869979DcixvPMjYlaZGygYVQDbBjxviLTHeYsokWRRkADUoia                 
19740510-200415FIN197421974040119740510    3750496613.10      74586229.47        0.18        0.16        0.02     687275434.62  432205328365.15    1375107629.47    415198820    466869555FCOCNTOPibcmwDBHblaHXU                                      
19740511-040336FIN197421974040119740511    2778988936.24     594591810.46        6.55        6.01        0.21     984440667.03  939029836911.00    4045472247.47     90841971     98875650eZCQjyMmFdRWexdtIZLQhOOJyGrGYSQXYtwRPBLnMHEfMTMFz           
19740511-104140FIN197421974040119740511    9930005837.27    1454846261.78        1.50        1.34        0.15     770736056.43  486104130393.27    2180551141.41    966813604   10871789290000000020
19740511-185304FIN197421974040119740511    9916186897.08    2565750846.10        3.25        3.11        0.26     674953996.27  540023214725.12    9087928652.76    790404051    8258115560000000052
19740511-234349FIN197421974040119740511     824558035.26     390369598.24        0.68        0.63        0.47     115218698.90  362313614045.62    2831208618.71    575998955    6204297570000000254
19740512-034401FIN197421974040119740512    9640536772.47    5982798756.06       10.09        8.55        0.62     388723769.34  633718518845.81    6471848353.09    592970978    700026078qNBRLBcNHRMNCOGgoLutSmLjluU                                 
19740512-104755FIN197421974040119740512    6570059667.50    3670147918.55        5.81        5.19        0.56     106049993.42    8254539122.86    3091769757.46    631981598    7073742790000000074
19740512-220748FIN197421974040119740512    1525464913.55     951336776.11        1.83        1.56        0.62     177413663.56   53341629240.20    1894009290.45    519534285    607959048eNVEuhGtjVFOeaxSShmAgVEwrtbpRJelgzytPiOodxcVKqffUJ          
19740513-014957FIN197421974040119740513    8334194565.51    1616274240.86        1.67        1.56        0.19     795139729.49  802158088403.48     618690117.49    969602820   1032887510XLakKuKldHjriLNJejHKPkOHDSKHByPKVYctaSGJljgTVz              
19740513-104107FIN197421974040119740513    5740395043.73    1105511849.33        6.46        6.27        0.19     346804469.30  608231422347.72    8175417653.51    171186842    176326385xNZnDTSoUVPNSoYdgBUPLqzOHFZzrIJQNLRxXgjb                    
19740513-151542FIN197421974040119740513    1429942892.35     846487869.81        1.83        1.77        0.59     364228577.70  443601772056.34    2338731423.32    462691587    479385212VSvMNAtEDeXQNEDooBurhHTZUGXzfeRCZXFKsELbuDdCGvFheOL         
19740513-223009FIN197421974040119740513    8379652884.71    3711723744.58        8.35        7.64        0.44     763149647.45  286522954520.56    5090783181.82    444511919    4859136650000000327
19740514-040701FIN197421974040119740514    1327688756.24     436197974.86        2.40        2.18        0.33     761145753.24  534252728676.41    9035631997.79    181858165    199742785MsyYBSXNmpCCDtQsKITr                                        
19740514-103421FIN197421974040119740514    5103743375.76    2673494130.15        6.25        5.81        0.52     818402401.35   43744779407.67    7715090537.63    427455272    4600511850000000298
19740514-110957FIN197421974040119740514    1048367958.57      23136235.88        0.78        0.72        0.02     525686446.21  979236664764.64    3292012672.67     29774209     320842900000000040
19740514-145627FIN197421974040119740514    5560484634.75     784861780.61        1.39        1.30        0.14     739993563.98  291337858550.21    6206446926.52    563175502    6030371860000000108
19740514-193308FIN197421974040119740514    8936382746.23    1953840744.23       23.07       19.86        0.22     815731285.55  422030780279.61    3984491116.80     84700702     98357252WzOtPSWtykNIHobQCFqQBRbotBuTKxcwgtMGZlvSuzkznMNrJ           
19740514-222642FIN197421974040119740514     757553646.55     452486558.78        0.48        0.43        0.60     822190937.02  919596743297.67    8096334100.16    939182372   10604805330000000111
19740514-224431FIN197421974040119740514    6137711929.76    2649377897.43       17.44       15.16        0.43      99228510.07  778567669895.41    1018743632.53    151955004    1747218760000000256
19740515-062727FIN197421974040119740515       1585581.63        906897.93        0.01        0.00        0.57     163064993.91  586140909451.45     643456454.59    161397553    1893472940000000330
19740515-160620FIN197421974040119740515    1146773941.64     581025091.72        1.25        1.14        0.51      33447876.18  270883357541.49    4823192904.28    465145651    5117147250000000015
19740515-215148FIN197421974040119740515     783913950.96     438164604.64        0.67        0.59        0.56     459123357.90  850543819509.12    2436091813.19    655745053    7437149260000000142
19740516-100127FIN197421974040119740516    7435031736.95    2101781725.85        3.19        3.00        0.28     460763544.00  867615726500.92    7188617957.83    659601816    701427667cPOOydoHzXLJKVJoZqQOPxiAbZSEOCBSZFKLwPxTGzZgA               
19740516-103301FIN197421974040119740516    3720176098.69     688356494.05        3.95        3.88        0.19     120726144.15   64133595285.30    8602183970.59    174438918    177489485diqlqOsDpYaNQhSPBbXhMXocCDXEfNMfLDMDHOdpovsklTN             
19740516-112301FIN197421974040119740516    9268337373.20    5615182847.25        9.18        8.44        0.61     832122389.10  107079165857.52    2912069383.26    611647382    665320396KwGGHtkLxtWGPwoGFVBKTqHdHhmZbSsgyyHfJEsFJbOuJAQfYzTNZNcIDF  
19740516-153337FIN197421974040119740516     356547277.33      36646549.00        0.04        0.04        0.10     929564920.95  722380816817.85    6872112369.80    925580663    9647121650000000315
19740516-215641FIN197421974040119740516     591139266.15     342106284.48        0.56        0.56        0.58     948762116.04  714458925776.27    5981204749.45    607533302    6108670050000000345
19740517-023421FIN197421974040119740517    7712683739.88    3053958928.18        9.23        8.38        0.40     746191073.48  973024879198.03    1038796896.43    330959419    3642469060000000154
19740517-041946FIN197421974040119740517     795074860.35     522654321.79        1.46        1.44        0.66     950723766.96  401248949555.61    3121908943.17    357685821    362694401VXpGhfFbmgISLSMZVQlpBtNxkRhiLKvoTFIEKvFgIOL                 
19740517-052234FIN197421974040119740517    2634922662.86     954742999.78        1.29        1.26        0.36     428362619.38  371774885363.72    4257039326.71    739866911    754867338imdafqhUOHJJweSjJLCsJtrIwQTHOvwNcouZrYzKuEbA                
19740517-154726FIN197421974040119740517    1998194492.10     968304857.15        1.56        1.35        0.48     305755944.23  355813058771.65    3597045707.36    622631390    717141224pCpCzKjHcYqVffAhFtKrpRMJCHZR                                
19740518-034001FIN197421974040119740518    2697148562.49     636567280.90        2.42        2.16        0.24     683368464.94  434806576838.94    3213787858.77    262574311    2942034830000000312
19740518-041217FIN197421974040119740518    5419587322.09    1542537884.20        1.85        1.66        0.28      61181196.21  297122159581.84    4382843779.83    833530136    929711155SLjJLcNoIZTAyGyOAtNtTFMQNEKksLfngTYwlVSjEZSFXAXKeoBI        
19740518-105345FIN197421974040119740518    4204484556.01    1599112816.66       16.20       15.34        0.38     258934625.06  706046971384.13    4559501153.85     98698438    1042292530000000202
19740518-214356FIN197421974040119740518    5399147275.41    3775974712.01        8.03        7.37        0.70     449983597.78  510513187372.37    9080835452.38    470498458    5122285500000000228
19740519-020809FIN197421974040119740519      96008730.62      23285132.27        0.03        0.03        0.24     565550114.00  356616574190.25    8992191994.63    685155180    721211453OqAIeBICyTDaCjYBokKBWwGIbTbHykBtzpJVuZzfWHKRHbYByNSoGLc     
19740519-021921FIN197421974040119740519    9662684049.07    4829082382.31        6.89        6.86        0.50     961872149.92  172577079171.41    6135471016.95    700873116    7036443540000000095
19740519-130242FIN197421974040119740519    1871276483.26     703524156.19        1.23        1.08        0.38     930546027.61   41262698246.96    3160681055.05    571212611    652565546sFUPMbMzZhWukEqBOFVslISMGF                                  
19740519-130934FIN197421974040119740519    3551078140.38     363801551.14        0.74        0.64        0.10     203590820.37  208212925423.43     515739598.78    493093529    570724264aEtoHCAkXxCAvEviwEhZNfiIcGEtFCUq                            
19740519-235254FIN197421974040119740519    8555018941.50    1590673488.81        3.00        2.70        0.19     734236732.22  248662652415.88    9288993244.66    530672217    5901743090000000150
19740520-041817FIN197421974040119740520    2162319282.58    1089357020.83        7.66        7.22        0.50     686920323.91   98151164848.71    4083135238.82    142240396    1509495680000000258
19740520-120500FIN197421974040119740520    5253435405.91    1124625304.93       22.15       21.98        0.21     248216125.96  157371707932.58    9153633570.62     50777084     51157981qKZmxEJdJHmHxmqcMqVLIgrwrTMFGSYepLzRROMkSDC                 
19740520-143316FIN197421974040119740520    2913965108.89    1742448420.05        2.57        2.53        0.60     971494443.21  162492914455.08     172134320.09    678762306    6877829790000000138
19740520-204012FIN197421974040119740520    6461177832.25    3311986150.68       11.46       10.77        0.51     582538847.76  707513163868.61     161154705.03    289104755    3075364310000000201
19740521-050218FIN197421974040119740521    4657620263.78    3010780042.67        9.82        9.38        0.65     789926522.80  312456252927.16     222323435.68    306610570    321093446VxmNpSrxEBXnLfMwj                                           
19740521-082414FIN197421974040119740521     833389852.82     422129436.23        0.71        0.61        0.51     455952893.91  492628846942.25    1268815713.03    594241872    6965396480000000048
19740521-190449FIN197421974040119740521    6099946235.14      44746992.72        0.06        0.05        0.01     235515396.54  693197568318.61    8413434213.48    783118005    9161305980000000225
19740521-192024FIN197421974040119740521    9288455176.89    2830694714.65        3.16        2.83        0.30     534478200.85  813845463652.32    4678386561.04    895779959   1001971264sEdXWlAyBGoFClpXvyNNafsKbfeEnSrT                            
19740522-003200FIN197421974040119740522    8852672600.36    3150678043.59        7.51        7.48        0.36     560293341.29  472338898263.59    6825507533.27    419782884    4212457740000000012
19740522-035240FIN197421974040119740522     296284596.11     105809696.68        0.11        0.10        0.36     288796106.63  109035891523.90    7802670017.59    951216774   10285022840000000286
19740522-121113FIN197421974040119740522    9878995993.82    3922580136.13        8.48        7.75        0.40     971027051.85  475880135783.32    8595573453.79    462831694    506307463gGWmrXJoqkjXNgwDRfiWhPTGZW                                  
19740522-192559FIN197421974040119740522    5376375070.16    2082204303.70        2.19        1.99        0.39     367527454.55   37029748667.20    8483912081.24    949202755   10488614380000000171
19740523-064007FIN197421974040119740523    3753411322.20    1150117746.30        1.76        1.69        0.31     354404344.21  653373242129.11    1203148846.97    652505430    680268273qKjXPsBHCteFFjjVUJyGXLGVDBNKBTSUHGZTe                       
19740523-072643FIN197421974040119740523    6868998534.17    1777740620.40        3.68        3.20        0.26     333546907.73    8384054606.73    1638009443.03    483046980    554975278NXYlMCOvkZMdSTGmlcsYmASEslwTXZUhRGxeSFvRN                   
19740523-143321FIN197421974040119740523    7641741386.20    2856737805.61        5.13        5.03        0.37     201377640.78  224162098694.09    2256121665.80    557241801    568242974EHhVHPSQttYrETUxcMnrihIePeOLrTFUmdIKeQiGfzuibJwRV           
19740523-230543FIN197421974040119740523    5033037230.28    1316445091.12       13.49       11.30        0.26     858456602.02  851157825954.44    8510766574.97     97604284    116545741OCuNrytyPITVDUziIzC                                         
19740524-033651FIN197421974040119740524    9119012570.39     351016678.96        2.68        2.64        0.04     275728068.24  421053719360.28    2975328971.54    130866499    1328400050000000274
19740524-123116FIN197421974040119740524    4256330096.47    1812247302.17        2.26        2.06        0.43     826383597.43  702023738770.35    1360598236.06    801340899    880360253KmmVMAnFFPQmIEPRJFeYqLOdwxWQuDObsQcTKGNrrp                  
19740524-205801FIN197421974040119740524    1468897295.66      10719256.20        0.01        0.01        0.01     892728699.36  568632748521.47    6769620532.60    871180480    9963743720000000264
19740524-225718FIN197421974040119740524    7004819163.82     706758307.16        4.42        3.77        0.10      15083170.00  483117432379.26    6051032119.57    159987640    1875002930000000136
19740525-100442FIN197421974040119740525    3412188018.10    1331625361.60        2.68        2.47        0.39     765832680.29  272865792197.43    9993575441.34    497048830    5384893500000000211
19740525-172745FIN197421974040119740525    9306706083.95    1926481177.55        8.29        8.26        0.21      10676989.64  507107985180.72    8520535572.36    232362165    233178846lSBXSwESnnboFFeSvHxFjlfxrwIZABfGMjiWUbhTmnRHnPFOTMlMAQnZJA  
19740525-201235FIN197421974040119740525    2339308136.95    1626874591.02        2.17        1.89        0.70     701717517.52  103790303020.91    2562496303.77    751120639    8595662020000000025
19740526-011358FIN197421974040119740526    9444798528.06     323996903.45        0.54        0.51        0.03     232185958.24  406727518966.08    5979329868.72    603035012    6411530730000000198
19740526-091605FIN197421974040119740526    1812569597.52    1011977790.23        1.33        1.22        0.56      84848272.00  485682570410.11    7166845518.77    760799374    829881288WaPVywTQRRwsTRQ                                             
19740526-111542FIN197421974040119740526    6029146904.01    3629617173.66        4.21        4.18        0.60     316968105.29  341006979804.40    6010280082.69    861144662    868756658estGmMJWXVNYIvVp                                            
19740526-193701FIN197421974040119740526    5645289231.09     251899977.12        0.25        0.21        0.04     115389007.36   89375354992.21    5366714486.49    988079935   11762931320000000039
19740526-195637FIN197421974040119740526    5715370269.00     608831857.93        0.61        0.61        0.11     228055618.62  115814675626.14    3095892792.31    995049814   1002197449gAWYCbVKcVlXGvfZ                                            
19740527-035656FIN197421974040119740527    7617477000.98    1677457216.24       11.32       11.14        0.22     470961867.61  413937903670.25    6099176839.53    148132255    1506371150000000221
19740527-122040FIN197421974040119740527    5178648005.54    3394943135.22        4.88        4.42        0.66     574054664.76  287999187152.73    6390974171.65    695887431    7682444530000000094
19740527-174341FIN197421974040119740527    9223775269.25    2033756203.26        2.65        2.24        0.22     718837716.46  517208559380.31     784852344.51    766756462    9072107900000000058
19740528-014358FIN197421974040119740528    6553922635.84    3611566683.92        3.92        3.80        0.55     890970014.53  576095556689.09    4317140742.78    921076280    951139572FkqRCPDzQSwBVrQO                                            
19740528-092047FIN197421974040119740528    5306624685.12    3228532078.18        3.88        3.25        0.61     579565787.52   43189397254.86    2521277968.00    832912781    9934369990000000051
19740528-132925FIN197421974040119740528    4575866172.90     679209145.10        0.74        0.73        0.15     618748573.20  119601730711.45    6436241827.93    924047083    935668225kdkMSIAUXjfEwPBQSgTKSIKmszCtWWXwKGVRUzPODH                  
19740528-190515FIN197421974040119740528    3307062833.22    1960301112.75        2.91        2.82        0.59     857602316.34  586607527860.27    7493491942.74    674318400    6963160550000000285
19740529-064824FIN197421974040119740529    9019769478.05    4582245939.86       57.16       55.99        0.51     851962546.95   57063437888.88    1801289539.37     80162252     81843109KfRERJQxDalgYSIFQgEiw                                       
19740529-093458FIN197421974040119740529    2243668036.23     198675439.15        0.90        0.76        0.09     929675181.83  790358099192.77    3179140562.39    220155840    259708567aoTgMQQOVPapOXWxUW                                          
19740529-140959FIN197421974040119740529    2030513793.80    1357351047.19        1.54        1.32        0.67     474867530.94  597723255707.18    3877377645.10    879299149   10246879830000000197
19740529-210556FIN197421974040119740529    1812214577.92     215725647.60        0.37        0.33        0.12     563189225.84  362349983047.61    4729704259.32    590321140    651241530VxhJFCbVNWpWKaEImA                                          
19740530-042459FIN197421974040119740530    9369606034.62    5950339097.84        6.82        6.47        0.64     512920763.49  114079866771.41    3073011612.41    871952177    919151276maNnBELccTuKDXojbbmSqMAOzQwExqMJWPLSOAAZCgXQxjEfFORZfzbxQ   
19740530-065219FIN197421974040119740530    1683750014.42    1177580615.55       19.19       18.46        0.70     214831589.30  232143343444.84    3718861156.00     61349685     638007070000000055
19740530-132742FIN197421974040119740530    3274076514.59     373591466.27        0.43        0.42        0.11     962388181.52  947590141619.69    6662304937.52    864017863    8887455590000000081
19740530-133808FIN197421974040119740530    2191339914.59     685461570.68        0.86        0.79        0.31     733533247.75  587253781171.61    6028904590.33    795053157    8630942770000000143
19740531-011641FIN197421974040119740531    5214833659.69    1291255904.40        1.46        1.44        0.25     737273184.91  767857547160.72    5871922575.46    887420087    8974387380000000132
19740531-052844FIN197421974040119740531    6926516719.54    1654826217.16        2.27        2.27        0.24     273417812.25  139804969894.99    3542574058.71    728067665    7296908950000000352
19740531-101612FIN197421974040119740531    8456891131.42    4759623241.38        5.09        4.33        0.56     588520899.15  729415482179.72    7605827173.21    934819522   1100272481XUhuCIMVvmnSqMBPsPTqVPeOhOJjWFWHqbzvsVmNTAFOvA              
19740531-205116FIN197421974040119740531    9212064118.99     181399547.24        0.94        0.86        0.02     190859918.87  332457501075.73    8027363952.38    192411162    212141874URZBtUKnpDKKHZbOejdWhikbEaSqvjzvEtNLbCtShSSaX               
19740601-085025FIN197421974040119740601    8520664457.37    3061473699.06        6.72        6.69        0.36     526626459.85  107543134244.97    4885644046.93    455554729    4576400160000000152
19740601-161128FIN197421974040119740601    2276820949.53        305582.78        0.00        0.00        0.00     957011742.00  914285999652.53    8044423410.00    200287616    2194816870000000067
19740601-192307FIN197421974040119740601     468341369.51     255283710.77        0.34        0.32        0.55     391031446.47  283185656084.10    8964481481.05    741802243    7865582660000000306
19740602-065040FIN197421974040119740602    2319230503.85     415885270.56        0.87        0.75        0.18     375115684.51  770357161659.81    2361427418.75    475753290    5547086080000000073
19740602-081448FIN197421974040119740602    9055647946.10     822210022.93       21.67       20.81        0.09     775400517.26  293479451509.17    7628258833.70     37938696     39516086BRtMqXSsBDukvVHTiOgEMWtHXrYWlFJqYAkUUXXEpmmWVYnGCknscAOAskMP
19740602-184530FIN197421974040119740602    3224431709.68    1998931041.61        2.62        2.50        0.62     641325914.00  613896446746.76     620662006.62    762796766    800990717KystGlBRwWHnygomAkGxXAAHJowCiGoTIuBrJfHMDMYlMVI             
19740603-042651FIN197421974040119740603    1566696392.83     249790669.17        0.49        0.46        0.16     422763123.79  685009341852.75    5529439610.97    511409873    539341139OKehKyGaHgbEeBcBDAnFaXwXmCfzDCIig                           
19740603-102210FIN197421974040119740603    2155801606.27     183916461.90        0.42        0.37        0.09     696672571.24   92323399800.48    3260793431.85    440850055    499168940gDqcCBxupXLOeBnjyoDuJKKpXXazMTBejzLaoxVkzpfVHbeQYNnEL       
19740603-154924FIN197421974040119740603    7478212249.75     850924515.84        1.05        1.05        0.11     632217832.96  729571217721.40    1636442291.42    806790471    806805304NexjEKvgkViOeaMXWULcs                                       
19740603-162648FIN197421974040119740603    9746332259.07    5169728893.40       14.16       12.75        0.53       8696217.84  959882986403.47    7346978784.03    365221954    405445349XDnNdfGcCiNIOwdZoWMTZgVYEOsHLSH                             
19740604-015957FIN197421974040119740604    9804042174.59    3906920477.76        4.98        4.24        0.40     666908070.65  224790118029.91    1912797045.65    784410973    9211465420000000239
19740604-064649FIN197421974040119740604    4574119617.41     157415316.03        0.20        0.19        0.03     638292120.50  490991038112.70    5429791301.85    800834383    8117753630000000261
19740604-170501FIN197421974040119740604    3680309958.66    1275615397.19        1.53        1.29        0.35     541980810.25  360058382740.25    6862804531.89    831926566    9892495720000000194
19740604-224051FIN197421974040119740604    8493675740.76    1238203188.87        1.96        1.66        0.15     176913431.13  155548841566.65    4262554048.27    631901573    7471761120000000248
19740605-044410FIN197421974040119740605    9104102384.08    5253802973.53        5.65        5.26        0.58      26623604.38  265395431929.77    4895503277.46    930542253    9983007610000000071
19740605-115341FIN197421974040119740605    1195764962.52     405539008.83        0.68        0.61        0.34     551021772.94  610101871837.19    2667014743.61    596266828    6621959880000000337
19740605-215808FIN197421974040119740605    6744171234.63     166811441.26        0.45        0.45        0.02     923404457.98  307026523753.76    4182921964.29    367686409    3718918750000000267
19740605-235831FIN197421974040119740605    8107606274.37    4251443454.78        6.69        6.43        0.52     890737870.29  414474758673.97    8702550928.43    635230733    661084183OFXkAvOWFaQBaCLYRJPSSOulUwBYSzhS                            
19740606-050018FIN197421974040119740606    9405393657.63     431200981.11        1.16        1.07        0.05     441184132.16  135768011033.03    8362653937.03    370972096    403177334jEDMMMXIiuBzANZHiHyWmFFHVoTLvwUegqgIIMHlatdnrNCMwtJ         
19740606-073202FIN197421974040119740606    1774596310.24     512140419.65        1.42        1.33        0.29     984788973.89  602215202687.55    6448464319.10    360650007    3842625340000000255
19740606-131105FIN197421974040119740606    3360116239.08    1066801901.11        9.38        8.51        0.32     334202885.58  517039007899.67    2294421759.58    113704554    125309198QPoUnLDTrDgYSUKWmSCDOMHFQOuOStATjAIXdgAbzman                
19740606-213741FIN197421974040119740606    5379704512.52     235315778.67        1.58        1.35        0.04     517233772.15  243366205016.45    1146351930.24    149229685    174164953RIoafLXyzvuVdAypgRHDbVyCNFqJLTgbS                           
19740607-022100FIN197421974040119740607    1799084720.24     941984837.52        1.23        1.05        0.52     832961723.02  610034293866.43    5607506043.81    768449000    897298365fSKZtYidUmdFNCVUbIpLsUJfWaXWMdMCRQmEoYqkibwHroQdFTLDdKWs    
19740607-094155FIN197421974040119740607    4846045733.87     461783860.51        1.08        0.95        0.10     358480097.89  631531236482.08    3410958773.36    425955220    486163475PAKPEEUQmMEQCIiKNBmUEBtPfusQRkopGWWnKXMrfXJjrgUvxcuTzMgPK   
19740607-142058FIN197421974040119740607    9757661961.82    1874093184.36        7.57        7.15        0.19     329592957.02    8448914015.80     235504869.31    247673311    2620313610000000024
19740608-001040FIN197421974040119740608    9185867483.74    4935432132.94      113.12      100.67        0.54     353576107.98  625429130782.80     417610195.06     43631291     490259900000000131
19740608-021206FIN197421974040119740608    6576001279.90     255890337.42        0.51        0.50        0.04     360354180.24  687200297525.76    7917595809.30    502144161    5070951060000000056
19740608-024941FIN197421974040119740608    7976389632.43     425103274.55        7.73        7.32        0.05     507911232.48  273552069243.66    4501513253.53     54972704     58092941bqfvTyldyQqhQaQgOFO                                         
19740608-070605FIN197421974040119740608    2969880715.11    1930405717.64        2.43        2.40        0.65     783075155.77  842342526256.88    4624468548.75    794253608    8047954170000000309
19740608-121952FIN197421974040119740608    4052189837.37    1171158500.10        1.20        1.12        0.29     113653140.47   17413869793.54    8695298303.69    978879889   10415150540000000292
19740608-170958FIN197421974040119740608    3379896742.09     425165642.01        1.88        1.64        0.13     764287398.12  181473311408.99    7841896909.91    226226706    259872508LRYKYZXBcxmTSSowQAFUfTJRSoIvPgvimQgPedHDROTgzAImiQMWqxVFPKu 
19740608-183923FIN197421974040119740608    1295869488.73     219967198.05        0.71        0.65        0.17     536721499.61  118559933918.70    5053852435.95    307712538    3407385290000000354
19740608-220414FIN197421974040119740608    7555875591.26    3771728727.70       13.68       12.18        0.50     480159762.17  832291826780.40    3727803669.12    275668799    3096374930000000038
19740609-032410FIN197421974040119740609    2560234595.69      84598733.41        0.13        0.12        0.03     385358143.41  243294201751.15     567444528.71    645799330    6847128480000000031
19740609-053143FIN197421974040119740609    1337642818.42     604613746.21       16.91       14.38        0.45     171452523.73  150131662395.26    8406490454.01     35749530     42033403vnbESGDLPDBDVwsKNSXPqRYLGXjuxVJrQDsEcEVAYIyXWMFThaGbMIZNd   
19740609-164037FIN197421974040119740609    8471002435.90    4110417092.88        7.60        6.39        0.49     967152752.62  799902695133.72    1396225646.09    541147999    643052646RzFPWFvwZRrSBSctRiMfHfNKAAwdNTjFVMI                         
19740609-222459FIN197421974040119740609    9681681199.40    2656653205.84        7.51        6.93        0.27     911883272.89  680550591636.25    4208224161.48    353800221    383091982xJLQVuTFshRimMWvovlkhREDPsbyCEbOPAiHlYQoNpMfOnOS            
19740610-063711FIN197421974040119740610    3279506496.94    1639573930.99       76.29       69.70        0.50     321301227.64  455900181723.18     853153351.99     21489978     23523068ILluFBdLbXRPNPnaiojyEqsGqUArncqWACvKTGoQnLdlqc              
19740610-141128FIN197421974040119740610    2407564509.27      61003456.34        0.46        0.42        0.03      93220374.93  304171666840.56    9653671255.34    133811921    143949056CrHZqaLKlUACIOCnANOtBcGMhwNEnHp                             
19740610-151910FIN197421974040119740610    3253968735.12    1838099373.48        1.87        1.78        0.56     154735192.35  464016099552.82    8524339548.51    983826316   1032175401SJyzkTKNVmGtmiE                                             
19740610-212341FIN197421974040119740610    9642488515.38    3251881869.82        3.28        2.93        0.34     589688184.78  137658147851.35    4394211048.44    990939737   1109103417qHNTtjtRGMZppVRjcMXNYkzLPeMhkorcRLFhljKfx                   
19740611-013300FIN197421974040119740611    6668246821.04    4475331553.18       61.95       56.36        0.67     367737921.93  680000909365.50    4259488610.36     72238732     79413005BvhtIYLKwSFVFgnsTkUZnIpBxtfPFEEeEcMLBFYLtOxBVxdDDIhwS       
19740611-032851FIN197421974040119740611    8216652186.85    1231148313.25        1.55        1.30        0.15     574979374.85  836990462472.90    8406091899.48    792493425    947721218UOiPPAqTHALSquMEWyPKUQDUMJVXvMfKqTZ                         
19740611-150205FIN197421974040119740611    5245782479.22    1027814756.82        1.39        1.37        0.20     837028977.82  747926595021.54    7355316182.04    740633204    7491568410000000328
19740611-212032FIN197421974040119740611    2769859254.72    1140615236.47        1.79        1.69        0.41     854956863.06  143098053764.08    4699742792.82    636998120    6747988670000000260
19740612-063915FIN197421974040119740612    2683960501.10    1770578379.78        4.78        4.75        0.66     526847884.49  494308271552.01    7689044284.62    370341099    3730750790000000163
19740612-085858FIN197421974040119740612     298606593.74     199442927.49        0.21        0.18        0.67     350777757.50  299462072381.64     945433737.94    947064276   1099510527SPxWWxntruWsXkUhrLeUTFIRwNluEpnOeOAYsCBLnc                  
19740612-134437FIN197421974040119740612    2279039085.75     506421169.04        2.09        1.76        0.22      98354234.98  624517950555.13    9045469216.83    241729223    287075494RhUQRxcjdEgKAzNIHpMnLOkaWYvDQqHM                            
19740612-180523FIN197421974040119740612    8349267262.26    5317961555.93        6.45        5.90        0.64       3649495.72  917240515826.49    1115271765.52    824794341    901229143ASbGTNXRFSOYSfTSaVbYApEoKYKyPDUCfmKoywwEshF                 
19740612-194518FIN197421974040119740612     254246287.33     144654827.95        0.47        0.41        0.57     744965908.24  743692109733.11    9692302733.53    308250430    3565571710000000062
19740612-232342FIN197421974040119740612    2304723284.94     317495296.35        1.26        1.22        0.14     987570235.75  239189660481.05    9189623272.22    251058191    2610463630000000168
19740613-085938FIN197421974040119740613    7836949277.25    3906663158.07        9.54        8.23        0.50     541502801.25  375888685866.01    9965052835.75    409633176    474561521yzVtIWYoRQKKPNbDwXqdBMdFXWIZfiTteG                          
19740613-155239FIN197421974040119740613    3518557444.69     951781016.06       16.68       15.50        0.27     380720230.77  602602242084.34    7718762302.27     57047770     614041950000000311
19740613-182046FIN197421974040119740613      46769993.82      18468005.91        0.09        0.08        0.39     506763086.85  664341810847.50    1952575747.96    203380132    2186507720000000205
19740613-210820FIN197421974040119740613    3696041499.13    1028838121.61        1.13        1.02        0.28     712533798.50   41135032434.10    6069145213.79    907043509   10097111880000000323
19740614-081929FIN197421974040119740614    2551551137.31     206852468.64        0.22        0.20        0.08     992136959.33  111101930012.59    6756341226.98    941169202   10533800910000000041
19740614-123915FIN197421974040119740614     781112523.97     338544446.38        0.89        0.89        0.43     217360612.27  628443484169.34    7491225600.07    379826083    381892412BlzKUNpcdbxQGHwUAaQlIXGgyZmHnyRREOKBwpXvXwwWEOWiNJVMXWALS   
19740614-140803FIN197421974040119740614    6884360405.59    1128476113.30        6.95        6.44        0.16     714796882.75  847269191866.80    1575075594.21    162323406    175282177NiBcGbDvQsFXSbRxOUPzUvEKLCXRVlDFrhOUHduBWHC                 
19740614-235957FIN197421974040119740614    7164317757.16    3856881246.81        9.29        8.37        0.54     706374426.10  451242077953.00    9621224215.60    415318188    4609200340000000117
19740615-071537FIN197421974040119740615    3684468365.23     610489903.63        1.39        1.36        0.17       8199654.55  980250867786.41    4147359798.21    437703115    4478866290000000187
19740615-145830FIN197421974040119740615    4260542601.55    2010901573.54        2.55        2.54        0.47      35108978.98  145777729990.06    8666142838.98    789357945    7931020240000000245
19740615-215401FIN197421974040119740615    6931993089.32      35338294.90        0.07        0.06        0.01     815611580.88  594163148762.63    8297398733.84    541634572    5465475310000000266
19740616-011022FIN197421974040119740616    1320163013.10     310822574.15        1.04        0.97        0.24     924303458.03  472632520662.49    4916916763.55    298070125    3193270060000000331
19740616-081029FIN197421974040119740616    1238982438.13     211338867.20        0.32        0.29        0.17     500238484.72   92766402301.99    8771764401.95    663319123    7365448780000000240
19740616-112629FIN197421974040119740616    9463750806.71    3052281911.95        3.50        3.46        0.32     196840387.73  920920006466.37    2520369812.31    872079148    882490580rkWTCsQbCPAUfRcKLCwMGTdIqvRSpGXQyDXxU                       
19740616-152744FIN197421974040119740616    6313473935.14    3685395051.13        4.05        3.50        0.58     439215646.85  575489882683.27    7713925053.51    908991650   10515946460000000177
19740616-162629FIN197421974040119740616    9140706469.22    1045546187.55        1.26        1.19        0.11     491827942.01  658708606072.00    3985512745.68    829040330    8752983030000000153
19740616-232310FIN197421974040119740616    3722475086.15    2144772972.63        2.90        2.65        0.58     368100617.41   25368493772.17    5537259613.78    738343498    8090298050000000314
19740617-062329FIN197421974040119740617     964637741.73     310676176.21        0.32        0.27        0.32     742756948.61  242843786739.79     691284046.60    967145252   1150264464fKTWdFNbJFpYzsgNOKBALRptDJzAgeGSPxIBaUpK                    
19740617-134520FIN197421974040119740617    4120058160.15      29823355.00        0.04        0.03        0.01     384354673.87  205522506800.65    7815870865.50    829817130    976128887NtOdvFBFUhCVdhuIepZmNOBReS                                  
19740617-232301FIN197421974040119740617     846059169.14     152065195.61        0.26        0.24        0.18      63986380.74  512204623944.38    2617699958.63    577730570    6458745000000000334
19740618-072625FIN197421974040119740618    2693674591.63     845990033.48        2.20        1.93        0.31     342335841.38  373890867687.13    3357622446.49    383678466    439027643IHAiIELZmpMXSKIrRVovqarZpwJMeyEpSwQWmbjcix                  
19740618-112008FIN197421974040119740618    2193313277.35    1184388807.34        4.43        3.84        0.54     206347124.37  864550299486.75    9831746722.52    267577255    308087503mBRtpjNBECQCRiWtjEutqI                                      
19740618-205131FIN197421974040119740618    9485047331.72    5347093814.09      612.13      608.29        0.56     111567295.86  406012662273.62    2005114287.10      8735166      87903870000000277
19740618-221738FIN197421974040119740618    5194405087.05    2819170098.89        6.33        5.31        0.54     453014797.79  680869393056.99    5717226549.51    445490825    5305297290000000283
19740618-235207FIN197421974040119740618    7445316808.87    2682070380.04      100.74       97.43        0.36     763485279.44  321823045082.53    1508855328.52     26624043     275277510000000034
19740619-093220FIN197421974040119740619    6870260525.62    3169777405.21        4.48        4.03        0.46     192786414.75  836180939120.93    8952614638.89    707854820    7863933570000000347
19740619-142928FIN197421974040119740619    5930815009.88    2504867144.96        3.85        3.39        0.42     624742337.05  661585947700.78    3366937412.69    650409399    739265883EsHPWeZIUldfxNQnmwk                                         
19740619-204936FIN197421974040119740619    4622936339.16    1845526817.49        3.40        3.02        0.40     138054062.83  209052611748.76    6345715241.50    542544819    612105682AYrIhMoBIgUBkRdxKABPjIIShjxFyaWTAsK                         
19740619-225041FIN197421974040119740619    6969576894.50    4107778120.31       16.53       15.56        0.59     291939419.99  814960339326.65     201062754.40    248549610    2640162940000000213
19740620-045933FIN197421974040119740620    4964262510.38     283627111.38        1.36        1.34        0.06     858760686.71  395078416150.11    7086478938.65    208102301    2115782720000000281
19740620-124512FIN197421974040119740620    5357296394.65    3572053667.77        5.49        5.25        0.67     703505131.93  468621747794.00      40983348.59    650237360    6809321120000000155
19740620-183722FIN197421974040119740620    3051828424.13    1020517874.05        2.99        2.76        0.33     320831375.57  600985732633.47    5263879858.51    341365584    3691850330000000189
19740620-234544FIN197421974040119740620    5745339209.05    1274586389.30        1.47        1.44        0.22     599379524.27  368953700508.91    1744463406.18    869404531    8843799810000000046
19740621-075601FIN197421974040119740621    1764925933.68    1172311527.17        1.52        1.38        0.66     503148475.54   46917657418.01    5305605820.58    772678027    8523700380000000007
19740621-180159FIN197421974040119740621    5593714477.07      80811445.33        0.32        0.29        0.01     513556524.48   27367274793.25    5123239588.21    252552277    2799827460000000278
19740622-002034FIN197421974040119740622    9691107408.12    1785041440.44       22.17       19.28        0.18     701015855.57  275805336376.65    5787244974.85     80504254     92569755jTZEOvrZoPvhHhEVycMTgdSeDAHkDvARlkstBVErphrWGVaKu           
19740622-120840FIN197421974040119740622    5120447967.46    2692382459.80        3.10        2.74        0.53     584406959.64  688562778422.98    4236540638.71    868637199    9839108310000000121
19740622-183228FIN197421974040119740622    9535122033.41    3608389683.51        5.90        5.05        0.38     940423641.31  174517666762.92     756140851.17    611218493    714440611LKCNUwwVcHHCDVwSxILaphVOqaSQACIMfdTAl                       
19740623-060523CMPgoSRNVUkcPXyQRRlpYlGSMEPGClsCMX                             0000000364ACTVDDAAA 1948062023355 Williams Boulevard                                                                                                                                        M5D 1X2     Frederick                MD                  United States of AmericaShoffstall                                    CcXhWpenwkHWjZhpAkEKwGdOPVWOApDbSaDZNfHOPC bBmSNNMiJzBvez                                                                                             
19740623-113940CMPOnvOwiVZXgIReEEmKJUSnXcnThQEHWzos                           0000000363ACTVWTCCC 191109075979 Jackson Lane                                                                                                                                               40227       Billings                 ME                  United States of AmericaCestone                                       PKSLILrkXSEvYYyqGJBCHttKYzELdciyvaJIUbLKwMRqZYoJyaskQpDXKvLqSmTODKDhiENHXpAUPBbSYUqpiMNrNjFSarIbh                                                     
19740623-132829SECAAAAAAAAAAAAAYXCOMMONACTVLzOcOeiVieffLwNEJSojeFxzLQxhplDUcNmATdhLIIxVQAkSXYZyeGFZeyKrbuqbzR    NASDAQ869420587    1971022119180127        0.800000000147
19740623-233426SECAAAAAAAAAAAAAYVCOMMONACTVw hGmQUIS hIeDIDjKUbyyAFUwkLnQFYbecICNSFUIwSYIJgluBvUeWMa             PCX   938180546    1870021419311126        1.04XRHEsIMnqEiPOnfAJBLTVbfGKETfCFVYROPP                        
19740624-021356SECAAAAAAAAAAAAAYTCOMMONACTVpMmIjbtNBGOLEXeBKSo UaXbg                                             NYSE  26912797     1926091118870628        2.230000000194
19740624-074949CMPXoiKshFwSFJUseOHEjDTDwhjrzEOjDKGxCcQHEWSpOFWUGSRWjBI        0000000362ACTVCXBB  1855032712985 Camp Bowie South                                                                                                                                          94662       Palmdale                 OH                  United States of AmericaConnelley                                     XeYzbwbxbXHROdGMeOHJbxXftOYcXCZDLsUIAJAzxJQBRMJHJdtaFDdkJfMRzcsf                                                                                      
19740624-075521SECAAAAAAAAAAAAAYRPREF_BACTV nWDHhcgtSgGVJdyQcMSgZDlWgPSmtcDMOzLGglweeoBhQaSGrqDxvRHOVQhar UNyp   NYSE  58484090     1896102319481211        0.440000000179
19740624-131219SECAAAAAAAAAAAAALBCOMMONINACTcZRYAHwoMxhzaYjfaYRnlMnCFJxvRCEBxtSVudCqYhaGFNnDiEfORbLZfBc          NASDAQ6947733      1954111119580703        2.61gIOONPxnQUwBdFNEMLBUXdUbFPDWDVOVnWIIMRpOMbaMGipmCAICpjncsHs 
19740624-180916CMPvtxONKEUgRnPmIoUdpfrnHZ                                     0000000361ACTVCUB+  1952021015451 Beningus Rue                                                                                                                                              79604       Syracuse                 WV                  United States of AmericaAngelos                                       CNHiLRKnsuYKLwtbToiUNpKQwwCMjXsITwvaR                                                                                                                 
19740624-213902SECAAAAAAAAAAAAAZGPREF_CACTVvkMIbNykgQfDSOaCdDhPVNLAhNHpHRMtTFYlctGKnB                            NYSE  551772949    1941032318741026        0.97EKxtQJAcqNDYsGjPTVlSMPKGHLQauQwSokAAzptqRDUgdn              
19740625-050715SECAAAAAAAAAAAAAZECOMMONACTVrdzBGQrjqHFOqCmWdjJZtJittEspGuoCGBgALBkxWKDcoBuzKio                   NASDAQ779428294    1939122118870407        2.450000000176
19740625-065541SECAAAAAAAAAAAAAZCCOMMONACTVJbDJMWoRRgQuurKVFyMoBeNENMRpkxmomLj                                   NYSE  385526969    1850102818990706        0.56VcbAKPfBIpRdEaWhZBDoBABArjGqRCPYqanHvstLOVuMQC              
19740625-172833SECAAAAAAAAAAAAAZACOMMONACTVWOQmAqRJhFFOfnNHzIUxNOezVibI BJODUcUngWkyFASfMG                       NYSE  871649353    1883102019630624        2.410000000167
19740626-042202SECAAAAAAAAAAAAAYYPREF_AACTVUHBXyOiQmiZJlAFm UN HmffIWmsACNht DEJTCeHRCmaLpuYMPEVs                NYSE  400253083    1868060918750830        2.14ziJohMcvsgUVqHyXNSwWAqFRxoSF                                
19740626-120517CMPGidZUqrCDURnPxkVcQLUZHoNkSljfGvxVi                          0000000360ACTVPPA   1969110524696 Cordoba Crescent                                                                                                                                          M1G 1P1     Cheyenne                 SD                  Canada                  Pacheco                                       NjnBJzKYhQfwOoLkLdzMEVvFm                                                                                                                             
19740626-120957CMPgDMXHLTeMJMEiSAyKEnl                                        0000000359ACTVAAA-  1945032117852 Durand Park                                                                                                                                               92197       Fort Wayne               Alberta             Canada                  Mundt                                         ECvPV CMAKgk OfURnLmAOCESyGHHXRXVHRBxkHykVaTPmMPPxD ReuEcFU                                                                                           
19740626-172458SECAAAAAAAAAAAAAYWCOMMONACTVRsLDpaMaJyFoEZboiVjQFzNXGOZ  iDQqFLUDX                                NASDAQ554369916    1930010218980323        0.900000000016
19740627-044608SECAAAAAAAAAAAAAYUCOMMONACTVxrgVdrvBmXLEoSyjwIpJXnOxmwAZRASHmJEiKGnOTWAVwGQEvB                    NYSE  23222697     1890090819571213        0.000000000300
19740627-120947CMPSvidWcyubUlaXFkZnmqETXvDJYaXITuhWLA                         0000000358ACTVWTCCC 1958032323664 Summer Crest Drive                                                                                                                                        53730       Fort Worth               Prince Edward IslandUnited States of AmericaHawn                                          OWkbWDGUiyKvZfJMIOMoBzCqRmKqJhWuirGf KxAUUQRvAfJlnxOJnNBFrlDIWQuAalOMqzLoQPiEBMoUxrVMgONbBVAnGeIUVCPMUchMFqFXYhwyqFdLNbjmMo VyfLYcXjlQDNfjqh          
19740627-205650CMPDFfLCWNBMANVNNVospfGiAJTCJrfFqKRzfHTFdNDAvQwIcZ             0000000357ACTVTOBB  195210073721 Fennel Boulevard                                                                                                                                           V5C 1N7     Pasadena                 NH                  United States of AmericaFritsch                                       QOfKfsPaXMeHOLTOUBqligqoONtVQHVrNWDRDIzlBmWGYVyJKtLUOKSMQA PJexCstwDYLIqwvQzTVGzbjkaLFwVeMoKvOafZPdSTPFPG HzRfP YjHcEVsriptzVDRQXCiEGCWSoKHWLmazSNL   
19740628-025553CMPQrDjsjjfXYcImGGENLZci                                       0000000356ACTVSCC   1943042016656 Stuart West                                                                                                                                               M4K 1M2     McAllen                  IA                                          Clemence                                      mSDlrBCHZpIjgExybMEBDSsApwLocGaFiDSPRHoksoqIIeFOboamSzPJQIfGkwUpDRMAHUXQbjRZALbKIEvU                                                                  
19740628-144840SECAAAAAAAAAAAAAYSPREF_BACTVTGPuomQnGWaUZvxYIVcuWyYKLDUonXuCDxDHTLrVHRXLKQjGTS ch                 PCX   599912318    1915052418670513        0.55dBBCsCzeivSxrOWJZkMbNfLitfJSVqvvAy                          
19740628-231446CMPFoiDMNiXljBZZGweXAmRCDAhyKWYoHvrqIuKiGTUpRJxfQVZpYCLhDclRIv 0000000282INACPRA-  188101068899 Starling Lane                                                                                                                                              35255       Lewiston                 Saskatchewan        United States of AmericaHeter                                         juFLPvAygLdWwPDRPylYdb MKlRUrOMsNyXVClFYJRdBlfNUPtMXssBUUeKwcIRxbRroGJtVYAGZJszgDxSRItIvNtDxEOzRIEnNKDA                                               
19740629-023028CMPolGIXXQFLdIHXDEuMLdDVNJbXfMiSChBOXXHPRgqQfvPMFOMefo         0000000183ACTVRPB   189103313214 Minot Boulevard                                                                                                                                            29419       Houston                  SC                  United States of AmericaDibacco                                       vQTqhnnnrwiMzlRGcKAWPQEuptNgJANiROXeXnWWTDUxLdjwNqKGecDOjbqcBQnCnAZxRDdqNkobFtTnFASNvRbJRgELyXEvIRmvWQbKDyDCUjEGJ pFJ C IOMBpIiKLAAsVQWFy             
19740629-090947SECAAAAAAAAAAAAAYQCOMMONACTVbiOVWLrPfeqjHbwjmVHItqwnxyYuYzxBNiJyAZvWVSlLzeTGOTIoQ                 NASDAQ300150862    1949110718730522        2.26QvlaxuqiNVtNVWlBOlQEiRKoaUgAX                               
19740629-145328CMPDQuJNtEYqROCQUqiSrVTNyPDbqoiEAHxIIhMFJpSwLlaTsi             0000000365ACTVMFWNGC1947072011173 Vance Jackson North                                                                                                                                       35285       London                   TX                  United States of AmericaJames                                         ILUEVoVWorOFdRcREPJJLZSPJsmRBdXrFPDLyhdSxYuFZLGtFjVkUOuoxzJBlbgtTeOREHIFrKSaPBCvquBeFDnGpRglFwwi HpzeDOgBLFGDNHgnSRHLWQCFPDxwG XQQPvDVJshD e          
19740630-013552SECAAAAAAAAAAAAAGCCOMMONACTVOuYewNzijFxBjUOTvHAEJzJvLfaa                                          NASDAQ698587248    1895032018701008        1.50hcPDGWJeqNhVOJEHQzDTICfkFUCNaLlcnCkzQvSJALfIzRb             
19740630-053918SECAAAAAAAAAAAAAZFPREF_AACTVmfJwlcNENeVnMNBIvMonGqLIDrIUHQtUyomSdHUSNIIHsqLuhCVBCBh               AMEX  867286151    1920081418930203        0.73gAWYCbVKcVlXGvfZ                                            
19740630-154600SECAAAAAAAAAAAAAZDCOMMONACTVyGHIxjVLkALRLdPfKgdFMUHJQadxxjMnrE                                    NYSE  592531846    1896050819481126        2.610000000016
19740630-204129SECAAAAAAAAAAAAAZBCOMMONACTVahuGGMWExbDo                                                          NYSE  572498101    1908012019550316        1.51sEdXWlAyBGoFClpXvyNNafsKbfeEnSrT                            
19740630-235958SECAAAAAAAAAAAAAYZPREF_CACTVXeqcKJxyGfGXHHmkaDRPOEJOvkifnbIAUScdIKnIECT                           AMEX  568267883    1922082618660426        2.26WAUYdXNERWrDlFxcxhSWqEIJvzOFNSKbuUHsrWRIRHHkQpsvEXCCZHBCM   
