19700701-100144FIN197031970070119700701    6491611355.07    2884089275.63        8.69        8.39        0.44     775799989.67  428116126297.16    6826020924.12    331850188    3436689320000000038
19700701-123016FIN197031970070119700701    7625788888.44     839515964.19        0.91        0.86        0.11     772123428.67   63080040368.66     277122871.82    924039861    9813029140000000023
19700702-072500FIN197031970070119700702    1761397048.09     570670117.32        1.20        1.06        0.32     562510810.78  832517141591.30    1881557019.19    474292377    539080293DhEFIsYSMqHQmxAANGFHPWdKF                                   
19700702-224059FIN197031970070119700702    2686376252.29    1212996449.65        2.38        1.99        0.45     854657290.34  567624677055.93    4977891438.16    510684427    6081735860000000032
19700703-125631FIN197031970070119700703    9681599036.16    4665381906.08        7.68        7.64        0.48     458965931.70  677284282885.08    5037924227.71    607203686    610334283jLCjOYaAGVEUrxGtMU                                          
19700703-195058FIN197031970070119700703    3320625081.15     491161573.40      353.94      340.11        0.15     239957643.17  375915515825.94    8666784236.34      1387704      14441130000000060
19700704-061046FIN197031970070119700704     184019534.61     124128216.11        0.14        0.13        0.67     583605135.42  956173589286.34    4975086398.61    859735681    9501440790000000141
19700704-152358FIN197031970070119700704    8636694370.58    1153336665.14        1.31        1.22        0.13      12999637.97  460591852790.15    6753260708.90    883052982    9480734370000000117
19700705-001958FIN197031970070119700705    7130028157.01    1390161193.61        2.11        2.07        0.19     958691069.62  968895113753.32    8784817933.72    658655405    6713878370000000064
19700705-091725FIN197031970070119700705     986035076.24     573974976.73        1.37        1.37        0.58     627377009.18  844203377815.17    2980520293.16    420447479    4204684590000000114
19700705-133814FIN197031970070119700705    3941794579.35     123996090.18        0.27        0.25        0.03     590620247.20  773148458104.66    1686179961.93    466848857    4942669240000000039
19700705-190125FIN197031970070119700705    9928555803.34     581332030.68       16.67       16.35        0.06     575755463.59  311204577598.26    9373309397.06     34874812     355600280000000192
19700706-133011FIN197031970070119700706    6368933480.06     684621850.81        1.00        0.98        0.11     152984915.38  193210901848.47    7530414149.53    683517582    696830422yJZRFbHLdseBeTnJIpEmTJtfrrDaEFBWyS                          
19700707-044416FIN197031970070119700707    4717862939.73    1025240750.58        1.11        0.97        0.22     186375505.37  169402003041.54    2216039921.50    921805411   10603965300000000062
19700707-093833FIN197031970070119700707    2416402057.39    1429905668.86        2.61        2.26        0.59     413306913.43   35410778304.21    4916289977.50    548061879    6323859330000000125
19700708-003853FIN197031970070119700708      29298231.58       7334775.23        0.01        0.01        0.25     284839135.43   80530159774.16    4847534471.24    624453377    6885902160000000187
19700708-031719FIN197031970070119700708     330182115.02      61315872.23        0.17        0.16        0.19     387738912.36  534336981833.59    4988263126.57    350892730    386639510rkWTCsQbCPAUfRcKLCwMGTdIqvRSpGXQyDXxU                       
19700708-180543FIN197031970070119700708     491487436.85     175694869.42        0.19        0.17        0.36     821240101.27    4683947606.92    5914381045.23    931923654   1022152446BlzKUNpcdbxQGHwUAaQlIXGgyZmHnyRREOKBwpXvXwwWEOWiNJVMXWALS   
19700708-181131FIN197031970070119700708    2237602940.48    1546936465.08        2.64        2.39        0.69      79965548.16  474877008563.05    6237002888.13    585112164    6460219670000000042
19700709-043140FIN197031970070119700709    8557122964.69    1347158203.29        4.01        3.78        0.16     352534155.14  920381438567.36    7546489527.50    336093457    356416691ZQTjEUONCDrpaHYvA                                           
19700709-201454FIN197031970070119700709    8715816330.22    5750704960.87        9.98        9.45        0.66     779778624.19  830271797733.31    7368306789.87    576209621    608396337inZSWxMORYAMakTEICVCgOECFdCknDeuMDaK                        
19700710-062108FIN197031970070119700710     871264743.96     137651622.27        0.83        0.75        0.16      48447229.37  388469568649.29    8203731860.50    165455534    182897795JCFOaBxNVpRmAPrlOMHhDbxMXtDSIqOWAypHKArsJlVKEInHOA          
19700711-000919FIN197031970070119700711    6565161273.69    2989382897.22       20.51       17.12        0.46     302809442.05  417573399036.79    9506775108.64    145762527    1746119540000000120
19700711-064943FIN197031970070119700711    4994287675.95    2798016168.46        6.25        5.72        0.56     501267711.19  399719355584.76    2722283124.88    447461207    4890096630000000025
19700711-085520FIN197031970070119700711    9329539895.01     419853225.64        1.84        1.64        0.05     411482813.12  552359868844.75    3438414232.21    228494004    256570740zIHLKvPBQrCTBYzpZzUJZwMrKqTpUZPyXUykkId                     
19700711-115050FIN197031970070119700711    7906999206.60    1538196802.90        2.27        2.04        0.19     221592552.90   69176369337.43    5982130425.18    678639037    7530766270000000201
19700712-065729FIN197031970070119700712    3434698048.36    2251544727.05        7.60        6.36        0.66     887368852.61  446778685332.87    5170786036.49    296257726    3540212520000000179
19700712-100237FIN197031970070119700712    8464292576.84    2687731813.70        2.79        2.55        0.32     376342067.23  470557538472.90    6585305787.71    964076928   1055648269qNBRLBcNHRMNCOGgoLutSmLjluU                                 
19700712-190519FIN197031970070119700712    3199017164.96    2226992640.95        2.35        2.15        0.70     174229135.12   55947860428.38    1720728031.19    948259920   1035709793BRtMqXSsBDukvVHTiOgEMWtHXrYWlFJqYAkUUXXEpmmWVYnGCknscAOAskMP
19700713-063657FIN197031970070119700713    9871127623.23    1221675131.44        1.61        1.40        0.12     600245673.94     209472224.31    2338151286.54    758104992    872954058WtLJlcZhUpnUJhcOl                                           
19700713-220603FIN197031970070119700713    9542646776.23    4596049290.45      688.88      589.37        0.48     638223088.47  796466627917.25    5899997889.23      6671801      7798176XpkDkREvygUBRrUJBn                                          
19700714-075416FIN197031970070119700714    7827980514.33    3302463370.24        4.07        3.72        0.42     306600687.32  401467347192.29    9774296832.74    811433646    8867319060000000133
19700714-124403FIN197031970070119700714     142259599.20      54025059.44        0.07        0.07        0.38     623779006.95  875205274904.70    8695514211.10    825638134    8272547220000000104
19700714-175450FIN197031970070119700714    2416960572.88     736085243.36        2.11        1.90        0.30     271398471.40  454342185159.33     191984115.03    348080504    3874412670000000163
19700715-090359FIN197031970070119700715    7282011784.35    3013224181.13        4.86        4.58        0.41     327397545.86  471899414354.14    6562705160.59    620442834    658299522VSvMNAtEDeXQNEDooBurhHTZUGXzfeRCZXFKsELbuDdCGvFheOL         
19700716-033302FIN197031970070119700716    1216304494.63     200635186.76        0.47        0.41        0.16     243661243.25   97037261683.32    4414345367.38    422865323    489662517XiKcfZmoGQnBHAdYEzmdTwSdbIDPEXDvLJbgRSdkrsLGrsJIESgMl       
19700716-090711FIN197031970070119700716    2313245869.13    1018877139.78       12.42       12.00        0.44     777584903.94   34331402280.84    6319901035.00     82063123     84919164OQrOAucqBZdHWTvrsGTQqDUAJesbyHxtJHEzCHKBOOQPPk              
19700716-181503FIN197031970070119700716    1345331349.64     762864711.54        4.45        3.93        0.57     625242537.27  947497094666.88    3856257441.39    171306415    193942755vnbESGDLPDBDVwsKNSXPqRYLGXjuxVJrQDsEcEVAYIyXWMFThaGbMIZNd   
19700717-070210FIN197031970070119700717     211371386.39     120169886.45        0.22        0.19        0.57     742373211.81   78747289239.53    3324611868.49    546636852    6420308590000000174
19700717-223459FIN197031970070119700717    8220937725.31    1790636924.87        7.21        6.57        0.22     271995322.02  385672419816.19    2354645430.79    248345081    2727203150000000012
19700718-050254FIN197031970070119700718    4618505832.06    1160272819.15        1.31        1.12        0.25     492967120.05  479531990440.51    8280770008.34    887658098   10381994160000000077
19700718-093313FIN197031970070119700718     452292805.38     109580578.84        0.39        0.34        0.24     955072020.02  125451418859.90    5674712744.41    280003370    323739987eBZLwzfHUBLxsWSFpQmudmDjRXm                                 
19700718-125424FIN197031970070119700718    1362593908.06     523295093.19        1.56        1.43        0.38     774766010.16  357974023128.34    8057126643.97    335674272    367153100sEdXWlAyBGoFClpXvyNNafsKbfeEnSrT                            
19700719-023730FIN197031970070119700719     584908937.22     258860581.95       10.42        9.17        0.44     768751164.32  126610617371.89    3962204651.04     24842460     282231820000000165
19700719-124402FIN197031970070119700719    3015955645.65    1493974804.42        6.79        6.13        0.50     972168824.34  204035045722.92    1671423937.57    219879543    243905772XcxyxkqjaesCOVlDpRLKOSaaUSDCxuJjG                           
19700719-200244FIN197031970070119700719    5563203126.41    2092118846.62       23.86       21.99        0.38     302340109.85   21260827386.88    7094063546.92     87698660     951430520000000094
19700720-140540FIN197031970070119700720    1796184649.49     756223426.48        1.66        1.48        0.42     230919938.05  623340032558.93    6862578764.37    455888343    5106208510000000096
19700720-212812FIN197031970070119700720    6035990999.73    1044763258.37        8.31        7.47        0.17     199265758.60  769085371145.19    9301692793.51    125762536    1397716120000000071
19700721-143759FIN197031970070119700721    4250460280.54    1852695960.82       72.46       61.10        0.44     780883306.90  197437719743.25    6441356156.75     25570175     303215480000000018
19700722-045657FIN197031970070119700722    1511360953.03      14245084.05        0.04        0.03        0.01     918407265.52  202856583505.02     738119473.98    384452062    418909776tECVFzaZYGOIcLqmNMn                                         
19700722-180237FIN197031970070119700722    9795354031.79    2612462798.00        9.26        9.05        0.27     206327761.01  180307289360.84    2632690654.28    282147531    288746876ONhcAQwlnmqCCWDoczkXiLhbZXsEJrEEXDUBOGQFbkIMJyvn            
19700722-193145FIN197031970070119700722    4633601345.58    3235290133.55       10.52        8.96        0.70     670376493.41   31730406819.94    1330562004.57    307478192    3612387540000000146
19700723-114138FIN197031970070119700723    9499381588.05    3815246927.63       20.72       19.86        0.40     862352013.58  172777848219.27    3144226959.76    184108176    192074037qKjXPsBHCteFFjjVUJyGXLGVDBNKBTSUHGZTe                       
19700723-184303FIN197031970070119700723    1714049277.21      24857310.31        0.04        0.03        0.01     521954335.80  153932110299.91    1164981084.81    655184805    772272165PGDBgEZqRneMoLzzQWIWKPqUm                                   
19700724-030925FIN197031970070119700724    3884428695.91     800340035.67        1.50        1.46        0.21     750810841.02  943531098541.46    6129434221.05    533480580    5465076130000000194
19700724-111322FIN197031970070119700724    8294367936.76    2205468404.03        2.87        2.58        0.27     720805704.58  466654647285.73    2893009517.73    767664799    854614166PbZdBtNVFkoHUVrXoPHrheGsXLJgIHgHTAbSKZsIPv                  
19700725-025037FIN197031970070119700725    8917539535.81     917916348.90        2.83        2.67        0.10     396410095.84  941243061838.81    3006980576.86    323786201    3433419200000000092
19700725-115521FIN197031970070119700725    1798599104.16     740588394.61       10.55       10.19        0.41     792252058.23  429102022470.32    3576547156.98     70200843     72675006gDqcCBxupXLOeBnjyoDuJKKpXXazMTBejzLaoxVkzpfVHbeQYNnEL       
19700725-230050FIN197031970070119700725    5303564888.99    2677166406.72        4.67        4.53        0.50     819094587.79  451926519540.16    1975511123.73    573480330    590391090JSKnyzjayIuyPFBDYKGYmQJJJALMQVJRXBsXrxUvvRsgSBaOEnDcQEgzHT  
19700726-102630FIN197031970070119700726    8874091144.45    4746262436.97      382.16      322.27        0.53     490122365.99  708302069099.44    9572794575.17     12419605     14727705KCkPotwrqSQFGNsyRmfAqMDPgLswKnMFgi                          
19700726-203727FIN197031970070119700726    4235630988.87     693681466.81        1.49        1.25        0.16     775123178.91  315808545617.46     420514161.81    466987070    5564779230000000005
19700727-131042FIN197031970070119700727    4845118991.03     300133296.11        2.37        2.16        0.06     552615782.20   50417300230.13    4151023613.13    126807038    139125211KJhQqvrlpQBidNaiKSbeNNikTGFNyqfAokZNpWiMnQ                  
19700727-205238FIN197031970070119700727    7875783860.44    4537339635.42        6.75        6.72        0.58      19898071.38   54963118109.10    5967211581.27    672091940    674821304jlkBZXPcVEbEkvquHcRWHHHVGNQxJWnBWpCCCKENWGMjHFABR           
19700728-045649FIN197031970070119700728    5561035570.10     961054203.04       21.81       18.71        0.17     867103019.87  253637135729.04    2255029663.81     44066601     513677610000000061
19700728-102756FIN197031970070119700728    5263382200.28    2723014933.23        3.46        3.30        0.52     710927035.19   89705235985.11    7039325609.91    787116722    825713610rBMPHLouqFXXMgNIhGTqVDHGAsCbGzEmOWSDGxBXmbKbrEI             
19700728-132951FIN197031970070119700728    5884234556.09    3970730522.17       20.16       18.23        0.67     291037010.92  513215328731.75    6022555961.21    197001908    217827131SLjJLcNoIZTAyGyOAtNtTFMQNEKksLfngTYwlVSjEZSFXAXKeoBI        
19700729-071042FIN197031970070119700729      84237853.85       3094578.35        0.07        0.06        0.04     745123178.65  987502282483.91    5522590829.31     46486336     50934053hLJBQUzrFVOXJcPWoMTCtDJWVHTNVVRwBxaKF                       
19700730-012920FIN197031970070119700730    5745350799.11    1109528365.68        1.70        1.45        0.19     210084817.95  524637542194.01    8822726109.72    653727043    767785530diqlqOsDpYaNQhSPBbXhMXocCDXEfNMfLDMDHOdpovsklTN             
19700730-112745FIN197031970070119700730    6610633491.36    1994583457.66       13.44       11.29        0.30        732519.06  678909597461.18    8654129884.38    148430883    176602330jnhGOQaSGPLzBRc                                             
19700731-042345FIN197031970070119700731    2399452823.71     655119925.15        1.53        1.46        0.27     284196853.55  205605699402.85    5747737792.00    428066647    4486055710000000159
19700731-061413FIN197031970070119700731     780229669.04     544879386.07        0.81        0.77        0.70     119191663.52  951162270553.62    5336885169.17    676691639    7076261500000000083
19700731-190207FIN197031970070119700731    7503970689.64    3494270849.07        4.20        3.89        0.47     560229345.34  918463374277.26    3291848872.54    832437263    8991470100000000075
19700801-113241FIN197031970070119700801     732356320.07      99822743.86        0.16        0.15        0.14     339412308.13  104958117509.92    5149602320.51    635468391    6783627290000000127
19700802-012855FIN197031970070119700802    9794840428.24    1363485946.87        2.48        2.21        0.14     321826726.40  457533393752.46    8996373671.44    550326240    618345182UXGHkVXHONXySRVzmlfgOKLOPXECLsMMjGzHJnirREX                 
19700802-131829FIN197031970070119700802    6470262283.38    2385705531.42       88.26       77.42        0.37     610626607.84  958962234392.54    1749535440.00     27029242     308166040000000040
19700803-043342FIN197031970070119700803    3654556920.25     618774137.38        0.66        0.61        0.17     134596348.82  138834126069.45    2894213205.69    939518694   10078496390000000129
19700803-110926FIN197031970070119700803    4980297832.74    1925081539.63       26.95       23.84        0.39     589201788.37  605847855638.49    3221696767.06     71421874     807358160000000059
19700804-050804FIN197031970070119700804    9055442645.77      17800506.20        0.03        0.02        0.00     423820560.96  932890074295.73     327839981.05    645794787    7628899570000000073
19700804-213418FIN197031970070119700804    2678147513.29     107131548.16        0.27        0.22        0.04     984499709.59  582193860933.22    6467922945.85    399115995    477769399MMYHEsAdHQrXvDXqWNGKyGRnmNQy                                
19700805-054952FIN197031970070119700805    1660421115.52     179022129.45        0.18        0.17        0.11     831474505.40  443682519949.50    8737597085.28    997872559   10423981080000000041
19700806-005040FIN197031970070119700806    1077409712.20     399442792.48        1.33        1.28        0.37     300125163.98  430210592609.34    3125949391.85    301264088    3109993760000000067
19700806-132617FIN197031970070119700806    2019067401.08     553591064.99        0.92        0.80        0.27     632225086.89  397477625283.18    1600650374.67    603549209    695272723nFkXCFIQQcAPOHRuYtieKkGSZpAdCmvxWPuheWUSLiFkN               
19700806-172634FIN197031970070119700806    7803489085.18    1179685918.58        2.69        2.56        0.15      55901485.64  785091365134.86    3313329204.29    438126048    4605707030000000108
19700807-115625FIN197031970070119700807    9928547187.28    6714049554.13        7.20        6.21        0.68     870486646.27  883651172558.02      73858508.75    932595454   1081800865eyGBByYTpoRbgjJdHtPbQdJTXrTbcWTJkSHlPvDAkK                  
19700807-220217FIN197031970070119700807    8376537444.14     803526897.13       13.65       13.35        0.10     114724025.91  908496409966.30    4620202175.13     58881600     60176896iNHnTftjXfvHrITLJdLaYdULuwCuiDvUOwI                         
19700808-044715FIN197031970070119700808    8570391813.89    2197321980.96        3.02        2.77        0.26     870066309.86   35249264669.01    4380142711.81    728194799    792989110EsHPWeZIUldfxNQnmwk                                         
19700808-235132FIN197031970070119700808    6315578246.54    3227107556.08       16.10       13.94        0.51     256671866.44   30852761564.60    2041057198.66    200477205    231528842KystGlBRwWHnygomAkGxXAAHJowCiGoTIuBrJfHMDMYlMVI             
19700809-130438FIN197031970070119700809    5040197311.88    2820001119.83        6.28        5.49        0.56     485825323.17  292885485438.73     695458870.06    449390489    5140180390000000138
19700809-185245FIN197031970070119700809    9742076740.29    1389556095.86        3.58        3.28        0.14     944019469.80  914205890072.17    7272169598.59    387922628    423585503mBRtpjNBECQCRiWtjEutqI                                      
19700810-103829FIN197031970070119700810    5224601855.11    1263899337.70        6.34        5.37        0.24     715297468.20  397678419580.98    9803326702.25    199406588    235575292lSBXSwESnnboFFeSvHxFjlfxrwIZABfGMjiWUbhTmnRHnPFOTMlMAQnZJA  
19700810-211830FIN197031970070119700810    9289623067.05    2784268938.09        2.91        2.57        0.30     642437833.72   97293654739.93    6860082689.52    955278335   1082500360RhUQRxcjdEgKAzNIHpMnLOkaWYvDQqHM                            
19700811-112409FIN197031970070119700811    7990231284.30    1196376989.20        3.90        3.57        0.15     968611710.56  782466488668.22    3183465952.35    306393082    3355444050000000200
19700811-132919FIN197031970070119700811    3718116612.98    2587286575.71       13.41       11.92        0.70     164603438.92  834248484533.52    1275631664.09    192944662    2171298350000000058
19700811-192420FIN197031970070119700811    9286945847.70    1180278040.79        5.28        4.85        0.13     473875502.31  475966559153.64    7471023372.45    223721962    243193891EVDrXsEiEnLdzKgVPyHxGfRHFwSXDLmBVPRuIGzcczcxVVXFnGDnNgo     
19700812-054328FIN197031970070119700812      58676376.82       9810652.91        0.13        0.11        0.17     645813777.90  540162289968.91    4421634465.68     77962191     93383292QTlJJPTwTIKGjWucWLFdQIFqUFDViLqZHmopzBSaxPctxonmQDYpdPzwRDD 
19700812-093154FIN197031970070119700812     693201935.83      81076863.69        0.69        0.60        0.12     146606764.60  949641838706.16    5531946303.89    117116024    1343632020000000004
19700812-200359FIN197031970070119700812      46576149.28      25599027.92        0.07        0.07        0.55     213153466.86   58792807147.85    5504154124.83    349378700    351571410XRHEsIMnqEiPOnfAJBLTVbfGKETfCFVYROPP                        
19700812-211701FIN197031970070119700812    5095722598.79    1797785600.57        2.55        2.47        0.35     640480880.78  785025511980.66    7179942907.52    703924087    7270174650000000055
19700812-221845FIN197031970070119700812    7769202066.59     678521759.40        0.96        0.89        0.09     828331420.27  801338455560.11    8592713643.51    706340853    766006885caOaabgKJQaXSZiUGJIHBtXLntUfKAkQvMDyj                       
19700813-174130FIN197031970070119700813    3173909632.99     200721256.81        7.38        6.75        0.06     453565806.91  473218211880.44    6139050045.79     27207558     297234940000000105
19700813-231826FIN197031970070119700813    5148417910.10     348897712.04        0.44        0.42        0.07      98121674.77  912885539936.36    4379252560.53    797676775    822300452xUJWMEEmEMdIWSDGXW                                          
19700814-163025FIN197031970070119700814    6293858011.57    1893775988.94        3.59        3.36        0.30        857982.31  813255687553.02     406176516.17    528144292    5632089560000000191
19700814-170527FIN197031970070119700814    2959167908.06    1947153187.01        4.59        4.25        0.66     433822206.47     551851338.71    9213008353.02    424444347    4586820770000000054
19700815-072951FIN197031970070119700815    1263999065.50     860152753.20        1.47        1.31        0.68     598084445.63  571726360033.78    8827006777.61    586062487    658107093VRCqMDchijxAuePBgjywAGgqrVRBEFpiTlAyRVbIdJsaEVtlYWHXc       
19700815-215920FIN197031970070119700815    7010553331.29    2360525753.77       15.99       14.28        0.34     412172747.99  841918024819.35    4196827730.93    147643332    165248473vXSEWKALOAvhIlwNVfQQBHKxBjyZoXiQNPJjmHVRQmuFFmfzfaBJyGV     
19700816-100300FIN197031970070119700816    2150361961.94     593941841.63        0.64        0.57        0.28     162176085.94  491678814983.95    7108063686.76    929217095   10426035450000000186
19700816-194944FIN197031970070119700816    3108850949.97     603499216.71        0.97        0.82        0.19     295126109.13  714942368166.02    2794023475.04    621676688    7355256610000000180
19700817-043617FIN197031970070119700817    5665165160.32    1381285370.22        4.43        4.13        0.24     937271400.42  771395003192.19    1201646285.16    311657271    334518706aoTgMQQOVPapOXWxUW                                          
19700817-183450FIN197031970070119700817    1086565264.85     538509136.31        0.59        0.54        0.50     441112221.90   98108556416.30    8645482123.10    917095338    991183267bqxEENiCeuJtRlUKFwhdKteH                                    
19700818-010345FIN197031970070119700818    5235901187.43    1620574300.97        3.27        2.75        0.31     472495529.05  159245320699.45    5340556391.83    495710397    5886698830000000084
19700818-052522FIN197031970070119700818    4084095589.94     899392767.24        2.62        2.38        0.22     270998457.52  855428323314.43    9945407022.73    343351882    3782272340000000101
19700818-134726FIN197031970070119700818    9107682804.30     379337106.36        2.91        2.69        0.04     886144885.53  688195133822.31    1723936783.68    130138391    140995026CJDIgUzBAIqWZQVUTlyQjQGEMKgPacOT                            
19700818-230431FIN197031970070119700818    1273462216.14     434612353.83        0.87        0.85        0.34     837930611.25  139753130844.36    1251424373.82    501941696    513544999xJLQVuTFshRimMWvovlkhREDPsbyCEbOPAiHlYQoNpMfOnOS            
19700819-101418FIN197031970070119700819    7096023756.10    2100046141.64        2.22        1.88        0.30     586005002.66  861517157960.26    9902600390.61    946413762   1117844703RzFPWFvwZRrSBSctRiMfHfNKAAwdNTjFVMI                         
19700819-134429FIN197031970070119700819    8274164592.55    4199730263.03       16.57       16.14        0.51     765902487.85  891096069894.40    1431224976.67    253420322    2602253470000000124
19700820-091116FIN197031970070119700820    3286840569.19     768299507.19        0.95        0.94        0.23      95638525.12  434177052892.68    8827650905.51    808544060    815478199WqeiYOFGTjVEbfOBYccBfxuAwwzR                                
19700820-163525FIN197031970070119700820    1470165462.18     840482040.60       20.58       18.74        0.57      44468544.63  739382745804.40    6276644834.84     40830257     448596320000000065
19700821-071216FIN197031970070119700821     301722820.83     166106215.43        1.28        1.15        0.55     918856087.03  351759936115.17    2189859245.69    129835068    1445443770000000045
19700821-125922FIN197031970070119700821    9271700269.97    4195783921.81        5.22        4.51        0.45     580756561.62  643398607481.03    7092424107.02    803955766    9295661770000000050
19700821-131638FIN197031970070119700821    5721825396.58     668768049.70        1.29        1.12        0.12     316209793.35  922519264780.40    9121142215.22    519060330    599107651SPxWWxntruWsXkUhrLeUTFIRwNluEpnOeOAYsCBLnc                  
19700822-024112FIN197031970070119700822    5507657231.99    1366957792.01        1.96        1.83        0.25     367773024.04  479184808351.25    6080740898.40    698387787    747477894yzVtIWYoRQKKPNbDwXqdBMdFXWIZfiTteG                          
19700822-210403FIN197031970070119700822    5002513605.10    2071110294.30        5.85        5.72        0.41     996721179.29  558291197441.86    8533928943.74    354153606    3623773770000000008
19700823-080511FIN197031970070119700823    9405973637.72     478537995.83        0.51        0.49        0.05     389512835.63  787542906689.25     184934867.40    930296573    9694911770000000119
19700823-092641FIN197031970070119700823     789158000.21     454089544.95        0.64        0.56        0.58     549093084.15   15257730550.70    3663471109.29    704095672    812219892nJeCzbUuGqxTKWAoQUAHEtBPtJA                                 
19700823-145047FIN197031970070119700823    5424229963.27    1717786573.75        4.26        4.22        0.32     567703707.32  162741391212.17    3718944085.98    403133647    4066269380000000036
19700823-213054FIN197031970070119700823    4877989515.31     233469481.14        0.31        0.31        0.05     727393404.71  971523774127.83    4528612181.34    743807058    751705045hJTjBraMaWddGWF                                             
19700824-102654FIN197031970070119700824    6029358037.11     189047336.85        0.27        0.25        0.03      29392790.65  924265495808.48    4868752156.82    698928889    7477924840000000157
19700824-212415FIN197031970070119700824    3961626775.94    2720509391.08        5.02        4.27        0.69     136636867.42  288189617791.94    2175262311.50    542049932    637242387GQgODZYcTEajaEMYDrWGoMdiJOENBaMGcnwYwuNTRPoOXXVjWD          
19700825-054615FIN197031970070119700825    2860524466.75    1436793133.35       13.34       11.33        0.50     676629559.91  405653924278.78    7550301748.99    107703813    126826400LRYKYZXBcxmTSSowQAFUfTJRSoIvPgvimQgPedHDROTgzAImiQMWqxVFPKu 
19700825-061533FIN197031970070119700825    2780631472.84    1295088672.60        2.33        2.14        0.47     584020585.81  860342307450.52    1283289776.34    556103944    6048515060000000193
19700825-082738FIN197031970070119700825    1311358658.92     639028747.10        0.82        0.76        0.49     189540505.31  909205822816.14    7187594797.66    776133183    840497696JrvIZAzWlMCTHGbTEAUdbBtPiFGrTXDLPtHHrjDyTiEWmrrZ            
19700825-135032FIN197031970070119700825    6150040278.04    2314608040.72        4.18        3.66        0.38     619768091.69  299323758385.49    3736322431.98    553405293    631859721PJfOlXRPMTdOuTIMAy                                          
19700825-194645FIN197031970070119700825    8283102768.06     210273232.20        0.36        0.35        0.03     564402254.41  312551249210.62    2795181825.76    579059326    596827946BCRRYMzpoAimKRITzLWLsoomeKjnZvguJDE                         
19700826-134402FIN197031970070119700826    7391418630.15    3921106030.37        5.33        5.15        0.53     935355857.01  711108066080.07    6563954572.88    735856787    7612291120000000188
19700826-232257FIN197031970070119700826    6259249079.42    1226300010.88        2.81        2.80        0.20     918638008.79  748572351594.10    5406231504.19    437039012    438188593KsLBXnElVKdTMXGCGoOrJDQaBpHiZwbprNnHXjI                     
19700827-183520FIN197031970070119700827    8285633165.89    5788140274.51      185.32      166.05        0.70     368123450.31  706677036634.33    4718810155.92     31232810     348584690000000072
19700828-043930FIN197031970070119700828    3577943120.77    1317774197.05        1.69        1.55        0.37     987806626.77  138005113151.62    9180354721.63    780398285    851103950AChNrBRFTkjZjDXSGVlG                                        
19700828-141208FIN197031970070119700828    9972201896.88    1266105646.73       29.69       26.93        0.13     762292773.68  459404076763.15     919105495.53     42643238     47010089DIPPjcmxrwIwYNRnOzSotzgUkufjD                               
19700828-161325FIN197031970070119700828    1561561264.86     792800150.08        0.81        0.71        0.51     155889006.63  778901314269.74    6627434613.95    979430036   1111015040RROTPAhGxBXCsDRWwCaoSoQOjzYvsXPjjDoaqguiSANJtSIiUgcJfFuX    
19700829-094538FIN197031970070119700829    3877359519.93    1221820283.41        3.73        3.24        0.32     342568754.11  539178396128.00    5783058458.89    327592302    376886569KoviRxUIRFITXCLew                                           
19700829-112848FIN197031970070119700829    4941786315.35    2014144991.31        4.20        3.79        0.41     546666956.77  176994051580.54     377390551.69    479080683    531661063CKqQGzXcNXMPWzzEAqHxSpCdCwJEirgSInSJOMkfzMBleWwhgbxmoVEVYU  
19700830-065912FIN197031970070119700830    8395141928.50    4565020668.37        5.46        4.66        0.54     527705440.00  216019417019.95      76383820.99    836682988    9796008540000000049
19700830-184546FIN197031970070119700830     643313098.38     292116909.69        0.33        0.28        0.45     701299632.45  786747125047.18    3130051220.54    884326949   10351145130000000112
19700831-031315FIN197031970070119700831    3224127149.91     285762573.97        2.72        2.56        0.09     525446065.22  140306796352.44    3725772922.34    105086882    1116274550000000176
19700831-111654FIN197031970070119700831    4504062639.63    1704391927.15       51.39       43.15        0.38     139577595.84  701806301648.97    9483796017.57     33167042     394992050000000009
19700901-014807FIN197031970070119700901     944089694.35     433524359.29        9.79        8.95        0.46     885595734.87  751183384638.23    1984139369.52     44292918     484334640000000145
19700901-070140FIN197031970070119700901    6409120884.26    1297886397.18       48.12       44.84        0.20     654762853.72  592881123057.61    5877485991.62     26969436     28942809JOlePeOMqNiWFtIikbYCtGoucRYkTNggTpiDSTEocDbaMdhzl           
19700902-012852FIN197031970070119700902    4315837649.93    1767640960.39      340.30      311.34        0.41     503494876.65  907164860088.92    2242980905.96      5194365      56775870000000205
19700902-072628FIN197031970070119700902    5956976006.42    3141492268.27       13.44       12.32        0.53     506028152.91  961528679956.77    7876095252.15    233774818    255057236URZBtUKnpDKKHZbOejdWhikbEaSqvjzvEtNLbCtShSSaX               
19700902-233833FIN197031970070119700902    4476148839.45    2047660231.88        6.68        6.53        0.46     245709282.99  361093580411.76    2231329760.96    306489248    313532576RSWvpXShAohbCnBYubXQUbMLtPavDHUQn                           
19700903-014936FIN197031970070119700903    9327180932.97    3123155913.42        3.85        3.83        0.33     956409523.92  556147521556.38    8578456775.59    811308667    8147296130000000095
19700903-022827FIN197031970070119700903    5113283630.38    3146438367.05        3.85        3.58        0.62     772162364.72  180013854543.26    2893893486.24    817815928    878495830rqMbvwSCBGYCGMEPKQeELcTKYUzuwRMWTqYPIirIgRbOCStxEXLeiAEZJCb 
19700903-032001FIN197031970070119700903    8106117041.31     711369180.08        0.77        0.65        0.09     490358184.21  447652547024.55    7236460732.10    928107567   1097913838GZYLRjrimaTBIzBBifAOowqfEgITGEQXq                           
19700903-171645FIN197031970070119700903    6375068383.42    4125734106.56        8.30        7.34        0.65     139472946.76  711662628079.04    5967313454.37    496953990    5621145230000000047
19700904-054807FIN197031970070119700904    8088929473.71    1388906591.30        1.67        1.44        0.17     999395982.72  475810837400.52    8452784343.85    830448837    961920438HEGOhdnxjYISpGXhRRUQahEU                                    
19700904-232721FIN197031970070119700904    8281566821.47    3787320052.79        5.37        4.62        0.46     680577674.54  648582053135.70    8553809342.77    705186238    8195034010000000034
19700905-123142FIN197031970070119700905    3191957339.01    1790074664.77        1.84        1.57        0.56      33861781.37  385467477647.12    8632457512.44    975271294   1137580569hLVgKYfIAzFOLUtDEVziLsKZDBUvAfdYDovfLNhVCUwSfIDPgAjrqNO     
19700906-012509FIN197031970070119700906    5976400042.23    2418867789.27        4.36        4.02        0.40     718563734.94  219917513842.04    1156524240.12    554677289    601703814RLjhtKlUmfoJhUDVTLrWpRzHYfKThEqzhoWNaWCnyGIpnDFEVgaiwbbY    
19700906-031059FIN197031970070119700906    5773584519.31     655863498.58        1.02        0.97        0.11     465052844.79  283745291438.67    9972841870.09    643658466    6772978450000000053
19700906-180514FIN197031970070119700906    1666154817.60     283937900.07        1.45        1.23        0.17     194748222.43  592926003716.91    3950255956.08    195206855    231541596SJyzkTKNVmGtmiE                                             
19700906-195354FIN197031970070119700906    5205613890.37    1465583230.76        1.84        1.79        0.28     353319512.44  783245375394.12    3886033192.77    795108819    818180525jRhDJJDxLPxUEMMpdhzdZNqRVTuzMCrlMcwMsdHNvIEBwDfErPG         
19700906-223413FIN197031970070119700906    8542712009.71    5881687166.09       12.10       11.97        0.69     207136717.61  601973839364.58    5931318922.39    486075861    4911745570000000035
19700907-080723FIN197031970070119700907    8077522307.56     469477105.04        1.18        1.08        0.06     421743069.32  849624784816.45    7128016170.89    399058482    433844069dTeGxDjIdTKaDZkEQ                                           
19700907-192516FIN197031970070119700907    9289767062.45    5332079394.46       14.23       12.86        0.57     106158792.55  361934036542.87    4546880680.75    374595107    414689333LViVEKgsrKwCVrgOwkPeRFPWWpkHCZiTNGXGkVsAVwjm                
19700908-134220FIN197031970070119700908    6533974063.55    2209929137.81        4.57        4.00        0.34     230007517.86  863195448929.49    7145110857.54    483602844    552449941EVUsfGZbFTVUBMUvYJxLFJecNoRUrFGd                            
19700908-152332FIN197031970070119700908    5424122542.26     364960105.03        0.57        0.48        0.07     687929497.83  290664248141.11     381031562.41    640819351    7530918660000000172
19700909-095302FIN197031970070119700909    5248888208.25    2603566697.87        4.85        4.66        0.50     504435469.89  525783503227.68    4379705584.80    536703304    558828046pmVFtISJNicSLMLBUTybzczhOfHObPpMYpBqjAaxrDHJ                
19700909-115243FIN197031970070119700909     294020284.69     142266228.99        0.17        0.14        0.48     906782479.32  618979885162.68    6870749107.98    853383813   10108826380000000021
19700909-231018FIN197031970070119700909    5260415902.28     555181507.61        0.65        0.58        0.11     163058220.65  988227696105.44    4635970129.83    851193901    960336395PAKPEEUQmMEQCIiKNBmUEBtPfusQRkopGWWnKXMrfXJjrgUvxcuTzMgPK   
19700910-042404FIN197031970070119700910     100580163.33      56359988.52        0.09        0.09        0.56     313849131.97  140253217912.50     626927285.66    646414805    660548629LKCNUwwVcHHCDVwSxILaphVOqaSQACIMfdTAl                       
19700910-131034FIN197031970070119700910    8299398789.60    1375205492.35        2.61        2.29        0.17     835761976.97  483441570092.11    7751139572.58    526881763    6007919570000000000
19700911-002129FIN197031970070119700911    7016730069.10    1570812437.04       12.24       11.72        0.22     518887912.64   78845878105.60    1592842866.72    128373255    134039627hcPDGWJeqNhVOJEHQzDTICfkFUCNaLlcnCkzQvSJALfIzRb             
19700911-031227FIN197031970070119700911    3978082275.50     861285873.05        1.04        0.87        0.22     333990744.92  374973938844.37    7891741726.58    829295590    989456695KmmVMAnFFPQmIEPRJFeYqLOdwxWQuDObsQcTKGNrrp                  
19700911-142223FIN197031970070119700911    2252281105.22     124142129.84        2.20        2.01        0.06     605071305.64  990083337262.69    7631555111.43     56450606     61664958TxTPsLmGwimWWXASxFWhHELRSjbULIsdFngWTKprXoTR                
19700912-024924FIN197031970070119700912    4161298714.12    1454738937.66        1.94        1.87        0.35     557115058.42  922645610764.14    1981714634.97    750554321    776020087FQCxtQRoMnVlnjwEERVRrjOJDAIyWTEKGCbBNsvTNBMQXXA             
19700912-074240FIN197031970070119700912    4379913329.51    2521666252.18       13.12       11.31        0.58       7403992.46    9903558431.00    2633219230.64    192268329    2228652730000000007
19700912-081404FIN197031970070119700912    1081274156.18     307879365.76        0.31        0.29        0.28     304918333.85  313447376514.95    1036716692.56    990250462   10467254660000000190
19700912-130855FIN197031970070119700912    4182970763.04     417566662.23        0.44        0.39        0.10     388059410.81  781542735572.14    8775542969.74    942200870   10695550590000000015
19700912-235129FIN197031970070119700912    6758794646.89    4252732856.49        9.36        9.31        0.63     515659171.11  810727556745.13    2638763115.44    454238935    456622619VZFBRwvFHyQCUMDVoBLLIIBmacVsHPTyOUvhQJtRzByXxTqcURyaA       
19700913-182441FIN197031970070119700913    9194509135.98    1973597392.45        5.35        4.47        0.21     933392051.71  752485813990.82    6579567868.89    369128375    4410788040000000128
19700913-222527FIN197031970070119700913    8299284000.33    4880882075.44       10.60        9.74        0.59     691387597.56  254610892059.22    9431185490.59    460389869    5008811920000000184
19700914-081447FIN197031970070119700914    3649560897.73    1290581467.18      172.54      162.97        0.35     239848893.86   73224379413.65    8987052794.32      7479921      79192540000000161
19700914-122901FIN197031970070119700914    9253162320.43    5726364076.09       20.55       17.39        0.62     446747558.39  221079838287.30    2735997298.03    278598788    3293851780000000183
19700914-182231FIN197031970070119700914     813246923.60      23814723.93        0.03        0.03        0.03     735043701.26  869940430681.68    1522048545.90    719434309    773598992iygCnruNmmiRZKrPxEHpuLAIrZIVgBcvWJzjzMNW                    
19700915-140016FIN197031970070119700915    2652666563.51     838872931.29        3.72        3.59        0.32     952944264.19  390615548442.48    4161568460.98    225452807    233967635LoSyvUwXvGnKexKhSbbtArGnpUcArarLDzSDOEMMZBwKPwRuADFxSFJ     
19700915-172905FIN197031970070119700915    1840599193.48    1280118233.30        2.13        1.83        0.70     679216051.77  874139722732.85    5920046060.40    600135415    7008869660000000098
19700916-123928FIN197031970070119700916    4337669230.26    1723260533.79      261.34      227.73        0.40        364443.42  348787580455.44    9117090808.30      6593952      75671730000000020
19700916-130436FIN197031970070119700916    7869703287.59    4654245648.28        5.38        5.36        0.59      62468314.71   66893094170.87    8172583692.56    864497793    8678309250000000069
19700917-032429FIN197031970070119700917    7119707529.19    2224659206.92        2.59        2.45        0.31     375039182.87  286051765305.10    9284972052.06    858331254    909552240jUcWBvgxKjCwRpvXoIjBbXiBA                                   
19700917-160700FIN197031970070119700917    2603765192.05    1558936261.99        2.38        2.04        0.60     698558299.98  200464678895.33     638496183.82    655025014    7624056830000000144
19700918-061008FIN197031970070119700918    3923960982.79    1255446744.96        2.03        1.77        0.32     871943719.43  243212640048.88    7305706475.79    619612868    707570733YlpZAosXzsuvTxMJSRMUB                                       
19700918-092131FIN197031970070119700918    8124499442.88    4279793104.82       39.79       39.43        0.53     727071252.27  422332077223.52    3280091461.64    107552873    108537944RICOfhFDpPHwKRHsmPHYTpTzGDeJMQruPEEdPICrMiweHGwOFQYNoQXZWIjN
19700918-150840FIN197031970070119700918    9111995233.73    5326778237.57       50.76       45.56        0.58      68590824.15  638723664049.17    7744702015.38    104942665    116907424xtCKWBjqUKBQIRxNAFhHNGkothLlKEOJLIDZHCCNWPKwSBnHHcnYM       
19700919-003038CMPlKuICZZKIDMXlDyhjCaIFqBluEJVAjYEB                           0000000208ACTVOWAA  185602011681 Ketch Lane                                                                                                                                                 90779       Newport News             IA                  United States of AmericaCestone                                       tA LdGjldespUFAFmVKiSeNyVMFLECdQxIRDGYNRgxYRvEPOSMHtMwlBuzJLVQGPQxkvllWFuWAQWFxcDzOUJYHneTl                                                           
19700919-195425CMPvDOkAbyNyfNiUAoMMxwWWTIWEYeJPfPRnnjcwmlWawDedDa             0000000213ACTVRBBBB+1893062816983 Flagler Drive                                                                                                                                             06609       Orlando                  MS                  United States of AmericaBenard                                        FcHLiJQ nHHMaHCkQKAQKTskAcfotRTpOklWbkpGVDPAZGciLabGMgTYPoiKysoTHzgVIPABrOYPJPAHbhNHev bJeAChIFcPFxtWPEUKnUgZETpYzBelndOqeRflCPSzmLBGtxs              
19700919-234459SECAAAAAAAAAAAAAPFPREF_BACTVTACoZlXnQ CKDTlqsjZDLAXeXKFIQNZNuveZWfMkaKCDKJLIEcGpSQEONaCVrc        PCX   992488140    1949040418800603        2.850000000158
19700920-020027SECAAAAAAAAAAAAAPJPREF_AACTVuXBwSJYxiZZdNvmscPVxCPsPjmaMPKrSSgxQE                                 AMEX  367407729    1856051618850922        2.92IYXYDYXzMPNoklZTdipMzRqgCNIOKJHazWaAqvQYkNmrDITClMRGjaTm    
19700920-110311SECAAAAAAAAAAAAANGPREF_AINACOQmvHmDfIIgTXdSnIYrOGspNKBCPRHpQRSpETyrKDMVnnxtskeMmFGEbmeH rBwY      AMEX  364222386    1852012719361013        2.900000000157
19700920-152647CMPjEDMMMXIiuBzANZHiHyWmFFHVoTLvwUegqgIIMHlatdnrNCMwtJ         0000000206ACTVIVAA  187707178989 Spicebrush Street                                                          Suite 247                                                                       90802       Hampton                  FL                  United States of AmericaGratton                                        jCnONHRgDdHEbsHNUyVJgEIBrLfZinxlOmWHJhUgAKUMwqpslgcJOTExYEpnMKNntQpjpWVfzVHDIyUdnpcNUHMCqGqEgDxZuRCWsVnN                                             
19700921-110110CMPXRRaoTGVkESYUzgHljeXSSJwJXOeXA                              0000000211ACTVOOYDm 186803077142 Brandywyne Park                                                                                                                                            10143       Bakersfield              NC                  United States of AmericaHumason                                       ApHZKFOZdTPPAJTvbGsGcXqqsQrRQtmBVCICNStvGgwamnsIjaATQQBdoMeVAunQRZHAKSBBsMFicTPQhlHopwKzbyZhFxBQyN ECVeXDnfmOFITXqO                                   
19700921-170339CMPsRWWIhWVTcdKuZKNfeibPUSU                                    0000000201ACTVWUwuN 196701263664 Worley Avenue                                                                                                                                              V6E 1V4     Saskatoon                PA                  United States of AmericaLezo                                          hKTjMHKuLuURWedJqBJrIgYN                                                                                                                              
19700922-090219SECAAAAAAAAAAAAAOYCOMMONACTVQqipaiCgZNUBATgUJUDdskZrmXpZKEOmEuVefJHjDMiGM                         AMEX  580011496    1858070519590618        2.180000000205
19700922-223223SECAAAAAAAAAAAAAPCPREF_CACTVSujzGOCYGbLdQHBQRnaOumeOAgENk                                         NASDAQ683692690    1908112019371214        0.320000000133
19700923-114236CMPVIwCayPvwhogOnJYXzNaeJARKVRQdTJzLSKMYmjqiITvCVKAMRRJCa      0000000209ACTVWMA   1858083018105 Buckeye Rue                                                                                                                                               V6V 1V9     Huntington               SC                  United States of AmericaLarriva                                       pFrGkSeAVOYlQMN                                                                                                                                       
19700923-153758SECAAAAAAAAAAAAAPGCOMMONACTVEmIKTWwqHzpUD                                                         NYSE  529042733    1935040319400826        2.160000000090
19700924-024122CMPXUhuCIMVvmnSqMBPsPTqVPeOhOJjWFWHqbzvsVmNTAFOvA              0000000214ACTVJSA+  185804055899 Bonneville South                                                                                                                                           M5A 1V3     Omaha                    RI                  United States of AmericaHaflett                                       oYdJvGVLKEBOIVnTWuKyzCydLLGKyFUgJMdINUEFSLkiMgd MEVVAxMfwtQuRFaeFQXtzeUNZuRavCL                                                                       
19700924-153504SECAAAAAAAAAAAAAPKCOMMONACTVdQCqGxBSIjhPAKxKPtCQAkJwZoOXh                                         AMEX  811172765    1958040419110228        0.83PAKPEEUQmMEQCIiKNBmUEBtPfusQRkopGWWnKXMrfXJjrgUvxcuTzMgPK   
19700924-201239SECAAAAAAAAAAAAAOVPREF_AACTVHoflZVqBaE                                                            NASDAQ930104826    1926021519440211        0.21EKxtQJAcqNDYsGjPTVlSMPKGHLQauQwSokAAzptqRDUgdn              
19700925-114913SECAAAAAAAAAAAAAOZCOMMONACTVITOzBDVKqtdaqKVKDhVVBTmLMBq                                           AMEX  955208692    1881101119271222        2.950000000057
19700925-140438SECAAAAAAAAAAAAAPDCOMMONACTVLtevtcegDQOMPGIBXFUUgHIIcGfBNk                                        AMEX  42064304     1918111419600527        1.850000000155
19700925-225334SECAAAAAAAAAAAAAPHCOMMONACTVfCWfxQoTHhbtHZTlBCRhULeloDKNABGxqMwGzGShWFVTOS                        NASDAQ888194595    1885082719310512        1.41SAFZEJLLiMLuOrGrCmR                                         
19700926-175915SECAAAAAAAAAAAAAPLCOMMONACTVFRGoKFBizOdNoEHaVEZhsPHNI                                             NASDAQ997441054    1908040818571024        1.33BzijSDvPCIJvDDDXrPdu                                        
19700926-234241CMPsPFpJfRunRmoHacLH                                           0000000207ACTVAEB   185709252756 Brook Meadow Court                                                                                                                                         83720       Atlanta                  MD                  United States of AmericaRacano                                        HQhWREuRuMOHBOqLsAlsgXltKUGHRJUWNMhsTaqzXtRHKvAkGQYMiXVMbvGWEqUBVdAcfaidipe                                                                           
19700927-163004SECAAAAAAAAAAAAAOWPREF_AACTVNcAjrRVQSDflQlWAWVCyUCXATxZiJdznNrveXGJvUSSqozUQb                     NYSE  964496373    1889052418761014        1.020000000189
19700928-004802SECAAAAAAAAAAAAAPAPREF_BACTVRiMgVeaYILcyHLGCCbLNsEVL lyRUCTsqa                                    NASDAQ799709382    1876053019370625        0.30HEvjYRLWLhRJTUgTBETibpNyyFyPDERSmCAIRWwtnGbQOFZqk           
19700928-053616SECAAAAAAAAAAAAAPECOMMONACTVHDLzHMNJovIHlErLvdclwKWQxEUwxcMatvpmIbfosnUIivBDqFMMyLaJc             NASDAQ806864424    1964071119271127        0.170000000154
19700928-143410CMPqRAMrJWYRgHUIFKxEZjraB                                      0000000212ACTVCLw   1891081619381 Towerwood Crescent                                                                                                                                        85088       San Bernardino           PA                  United States of AmericaAufderheide                                   bYlAWMtVCrstquDVrVVHIdDURA IFXuJdtvHoiVYSEwRiVNGkpNuiVKTALHmJWQIbMIHAsGrlBhuoYfOEiBJOvELIKShXvvEkYBxdJxnTHECOFmGbEYRm RVQkIMtWQKGzU                   
19700929-021003SECAAAAAAAAAAAAAPICOMMONACTVEEBsOUzyvFnQFzVOuCXXWaTLWZgIQGrLk                                     PCX   607253022    1949072818830214        1.32QPoUnLDTrDgYSUKWmSCDOMHFQOuOStATjAIXdgAbzman                
19700929-174036SECAAAAAAAAAAAAAFHPREF_AACTVzQFonjMGvVObJVXUUOqj                                                  PCX   2536080      1882060819300506        2.70wiFRVPFqQNGELjgHzDAyVoYLlCEZUsKnSGD                         
19700930-004601CMPqzuJbEnLbLOlOtyvsWNfYJGAxriKRxn                             0000000047INACARAAA 1960082512813 Salado Boulevard                                                                                                                                          92123       Buffalo                  PA                  United States of AmericaOsika                                         FpAOLLNSNKaXUCbMvwmwHdpRG AWWaTiLIfMkCLXxBXhqllMJTPEZzBsNQPZLgPbafZAETPdrzATLKIZvUTUvPJSOBErgAtIckLlYYUVAl                                            
19700930-141900CMPVcbAKPfBIpRdEaWhZBDoBABArjGqRCPYqanHvstLOVuMQC              0000000210ACTVRSB-  18931130995 Bigwell Boulevard                                                           Apt. 437                                                                        02908       Berkeley                 IA                  United States of AmericaAtterberry                                    tmAspXfAOLbcFESrehI lNIBZBGTCnpYPXVaabTUwL iVvyMvcoDlcutXVMKO ubkgtRCIuVUKPmDPBHrNbFqumzrupPeZyXhFsXRxHQdqFICKVxJPHgEIQxCUdCNqufwlG                   
19700930-145051SECAAAAAAAAAAAAAOXCOMMONACTVVDZuHRXgTMIJeES                                                       PCX   736456230    1953041218850305        1.950000000091
19700930-162945CMPWWZnPQCzopSOWpJARPzEqydPAK                                  0000000215ACTVCXBB- 1924090624036 Starling East                                                                                                                                             V5A 1O5     Chicago                  VA                  United States of AmericaPerrez                                        xBq DZmziHJnFBQ GJoEAKGbDKmRDMEsKPYkmtvy aVpFWIrXYEhkmCv cJUBwsMbWryoDOxCOYMNlRWlcMTwBE  QYEnTTSHCWPqHUwpHBAFktCPVdw                                  
19700930-235958SECAAAAAAAAAAAAAPBPREF_BACTVoXMKXxLHhYAEFea                                                       NASDAQ481121959    1952072219510106        0.95MDjVavoVSMeRlCAiXqmFZzvARFaNTAslRoYCUeWRGOXU                
