19700401-141524FIN197021970040119700401    1092651297.89     357940488.40        5.62        4.85        0.33     249796833.72  636798793459.34    9724731905.63     63709358     73736838aJZDEsbtUZIVIFHQlUkKimBOIJCkSOi                             
19700401-174109FIN197021970040119700401    6366573394.39    3894374484.86        4.50        4.19        0.61     559761909.24  906196655811.79    7198648104.53    864761266    928751742KoviRxUIRFITXCLew                                           
19700402-003255FIN197021970040119700402    4421910608.26    1023290140.67       14.48       14.05        0.23     308833226.73  813513398370.94    9378654465.04     70682988     728515990000000188
19700402-160022FIN197021970040119700402    9832224844.27    4030096466.29        9.85        9.21        0.41     251896821.05  687282718532.73     520845908.76    409199042    4376134550000000030
19700403-031551FIN197021970040119700403    4623976156.93    1452578481.81      164.11      149.61        0.31     545445213.09  658369750527.35    3991107492.85      8851397      97088890000000051
19700403-124151FIN197021970040119700403    8106159591.60    5081470998.43       11.37       10.33        0.63     386299689.61  162274636248.79    5034611871.28    446862295    491792484JrvIZAzWlMCTHGbTEAUdbBtPiFGrTXDLPtHHrjDyTiEWmrrZ            
19700404-014711FIN197021970040119700404    6932359473.99    1718285803.49        4.34        3.82        0.25     733113799.67  959332933659.10    8259768283.46    396177967    4500831030000000036
19700404-015013FIN197021970040119700404    6405934864.33    1535527540.14        1.95        1.87        0.24     662166491.73  892810148533.66    2064250502.67    785457226    8215886050000000050
19700404-071824FIN197021970040119700404    9351835333.26    4640562720.60       12.34       10.90        0.50     780158591.66  645993926984.87     394115336.82    376012966    425741031xJLQVuTFshRimMWvovlkhREDPsbyCEbOPAiHlYQoNpMfOnOS            
19700404-204458FIN197021970040119700404    9505593448.81     928542225.03        1.02        0.91        0.10      55371379.94   60506742403.17    6573092371.87    908023011   1024850549AYrIhMoBIgUBkRdxKABPjIIShjxFyaWTAsK                         
19700405-020029FIN197021970040119700405    3499979794.60    1496389769.74        2.12        1.87        0.43     965212061.97  629042392831.63    1825613605.88    705990238    800605594WqeiYOFGTjVEbfOBYccBfxuAwwzR                                
19700405-193303FIN197021970040119700405    5815845206.60    2392162826.68        4.36        3.79        0.41     819978568.38  522354697136.48    3037749342.99    548245475    630974986qKZmxEJdJHmHxmqcMqVLIgrwrTMFGSYepLzRROMkSDC                 
19700406-013015FIN197021970040119700406    6884020449.26    3871072167.63        4.67        4.06        0.56     634352716.04  726521121654.87    2720035813.83    828812595    953959297VRCqMDchijxAuePBgjywAGgqrVRBEFpiTlAyRVbIdJsaEVtlYWHXc       
19700406-033037FIN197021970040119700406    5870830199.98     681638769.79        3.26        3.20        0.12     737855362.81  976112538026.72     551903306.04    209180756    2133179200000000055
19700406-131639FIN197021970040119700406    9055531667.95    1278551576.02        2.14        1.81        0.14     552339643.42  113438925408.74    4793934485.43    596264749    705019934HxzoYsDAKSPENhVFhNKSkKmGIMCcGmnILQJPtbDNGKngRypBIdcTCrF     
19700407-033404FIN197021970040119700407    8262422862.94    1392709461.45       10.10        8.47        0.17     126857202.73  783050916432.25    4489948403.30    137895469    164343653xUJWMEEmEMdIWSDGXW                                          
19700407-105302FIN197021970040119700407    6342000148.34     146846636.74        0.42        0.36        0.02     272051629.65  393366151990.80    7705796378.59    349817124    405658688QTlJJPTwTIKGjWucWLFdQIFqUFDViLqZHmopzBSaxPctxonmQDYpdPzwRDD 
19700407-112607FIN197021970040119700407    7443987695.36    5203869881.20        6.65        6.13        0.70     146972204.28  617074274358.57    6755881362.33    782495080    848325072mBRtpjNBECQCRiWtjEutqI                                      
19700408-052553FIN197021970040119700408    6175111764.87    4085184508.88        8.31        7.11        0.66     384973591.88  226898607079.48    2628576110.07    491359320    574482252JySpXSUPXXRQAhXZYVXuSJeBKDIpCmynRTiStS                      
19700408-175705FIN197021970040119700408    6424804093.22     192148037.44        0.19        0.17        0.03     986885999.87  322239189834.89    9560520368.98    998880107   11564193230000000059
19700409-115627FIN197021970040119700409    5466048152.73    1592603654.31        2.47        2.25        0.29     737368376.83  808288667144.27     963877059.71    644493753    7078181110000000086
19700410-005807FIN197021970040119700410    1655274206.91     194685131.47        0.70        0.67        0.12     787485749.32  735043724631.40     270781267.65    278458181    2921457990000000041
19700410-045452FIN197021970040119700410    1249443474.77      19263681.68        0.06        0.05        0.02     940476855.41   90599787865.70    6534904686.56    331644311    3748605630000000167
19700410-171458FIN197021970040119700410    5111575616.08     240244577.33        1.15        1.05        0.05     408825567.08  634337335994.30      67718313.19    209317384    2294190790000000006
19700411-035348FIN197021970040119700411    6690454870.46    2540313553.10        5.63        4.80        0.38     828291788.09  486925727635.42    1435600096.26    451414323    529139104KJhQqvrlpQBidNaiKSbeNNikTGFNyqfAokZNpWiMnQ                  
19700411-125948FIN197021970040119700411    6298585843.00    2880836249.00        5.36        4.82        0.46     747164923.45   62580910564.75    5172878388.32    537866750    5972952900000000083
19700411-152023FIN197021970040119700411    2558444250.07     144131801.45        0.56        0.51        0.06     768206559.38  171342413540.87    4081237075.53    257620964    283347658rBMPHLouqFXXMgNIhGTqVDHGAsCbGzEmOWSDGxBXmbKbrEI             
19700412-064312FIN197021970040119700412    5260674762.08    2924547909.65       34.33       30.07        0.56     880032942.09  368890595876.83    9327965992.80     85200048     97261244JSKnyzjayIuyPFBDYKGYmQJJJALMQVJRXBsXrxUvvRsgSBaOEnDcQEgzHT  
19700412-143909FIN197021970040119700412    9945934842.54     914696755.19        1.47        1.42        0.09     141807355.95  194323053874.19    7586385645.06    621653799    646260071qKjXPsBHCteFFjjVUJyGXLGVDBNKBTSUHGZTe                       
19700412-190553FIN197021970040119700412    3613858328.50    1371380974.41       13.65       11.45        0.38     207498682.77   41370348700.39     744116664.00    100444513    119788548YwfZSzCHnIqSMrTYCCEtVKrNxTKQsq                              
19700413-114744FIN197021970040119700413    9446178928.32    2487641617.39        2.89        2.43        0.26      45769089.05  198520255137.58     560220758.84    861284845   10238827840000000171
19700414-013047FIN197021970040119700414    5017627611.80    2011993218.63        2.44        2.23        0.40     372850938.16  781511727145.12    3650789632.26    823222293    9030105070000000115
19700414-180755FIN197021970040119700414    7141662277.58    2668047701.15       10.08        9.28        0.37     753188337.80  770199524205.64    6067458264.03    264658555    2874330050000000165
19700415-075838FIN197021970040119700415    8741535835.43     650583005.52        0.70        0.64        0.07     235867159.28   33593717206.56     706551328.82    923399101   1019916056vnbESGDLPDBDVwsKNSXPqRYLGXjuxVJrQDsEcEVAYIyXWMFThaGbMIZNd   
19700416-012031FIN197021970040119700416    5040784600.60    2570756497.74        9.52        9.09        0.51     489114627.38  318608400178.59    2268304504.36    270130532    2827582880000000133
19700416-122708FIN197021970040119700416    5158892972.12    2315075490.05       54.17       45.59        0.45      65510079.99  379199648063.85    3142476766.66     42733947     50775511OHzaLyFKQkeISJnxSTeShaOv                                    
19700416-185215FIN197021970040119700416    4583853795.70    2712033931.67        2.75        2.36        0.59     634367714.17   65624710704.24    2453502025.95    986030506   1150129683VSvMNAtEDeXQNEDooBurhHTZUGXzfeRCZXFKsELbuDdCGvFheOL         
19700417-080955FIN197021970040119700417    4723795636.99    1780404731.50        2.72        2.70        0.38     156172095.57  727419156254.10    9608885553.62    655654863    6600607670000000178
19700417-102542FIN197021970040119700417    8813014883.45    1187666240.83        1.21        1.08        0.13     567910172.24  832434633386.70    1818667782.88    980274897   10998678080000000120
19700418-005753FIN197021970040119700418    6446185101.61    1132883797.12        1.98        1.70        0.18     642870677.77  787848918760.66    4918412354.58    571112447    664539659rkWTCsQbCPAUfRcKLCwMGTdIqvRSpGXQyDXxU                       
19700418-125847FIN197021970040119700418    5454965800.40     604790696.20        3.28        2.96        0.11     496950554.55  507186239153.11    7800171296.67    184307517    2040502940000000039
19700418-133034FIN197021970040119700418    6116818857.02    4054879077.48       10.91        9.14        0.66     708285068.78  438192945884.83    7209937673.91    371761241    4437802660000000152
19700418-205019FIN197021970040119700418    9722578688.96    4793032600.42       17.85       16.09        0.49     319835451.84  522852387208.47    8760609184.72    268471244    2978586670000000062
19700419-045111FIN197021970040119700419    7834999935.99     436138102.95        0.46        0.42        0.06      39043623.77  787096176852.93    7406514055.15    945603252   1034330488IBCqnhGjFJlbBaLpCfWlwAwAXuFGAsRugroSvLEF                    
19700419-072937FIN197021970040119700419    4390696934.53    1398711005.65        1.80        1.59        0.32     603482059.85  635841363529.65    5401756698.73    776234932    8791591610000000023
19700419-174326FIN197021970040119700419     230232611.06      74058081.05        0.17        0.16        0.32     397490251.14  318113069195.84    9595688820.03    434029476    4743459090000000090
19700419-200026FIN197021970040119700419    6301589462.22    1322580670.57        4.23        3.65        0.21       6119638.44  635534749209.54    2882732364.64    312492617    361921651jLCjOYaAGVEUrxGtMU                                          
19700420-130953FIN197021970040119700420    7017995548.22    4000385597.65        9.29        8.24        0.57     738594836.19   12302552174.52    7303194532.72    430424389    485497676RICOfhFDpPHwKRHsmPHYTpTzGDeJMQruPEEdPICrMiweHGwOFQYNoQXZWIjN
19700420-141721FIN197021970040119700420    5908518995.39    1995696175.97       11.01        9.90        0.34     602966117.69  925676118260.05    8234628374.71    181230749    2016040760000000098
19700421-021613FIN197021970040119700421    6727737637.68    1700627613.03        2.93        2.63        0.25     236295657.63  142491360375.66    6949943214.51    579684618    6464433100000000128
19700421-185134FIN197021970040119700421      82526377.39      41723383.73        0.13        0.13        0.51     274947792.77    8060525565.50    7832715439.54    314989730    3266888130000000173
19700421-235345FIN197021970040119700421    6355024822.22     908060003.70        0.97        0.93        0.14     725087466.20  644699629498.17    9357699212.53    932931147    9796680720000000183
19700422-011238FIN197021970040119700422    8703286903.24    2236750662.49        3.38        2.87        0.26     199968298.53  595028940426.58    5286873447.20    660935248    7796119900000000190
19700422-052350FIN197021970040119700422    9599901240.87    2635063613.12        2.95        2.56        0.27     521553156.94  608076531547.42    8841434732.67    894142998   10302078740000000000
19700422-103955FIN197021970040119700422    3130518500.46    1679320695.96        1.80        1.70        0.54     228510655.50  117145948618.97    1223028956.93    930921189    9852640920000000132
19700423-022455FIN197021970040119700423      77543096.21      13111947.27        0.05        0.05        0.17     644040905.57  896927123070.84    5504737200.32    263126584    282773899ELRDIvILDRFhUOPlOdBNRoJISmXZkKmyFIXaoT                      
19700423-093711FIN197021970040119700423    3645044410.76    2220696722.54        3.51        3.49        0.61     194861404.53  643500652122.24    6819429336.81    632885645    636442753jmClCXBcZwINVyetRxHbWYRbsYBIFkuIGtecXWIN                    
19700423-213045FIN197021970040119700423     652504974.47     151054893.11        0.17        0.14        0.23     582821346.47  535263592644.43     527476129.68    914250914   1046462354sOinkIiTdaWTBlAuXFDL                                        
19700423-213359FIN197021970040119700423    9578506020.85     276461601.99        0.44        0.37        0.03     969971870.17    3000894999.83    5287985522.31    624915499    740215455yRPdOOYwDRIgGtBTaFzyuaZQ                                    
19700424-043213FIN197021970040119700424    6293937460.64     340987224.77        4.51        4.10        0.05      61367273.43   38393986738.22    5192701878.30     75546441     83148323RSWvpXShAohbCnBYubXQUbMLtPavDHUQn                           
19700424-164107FIN197021970040119700424    9805227445.83     664208040.94        1.09        1.02        0.07     426713831.43  995100386517.96    3674024887.92    612044154    652720806oHqcAiSKTrHsULLyJUDMmFLLtVnVfUxPcpvknqfqbnhFycoSbFZvePIdVmZ 
19700425-074759FIN197021970040119700425    1504154884.21     391105565.69        0.48        0.40        0.26     167007196.08   53674186385.91    6954697407.70    811221307    9700700450000000110
19700425-195514FIN197021970040119700425    3604188134.59    2277437731.97        4.82        4.49        0.63     499468465.03  738419604920.88    6297635567.83    472038142    5072433050000000017
19700426-132912FIN197021970040119700426    7092966829.63    1190105336.55        1.30        1.17        0.17     114185049.82  605701011121.04    3810175606.02    918473003   1015090177CKqQGzXcNXMPWzzEAqHxSpCdCwJEirgSInSJOMkfzMBleWwhgbxmoVEVYU  
19700426-231942FIN197021970040119700426    8807151512.43    3121041113.83       16.44       14.42        0.35     356484915.91  593981783381.64    6950639050.70    189871358    2164887310000000121
19700427-062038FIN197021970040119700427    9544580664.96    1686065911.00        1.81        1.63        0.18     803500749.73  593865296319.72    9536290656.55    929422331   10375201050000000029
19700427-161809FIN197021970040119700427     461787666.68     109928705.34        0.13        0.11        0.24     665652569.54  859202705879.68    6851723357.63    878688067   1027394570HEvjYRLWLhRJTUgTBETibpNyyFyPDERSmCAIRWwtnGbQOFZqk           
19700428-105644FIN197021970040119700428    4996096919.00     618131758.99        2.42        2.09        0.12     562800730.00  680937345750.19    1973568191.93    255010799    295445511PJfOlXRPMTdOuTIMAy                                          
19700429-015337FIN197021970040119700429    4659242157.92    1097043756.97        1.70        1.47        0.24     311603237.85  998110249063.64    8569096697.17    645560377    744341210hJTjBraMaWddGWF                                             
19700429-135328FIN197021970040119700429    8526600975.47    1038914643.15        4.42        4.35        0.12     893032944.02  177722751052.10    1891079326.94    235114066    238904075SPxWWxntruWsXkUhrLeUTFIRwNluEpnOeOAYsCBLnc                  
19700430-041920FIN197021970040119700430    7857536730.78    3076702280.67       34.61       29.02        0.39     467787742.77  945483893630.99    4914641222.39     88900499    106022343RzFPWFvwZRrSBSctRiMfHfNKAAwdNTjFVMI                         
19700430-085854FIN197021970040119700430    2018333275.12     574626133.57        3.30        2.98        0.28     309812265.51  772615634088.82    3999258356.77    174261375    1930059600000000044
19700430-212115FIN197021970040119700430    4561033870.50    2025205009.39        3.39        3.35        0.44     570447377.01  906957769876.88    9136615027.18    597349040    6045996580000000065
19700501-133358FIN197021970040119700501     240696340.19      10288716.12        0.01        0.01        0.04     937806605.49  618356983078.58    9079847514.48    778966640    8928743230000000101
19700501-133907FIN197021970040119700501    1614470385.03     756252584.18        0.78        0.67        0.47     597430906.03  261922983923.39    2151215714.37    966304453   11292096630000000181
19700502-070017FIN197021970040119700502    8786420615.51    1266356677.01        2.15        1.84        0.14     659672058.73  330877627732.73    9080731545.90    588580041    6900221110000000056
19700502-140701FIN197021970040119700502    1000903518.64     637219916.95        1.10        0.93        0.64     489323729.75  210526038771.41    9715503433.50    579280736    6871576230000000058
19700503-021845FIN197021970040119700503    9050532816.56    5246037175.69        5.40        4.57        0.58     768764078.56   24427223434.21      87549088.49    971053591   11485749510000000191
19700503-173420FIN197021970040119700503    9741096253.85     947399815.51        2.38        2.26        0.10     244020765.79  949805894452.35    1300234518.38    397293833    419060280gIOONPxnQUwBdFNEMLBUXdUbFPDWDVOVnWIIMRpOMbaMGipmCAICpjncsHs 
19700504-062207FIN197021970040119700504    4650958496.11    2448257304.37       10.63        9.95        0.53     431849591.54  979674214153.63      23910512.00    230369183    2461104630000000019
19700504-152457FIN197021970040119700504     711684375.57     474070313.47        0.63        0.63        0.67     368097982.07  856799858960.13     144198929.20    752708784    755872665eyGBByYTpoRbgjJdHtPbQdJTXrTbcWTJkSHlPvDAkK                  
19700504-215902FIN197021970040119700504    6949858615.03    3216064777.40        3.90        3.74        0.46     806845579.75  549247147881.02    8330738718.56    825108460    8608922320000000073
19700505-104227FIN197021970040119700505    4817652966.30    3155475994.29        3.58        3.50        0.65     592703935.87  633965659082.26    5377222604.60    881346734    901537811UfSHWSCITBCAOZQunWBPoRwGIRuCUoPSdEQARTADOJmAyACdfM          
19700505-104541FIN197021970040119700505    6382441097.37    3866814629.32        8.42        8.29        0.61     805100126.35  284520672660.94    7190479646.07    459345759    466166568YNouztDEEgVJnWzrV                                           
19700506-002337FIN197021970040119700506    4601709261.77    2205976822.58        4.60        4.58        0.48     490381162.49  277766360584.46    4527878657.45    479983188    4818391370000000040
19700506-170506FIN197021970040119700506    2850629836.13     352246161.61        2.35        2.25        0.12     299115821.04  707091800497.43    4513515331.01    149988020    156636424jnhGOQaSGPLzBRc                                             
19700507-071339FIN197021970040119700507    8864607275.09    3602450600.16        7.53        7.01        0.41     826294637.19  938176187613.90    8154164610.81    478221018    5138396980000000074
19700507-162828FIN197021970040119700507    2110440951.99     343315370.56       10.01        9.85        0.16      83762919.31  177962593649.14    8889464608.59     34284803     34844302kdkMSIAUXjfEwPBQSgTKSIKmszCtWWXwKGVRUzPODH                  
19700508-055456FIN197021970040119700508    3216846524.71    1674943634.82        2.29        2.12        0.52     853578075.77  186779953457.63    9414073681.56    730725362    7908798620000000166
19700509-002442FIN197021970040119700509    3780700816.79     485849230.48        1.38        1.30        0.13      21868177.83  487108351921.23    2572846256.87    353242138    3723665240000000070
19700509-172603FIN197021970040119700509    8829138480.52    1295541968.70        1.71        1.65        0.15     284462584.43   38816102585.18    2129610421.02    758315833    785661806PGDBgEZqRneMoLzzQWIWKPqUm                                   
19700510-031427FIN197021970040119700510    5411924396.45     811723897.12        2.04        1.81        0.15      13152613.41  410681299378.09    1174537556.45    398288303    448561413zSzyZVwpMSypTaf                                             
19700510-062238FIN197021970040119700510    2680565982.02    1716314324.66      182.25      158.79        0.64     917601562.47  257650803365.92    5141823088.85      9417122     108087540000000154
19700510-085951FIN197021970040119700510    1928671864.93     546478767.63        0.67        0.59        0.28     667863972.17   99207355682.11    4941549243.25    817539047    924888603ONhcAQwlnmqCCWDoczkXiLhbZXsEJrEEXDUBOGQFbkIMJyvn            
19700510-183922FIN197021970040119700510    3537217504.38     770537885.95        3.94        3.64        0.22     397931493.34  963740891939.92    8766903332.14    195490339    2119746640000000135
19700511-010432FIN197021970040119700511    9331059549.85    1263330683.67        1.45        1.35        0.14     255018633.54   97803943547.04    5235188015.76    871193408    938546301RIoafLXyzvuVdAypgRHDbVyCNFqJLTgbS                           
19700511-060543FIN197021970040119700511     914571554.84     204532062.47        0.38        0.34        0.22     735777747.25  872204796238.57    9452536472.58    542714005    5950957100000000104
19700511-215535FIN197021970040119700511    1575288359.80     185126344.11        0.26        0.22        0.12     494585519.82  911632680776.69    8661806885.93    708110341    849677994UOiPPAqTHALSquMEWyPKUQDUMJVXvMfKqTZ                         
19700512-004122FIN197021970040119700512    8079578709.22    1647387957.85        7.01        6.98        0.20     403665090.61  631906561136.12    1213130977.68    235156670    236108300XiKcfZmoGQnBHAdYEzmdTwSdbIDPEXDvLJbgRSdkrsLGrsJIESgMl       
19700512-024818FIN197021970040119700512    2652018376.73    1440200707.90        4.89        4.41        0.54     300684560.72  991044827886.24    8137587073.54    294586864    326714565WtLJlcZhUpnUJhcOl                                           
19700512-125007FIN197021970040119700512    1867905927.13     905751672.98        2.50        2.15        0.48     119083807.71  674355353089.13    5803036448.67    362664185    4203613080000000025
19700513-043323FIN197021970040119700513    9712011131.04    5666204219.03       10.37        9.39        0.58     328604440.13  295767860948.44    2124874739.48    546415420    6031802950000000016
19700513-065849FIN197021970040119700513    3495008828.40    1330607403.47        5.60        4.76        0.38     238136451.96  506254536464.63    3791239413.19    237594560    279410769QZoKTiXLKvPjulUWXMCUtVfATzbC                                
19700513-174450FIN197021970040119700513    5105356737.74    2435053490.24       65.26       54.82        0.48     378714281.21  156833542077.29    3195105662.34     37313966     44417842dGTSaPOJMHvtCCHelvrPOQXnY                                   
19700514-050701FIN197021970040119700514    8796843177.12    2512913728.74        3.14        2.87        0.29     600483283.07  658812228538.86    7288097989.51    800906035    874582861MCUMedIwKXKWmxZtjKLGmNhZVZwXLheDyjZaNegMuWB                 
19700514-124743FIN197021970040119700514    6990780850.19    1020140423.11        2.42        2.37        0.15     365974483.18  652381513869.10    3394271031.09    422123354    430711514XDnNdfGcCiNIOwdZoWMTZgVYEOsHLSH                             
19700514-185840FIN197021970040119700514    1754350028.25     133644192.13        0.93        0.87        0.08     292424892.74  694032158844.19    6457684602.64    144272181    154050064DhEFIsYSMqHQmxAANGFHPWdKF                                   
19700514-195350FIN197021970040119700514    9257461277.97    2449058008.69        4.51        4.00        0.26     331906569.91  987204339651.91    2164513549.06    543344361    612322082aaCRGOKapDAmHhNFT                                           
19700515-101408FIN197021970040119700515    9130725515.28    4993917431.27        9.65        8.29        0.55     818406415.45  596545770111.77    2331976563.59    517594226    602320529iygCnruNmmiRZKrPxEHpuLAIrZIVgBcvWJzjzMNW                    
19700515-133521FIN197021970040119700515    6066433334.96    4211601316.57        4.41        3.97        0.69     241697920.48   37311321150.95    3457255411.13    955552548   10597166430000000080
19700515-173944FIN197021970040119700515    1969338100.61     215604867.85        0.23        0.23        0.11     185557725.23  159669982616.19    6127262706.55    939382912    9488689780000000020
19700516-011112FIN197021970040119700516    7418246477.73    4714443587.27       10.64       10.59        0.64     904260063.91  390927567648.29    3407606595.42    442961157    4453126440000000184
19700516-043618FIN197021970040119700516    3548549441.04    2356837036.73        3.49        3.14        0.66     627022923.66  132104323214.23    5887361030.12    675490640    7496983450000000100
19700516-193548FIN197021970040119700516    1141308122.03     408486720.63        0.61        0.52        0.36     406116078.60  742937414364.52    1413227296.23    673392081    786487162PAKPEEUQmMEQCIiKNBmUEBtPfusQRkopGWWnKXMrfXJjrgUvxcuTzMgPK   
19700517-120434FIN197021970040119700517    4401388403.41    1597339686.58        1.93        1.72        0.36     423011664.52  566048907145.77    3274273651.91    829471846    9294716700000000015
19700518-054500FIN197021970040119700518    3815067255.04     553655105.98        8.72        8.21        0.15     928850642.27  484761762020.96    3440500306.83     63497345     67422859hcPDGWJeqNhVOJEHQzDTICfkFUCNaLlcnCkzQvSJALfIzRb             
19700518-121121FIN197021970040119700518    8129925730.93    4704564753.17        4.88        4.26        0.58     869849322.56  685077836650.14    1153118828.58    964516386   11046508500000000172
19700518-135541FIN197021970040119700518    9732771508.05     486823403.49        1.68        1.61        0.05     754704977.85   60369319177.20    9497535724.25    289789094    3028958890000000156
19700519-083701FIN197021970040119700519     232635743.45      78113569.57        0.26        0.24        0.34     205169694.28  907029290945.83    2884915098.66    296301541    3271079020000000047
19700519-155834FIN197021970040119700519    8022576632.36    2698500868.83       33.83       32.88        0.34     289438007.24  721606654137.57    6897067614.00     79769628     82072438qKRGeBmCgmRgpBiQpEFEbdIWFBjPxEfNXDuazKBKUXCkjdvYg           
19700520-011610FIN197021970040119700520    7280847519.76    1431837962.23        3.45        3.14        0.20     431183194.72  871183884859.82    5715118171.43    414639528    4559298490000000177
19700520-090222FIN197021970040119700520    7188814547.32    2852744925.40        2.90        2.42        0.40      16236794.34  646365736052.89    6832028574.78    983602680   11793423950000000095
19700521-023945FIN197021970040119700521    2646807127.18     234491792.59        0.26        0.26        0.09     537419055.80  496840235669.12    2099176116.39    885523369    896051663zZCyFkqieiPsUGvBJwvhXNW                                     
19700521-090047FIN197021970040119700521    3260999543.39    1168837347.85        1.35        1.14        0.36     753509216.94  857773565960.56    1402299026.44    865323856   10287750430000000116
19700521-111600FIN197021970040119700521    7747956735.27    4136529062.78       17.99       17.11        0.53     910821009.65  576745440841.93    6981428273.40    229938089    241718874BCRRYMzpoAimKRITzLWLsoomeKjnZvguJDE                         
19700522-015256FIN197021970040119700522    4580486491.37     871520884.08        6.16        5.76        0.19     204253032.58  258184445441.03    3125457363.59    141404344    1513954220000000049
19700522-105959FIN197021970040119700522    5491073093.20    1135989483.94        5.34        4.67        0.21     192929263.38  452511043820.42    7939645826.78    212665897    243490912YtvHEQBjudJlIIctWcFxmnzyLLXwZIjQbTYYSJjShQPPW               
19700522-182832FIN197021970040119700522    1636472034.75     928892685.74        1.36        1.20        0.57      54025634.53  443053200353.70    9066917678.29    683566265    7725767570000000193
19700523-125941FIN197021970040119700523    7732121328.35    3462150109.64        4.61        4.42        0.45     966210432.81  824435866341.12    7547667659.95    750893674    7824923980000000170
19700523-140409FIN197021970040119700523    6671864334.43    3451362947.48        6.09        5.67        0.52     839346656.64  560081427977.48    2330990228.55    566403679    608959479MDjVavoVSMeRlCAiXqmFZzvARFaNTAslRoYCUeWRGOXU                
19700524-072553FIN197021970040119700524    7385018431.44    4199009885.81       82.16       82.05        0.57     728451115.53  554114745849.19    6366510490.81     51109683     51178829NXYlMCOvkZMdSTGmlcsYmASEslwTXZUhRGxeSFvRN                   
19700524-144748FIN197021970040119700524    3668722602.42    1370400278.75        1.49        1.36        0.37     343094724.21  951159593813.99    3583734965.39    921564900   10044888910000000026
19700525-061609FIN197021970040119700525    4961826233.76    2309251884.75        3.58        3.14        0.47     242021676.34  359711082002.40     909148257.10    645868103    734970837EVnyFUGFEJmFNaFNVU                                          
19700525-215641FIN197021970040119700525    5720504984.99     416752422.80        2.53        2.15        0.07     724143798.57   67951903866.85    6531123022.95    164692950    1938964430000000150
19700525-225040FIN197021970040119700525    6184157271.12    3928766902.58        6.33        5.73        0.64     142020683.91  865748352920.34    6399210585.32    620689180    6857189750000000054
19700526-140218FIN197021970040119700526    1270240360.79     281443484.44        0.30        0.26        0.22     822428413.03  955664078744.82    8593440283.99    938590452   11029152450000000103
19700526-230906FIN197021970040119700526    4842964980.81     435716853.97        0.89        0.81        0.09     451980825.27  626848912571.69    2747729825.26    490827417    5372276070000000186
19700527-173433FIN197021970040119700527    4019049802.66    2634710293.27        3.18        3.00        0.66     622912782.63  140254115649.49    8353702398.03    828624753    878945601dBBCsCzeivSxrOWJZkMbNfLitfJSVqvvAy                          
19700528-022939FIN197021970040119700528    5261927283.26     466510803.99        0.58        0.56        0.09     627559589.43  585221797601.51    5212782907.61    803780273    827439037EVDrXsEiEnLdzKgVPyHxGfRHFwSXDLmBVPRuIGzcczcxVVXFnGDnNgo     
19700528-203921FIN197021970040119700528    2161748807.93    1286232062.22        3.02        2.80        0.59     248495538.04  735489987662.64    6368418354.13    425695099    460124295wiFRVPFqQNGELjgHzDAyVoYLlCEZUsKnSGD                         
19700529-045317FIN197021970040119700529    7402720957.05    4369302843.55        8.91        8.88        0.59     826161378.59  783896508273.88    2423549075.97    490315050    4921132600000000022
19700529-123914FIN197021970040119700529    7122547359.85    3689282271.89        7.10        6.02        0.52     561856078.35  202470897531.43    6605304693.51    519655823    612455410RhUQRxcjdEgKAzNIHpMnLOkaWYvDQqHM                            
19700529-181237FIN197021970040119700529    5386691497.44    1660210986.86        2.21        1.94        0.31     286521058.03  701699669118.66    4446613236.59    750954421    8542479610000000147
19700530-113925FIN197021970040119700530    8395777228.28    4056148948.55        4.91        4.11        0.48     387532323.48  747699380920.20     618624184.19    826898226    9858178750000000158
19700530-230534FIN197021970040119700530    6754206678.74    1943408346.34        2.68        2.32        0.29     852827367.07  595076035316.54    4705146867.66    725365626    8380470800000000127
19700531-133914FIN197021970040119700531    4738824263.66     385544383.94        0.67        0.61        0.08      28291819.59  165075752751.02    3119674319.31    571704219    6345096680000000162
19700531-144920FIN197021970040119700531    5131259473.93    1270772749.31        4.02        3.62        0.25     937295879.86  750350227032.12    6378983681.82    316436311    351454443QNZUltgBGCXGYshw                                            
19700531-222109FIN197021970040119700531    8946467495.85    2956232083.82       48.72       41.05        0.33     233629845.05  958569855738.82    2178562584.51     60681729     72019174IYXYDYXzMPNoklZTdipMzRqgCNIOKJHazWaAqvQYkNmrDITClMRGjaTm    
19700601-080724FIN197021970040119700601    2757296767.73    1146188515.95        1.95        1.79        0.42     809041663.45  452940663125.15    2336330433.50    588906115    639948444PTNTHCLWsriUMNBFhDQDGtmBPPNiLOSaNy                          
19700601-100253FIN197021970040119700601    3781170086.22     823953527.02       14.81       12.60        0.22     591072135.23  818443868464.84    8226353822.21     55647183     65406401gDqcCBxupXLOeBnjyoDuJKKpXXazMTBejzLaoxVkzpfVHbeQYNnEL       
19700602-015421FIN197021970040119700602    8271368986.44    5077594784.00        5.92        5.49        0.61     124527976.58  876186749702.93    8430887752.23    858136956    924048626xNZnDTSoUVPNSoYdgBUPLqzOHFZzrIJQNLRxXgjb                    
19700602-103106FIN197021970040119700602    7395599781.32    1203634876.34        1.69        1.47        0.16     150717284.43  168507346049.42    1411959800.88    711468489    817117729KRtMROFTkhVPydRKxEDtVV                                      
19700602-211403FIN197021970040119700602    5894633013.18    2397963639.91        4.14        3.79        0.41     502295006.88   27708404725.24    4271109569.52    579793164    631915994APFGGKwGWpknVSryuSjfSQJ                                     
19700603-050430FIN197021970040119700603    9728180743.02    2804453532.64      116.43      115.12        0.29     684439694.60  370552961332.46    5379234817.98     24087526     24362164iAJNmDakgxlQcGOiloFqkXDmRxJezUSKSBPCvqFfSbAlV               
19700603-222511FIN197021970040119700603    6502920143.27    1557296746.51        2.38        2.04        0.24     770924971.39  803300452680.88    7758590788.34    655328049    764806887sEdXWlAyBGoFClpXvyNNafsKbfeEnSrT                            
19700604-151155FIN197021970040119700604    2191295749.94    1309090185.73       24.56       23.52        0.60     911476610.39  231118783193.50    5582996918.24     53304910     556537860000000134
19700604-215527FIN197021970040119700604    6136929658.19    1609826813.53        1.63        1.50        0.26     757400013.09  950916533036.11    6774614391.93    986399979   1070163180OFnTuxOMWDUHOSyWOVCiEosNDI                                  
19700605-143718FIN197021970040119700605    9997151412.57    5423632424.75       84.53       72.96        0.54     114403692.20  730987975850.08    7304121695.46     64161346     743382930000000012
19700606-020942FIN197021970040119700606    2039101460.57     717564970.62        9.04        7.63        0.35     785362777.92  183554947145.74    8984497329.43     79338248     93984897UJvSHHJxMUEYmrOEqYVQ                                        
19700606-203451FIN197021970040119700606    9834885247.80    5363996310.15        6.73        6.49        0.55     720855851.52   42819148072.43    3100459068.15    796937397    826244814qNBRLBcNHRMNCOGgoLutSmLjluU                                 
19700607-042120FIN197021970040119700607    5787927035.74    1081483416.89        1.33        1.14        0.19      86410485.61  249232655379.65      89225883.49    810957606    9514744170000000160
19700607-213710FIN197021970040119700607    7399023515.09    1102035702.46        1.62        1.46        0.15     946600979.09  505637449855.81     861873950.31    681342041    753035675VJecwNGRKWWFBmyGzHnLJQDTAFYJSdZYFIIDBdQdB                   
19700608-022203FIN197021970040119700608    2787441422.74    1713011150.47       11.41       10.63        0.61     203924036.60  504370299779.20     860232541.07    150070670    161193678zIHLKvPBQrCTBYzpZzUJZwMrKqTpUZPyXUykkId                     
19700608-104126FIN197021970040119700608    2957653204.73     444087547.20        0.68        0.60        0.15     780156598.19  974327762518.50    1421503112.56    656828570    737276720nUSbwozHKnjEMwDGEwifsBDVkWMEUCXcZRAlqaRyXugMDSPCvILEtSe     
19700608-183409FIN197021970040119700608    7949415072.67    2980687148.05      992.99      859.43        0.37     633118929.25  782342737648.27    3913256934.88      3001734      34682040000000048
19700609-114844FIN197021970040119700609    7343457937.07    3227180712.48        8.91        8.51        0.44     497664702.21  862155323765.52    2817497841.52    362345759    3794203630000000141
19700609-233235FIN197021970040119700609    2700142475.76    1537084893.25        4.43        4.39        0.57     804658961.06  705011703430.14     264418452.53    347324838    350194186PozAgYtmghzwqacMhOFSFF                                      
19700610-134957FIN197021970040119700610    3393198060.09      81185729.06        0.10        0.09        0.02     279123721.39  545608682561.99    7437906533.15    800664801    896177396ILluFBdLbXRPNPnaiojyEqsGqUArncqWACvKTGoQnLdlqc              
19700611-055451FIN197021970040119700611    8141769210.65     812963541.40        1.79        1.62        0.10     625697327.61  548415764989.37    4639949690.60    454661540    501854192WCJJAitQbHnCKfmKEVEELEBjYtHsVGTBpOMMCLXEadMPRGRTA           
19700611-082558FIN197021970040119700611    7915835589.20    3540539454.51       23.06       20.38        0.45      41343040.27  959222943434.81    1745394385.27    153534041    1737680700000000087
19700611-233533FIN197021970040119700611     258638158.70       8927282.73        0.02        0.02        0.03     427883657.40  179426848221.47    1173519418.73    459213429    4652600900000000066
19700612-112721FIN197021970040119700612    6096188513.01    2191487270.43        3.48        2.95        0.36     382814367.43  380600655020.59    5063783187.57    629884891    7428697340000000164
19700612-134354FIN197021970040119700612     269708688.49     111381611.18        0.33        0.31        0.41     195696432.48  957339951380.50    4728936785.78    333151279    360180850GKXARCFbFebKiAlLUJXKJgRjmqXdAQcnJFJAKTzRouxMxMVkXQMjtVZu    
19700613-062202FIN197021970040119700613    8295815818.77    1954140416.68        2.45        2.09        0.24     222748240.71  117563830563.08    4721958501.73    796405376    934191374qRPVVdOiHOaRcVTAInDgjliDRKxjgWiFKZqiTVfCOkJATvp             
19700613-133000FIN197021970040119700613    9110603106.92    4875060000.91      519.18      494.69        0.54     298164135.10  486871839305.39     108498141.05      9389977      98548350000000007
19700614-032615FIN197021970040119700614    7470830113.64    3519710040.21        7.49        7.36        0.47     453787389.44  224305948202.45    1673155893.75    469974972    4780179180000000182
19700614-092511FIN197021970040119700614    4521421945.92     785923729.37        5.76        5.23        0.17      40670724.61  838015588515.66    5207509351.24    136449892    1501661890000000136
19700615-001833FIN197021970040119700615    3245339207.13     908967317.62        1.00        0.93        0.28     325639742.84   91662073838.09    8803958448.28    906087748    975696569KmmVMAnFFPQmIEPRJFeYqLOdwxWQuDObsQcTKGNrrp                  
19700615-044232FIN197021970040119700615    3043130972.21    1128730972.15        2.24        1.88        0.37     247687410.31    6109570476.44    2714239976.04    504161908    599043557pmVFtISJNicSLMLBUTybzczhOfHObPpMYpBqjAaxrDHJ                
19700615-085334FIN197021970040119700615    8065567370.92    1048854037.24        1.05        1.02        0.13      46728297.85  745132457633.96    7923082848.61    998637755   1026599425jRhDJJDxLPxUEMMpdhzdZNqRVTuzMCrlMcwMsdHNvIEBwDfErPG         
19700615-201434FIN197021970040119700615    8934944258.93    5779954325.13       16.02       13.80        0.65     610544515.36  841176595899.08    2580689213.09    360768341    4189840230000000118
19700616-123919FIN197021970040119700616    7917414327.29    2526617696.56        2.99        2.52        0.32     941983193.54   95080017116.91    3192684195.60    844841734   10018069770000000175
19700616-130712FIN197021970040119700616    6167628208.55    1348116280.65        3.65        3.33        0.22     221930305.66  816688193840.75    8329572903.65    369375482    405127360FXFYeNQJTmypAWxzHPOBgNFDcXaQQFB                             
19700617-030904FIN197021970040119700617    2021367647.13     235068014.74        1.47        1.40        0.12     952410428.85  355689169314.32     134112977.81    160347847    1675117800000000024
19700617-085435SECAAAAAAAAAAAAADZPREF_CACTVCNlLyCFzGkoiZHhQlNxDOyUekigFgQFN                                      NYSE  700823172    1928092119121206        2.73LoSyvUwXvGnKexKhSbbtArGnpUcArarLDzSDOEMMZBwKPwRuADFxSFJ     
19700617-155416CMPGZYLRjrimaTBIzBBifAOowqfEgITGEQXq                           0000000202ACTVSPBB- 1890051917521 Reilly Street                                                                                                                                             70139       Memphis                  Quebec              United States of AmericaPennisi                                       dyKAYHhTtTsrHWJSlGdFLoiaAsxqVkROA                                                                                                                     
19700618-102500SECAAAAAAAAAAAAAOKCOMMONACTVlITRoeGMInKcidnSQCnGnSQhGquC MTMFeFGBPCdxy                            AMEX  32220231     1906122318860718        1.40EVDrXsEiEnLdzKgVPyHxGfRHFwSXDLmBVPRuIGzcczcxVVXFnGDnNgo     
19700618-174052SECAAAAAAAAAAAAAOSCOMMONACTVdNIcyE QQNJwAkcVdBDYARUzXAJSHNnQkFXmXiZFyfnHjV                        NASDAQ811639455    1958022718670213        0.070000000062
19700619-081956SECAAAAAAAAAAAAAOHCOMMONACTVZZbBhHSJFLPZnJntkxIhUqIcVFJLnPKwHCYxDuWxvxNIyucHiQxCuEH               NYSE  840519711    1958051619500713        0.280000000063
19700619-185307SECAAAAAAAAAAAAAOPCOMMONACTVkTZCVeWkyl iIFQsHlEvRT AwGYYfbnMWmSPjmlDtXKVEhGIdSDxUkGgjHksLAaCGrA   NASDAQ414494960    1962102019560917        2.540000000095
19700620-045211SECAAAAAAAAAAAAAOECOMMONACTVTerfQyEuDTLtlJLzclbxcEoOiKUKhxdkNkNoFTANdqFFeOMckUSCMEGJmxmTHMSymx    NASDAQ888706324    1872090918660222        0.390000000184
19700620-083700SECAAAAAAAAAAAAAOMCOMMONACTVImhkCUIwgPygUa                                                        NASDAQ170232777    1898070818570414        1.600000000029
19700621-015551CMPqKRGeBmCgmRgpBiQpEFEbdIWFBjPxEfNXDuazKBKUXCkjdvYg           0000000097INACCRA   192511286488 Applewood Drive                                                                                                                                            20065       Corona                   PA                  United States of AmericaDeller                                        qPgsehnvBxCVRQbIRBBqMBJKXBXdxAsyppIvBHOPNIQcJEVmNjMPtoZtRDiNDtFNtXuGYgqhBM dnSNkVvJN jlIdicYPhKPQPFtjhtDdcMVTQjGZptZKCcBowcdjJtBLNkoRNQJWEEULB        
19700621-080239CMPPjlPgtyXFQMaQwoAnVgbUFMVCFQGEgeGVOPIPEPLwBmXWxRK            0000000200ACTVATB-  186101058703 4th Crescent                                                                                                                                               V6B 1R6     Santa Fe                 Alberta             United States of AmericaWhish                                         LnKKlvCncHHxtvBaSzEJyVhRaCIknXDJZPSmqg kr SRcbCsIjqEBNakAQDpFcsTSyiqzzfXPkxNfKHaVi YSwdSXbKzUJfgjC eMvk                                               
19700621-223554SECAAAAAAAAAAAAAOUCOMMONACTVVKKEQVPIHnYEPPIZlCbBdVSmhlvPkJIIg zMfdOUTX                            NASDAQ98139217     1895030918990701        0.430000000194
19700622-132033CMPBGNkHkSVFBdTuPfNoMIAETucvmJKkQhReFVyGfvjpOOsNPR             0000000205ACTVAEBBB-        19663 Reina Street                                                                                                                                              73150       Kansas City              OR                  Canada                  Pasqualetti                                   yqaCJHRaC UwjnByIFnDTPpRGAGLtLgIwOGkKLziZADHBWGCbD SZneyRiHfcmVsOrnCYWUVzSFpjmXbUOVWhTBffhoZKxfLFoscbmztViRftVvLIgP                                   
19700623-065232SECAAAAAAAAAAAAAOJCOMMONACTVVVUBRBhjhHYmcTpVJRsEtSqfifqbSdTRKDrRefL                               NASDAQ302768205    1967021018930710        1.38qKjXPsBHCteFFjjVUJyGXLGVDBNKBTSUHGZTe                       
19700623-183511CMPXpkDkREvygUBRrUJBn                                          0000000198ACTVFWBBB-1868071617300 Belt Line Upper                                                           Suite 376                                                                       H7H 1U3     Thousand Oaks            DE                  United States of AmericaWaddel                                        THFQxPHEPJsVqOWKDkNSjokibtyCyeRxWXnNEltxYBs sQhRxPUCzaIPLfrMwehRKBqTsJtrXOpQpKNOMTmnTCZytQSCwI                                                        
19700624-092048SECAAAAAAAAAAAAAORCOMMONACTVLAVZrnHnNDSWRDRSvSuNaDTOHIKCelqfpIWohoqPhAdyRrOoCBOBEOgZR             NYSE  239912381    1858090218690803        1.67RICOfhFDpPHwKRHsmPHYTpTzGDeJMQruPEEdPICrMiweHGwOFQYNoQXZWIjN
19700624-203743CMPKystGlBRwWHnygomAkGxXAAHJowCiGoTIuBrJfHMDMYlMVI             0000000203ACTVEUCQ  1896110511323 Clifton East                                                                                                                                              94173       Henderson                Newfoundland        United States of AmericaVanderlaan                                    NzCRojVcVsonDxYBmwKZtGyLRTPNFUcUfXOjCxTTRBNuxcwVYGSHxzYPJmKMOhlJCbePMTFFFi jWvcIYbHEKruNSfyfYtKoBvDGEDTrsJFdDQFSMVqoboIIAPS                           
19700625-091548CMPdTeGxDjIdTKaDZkEQ                                           0000000196ACTVMCA-  1867020911323 Clifton East                                                                                                                                              77018       Montpelier               MN                  United States of AmericaSuther                                        bAgZjXeNdWDIUqezuAwNmPjrMCrERRcIbpo aYNYJkKAHNnYJHLpBOVIVQIgPLSCfCgyYqkhUvGIOoCdJRDqQbZvOCMnIzqAHCzjMNBFSwANAKrmArlON                                 
19700625-214916SECAAAAAAAAAAAAAOGCOMMONACTVYHBaUJuaPQPfDMLnXBAwkMjVCLLLRtHThTMwqHzmDMoICtwRwl                    AMEX  364032554    1909033118600309        1.910000000181
19700626-043959SECAAAAAAAAAAAAAOOPREF_AACTVwCvOtEzDtOEOtJ                                                        AMEX  220783993    1904110518500515        2.45WqeiYOFGTjVEbfOBYccBfxuAwwzR                                
19700626-173604SECAAAAAAAAAAAAAGYPREF_CINACWLFUQTxOuXugnUQYGQLFLCvUNxdnIgMfwc                                    NASDAQ850161818    1964120718711112        2.06diqlqOsDpYaNQhSPBbXhMXocCDXEfNMfLDMDHOdpovsklTN             
19700627-052513CMPsRWWIhWVTcdKuZKNfeibPUSU                                    0000000201ACTVSCwuN 196611033664 Worley Avenue                                                                                                                                              V6E 1V4     Saskatoon                PA                  United States of AmericaLezo                                          hKTjMHKuLuURWedJqBJrIgYN                                                                                                                              
19700627-104019CMPnFkXCFIQQcAPOHRuYtieKkGSZpAdCmvxWPuheWUSLiFkN               0000000022ACTVFRB-  196008274371 Ashford Hollow Lane                                                                                                                                        44312       Sandy                    MD                  United States of AmericaDegrace                                       JTQvSVCJVqUQFgkUESYHOwYeRSHHrqPPjZrqwUvnJrKaMcCLXLETVpTaGVsNVxbWanUeeTXvhZBSmhKShJsOPpGXUTFQKgePpPUL GzkCIzDHTLcesmM                                  
19700627-151708CMPRLjhtKlUmfoJhUDVTLrWpRzHYfKThEqzhoWNaWCnyGIpnDFEVgaiwbbY    0000000199ACTVMSC   1931010724475 Norden Avenue                                                                                                                                             Y5C 1M7     Gary                     KY                  Canada                  Waguespack                                    PGBFLPNsdcGQMOsMWtPwBGHNsgCkCyRjwGkHOMEQxJoINFlDWnw FEBSOZeetzXfMMsCmLimtsPsApKRJHyywKTjMewYGcYKwcYnViJw                                              
19700628-051928SECAAAAAAAAAAAAAOLCOMMONACTVJhgFoMiTgffpdsBUHviZFrRMAEuAjgIkUQWKF                                 AMEX  307925482    1851050119590510        2.78TxTPsLmGwimWWXASxFWhHELRSjbULIsdFngWTKprXoTR                
19700628-161647CMPinZSWxMORYAMakTEICVCgOECFdCknDeuMDaK                        0000000204ACTVISAA- 1900040912818 Strand Park                                                                                                                                               93683       Anaheim                  AL                  United States of AmericaRiester                                       DjBGIuHKuZfGYcuohvswBDTiExniGHzEPCRLQExEYuLceFDSudDagURHBJhyhINkDhgAvhvGcdxYnZjFvlpN                                                                  
19700628-232015SECAAAAAAAAAAAAAOTCOMMONACTVmSzoOnHSdVgjdezhiTZaWIzClBoFupyXZXSYqrmffSsQ X                        NYSE  212868924    1897112318500625        1.880000000186
19700629-153919CMPXRHEsIMnqEiPOnfAJBLTVbfGKETfCFVYROPP                        0000000197ACTVCDBBB+189809082079 Sun Tree Drive                                                                                                                                             10075       Elizabeth                Saskatchewan        United States of AmericaSimonis                                       ilIMEbPv RPknQxSbBDLAyacuhYCakLiLTNV tAyJgIUpVubKHEPJGGBmzTWM VwdCKIFqzeoJmXuLDibUWAjosYCwPiLVnSREBTQZBrNUjHcFs                                       
19700630-033111SECAAAAAAAAAAAAAOICOMMONACTVrsMjJzSRKyCuKaIBBrYhFoS TfYlZrnxPAZPxvAoMkIekoofa KMRHf               NASDAQ155223033    1961021919500529        1.270000000188
19700630-092439SECAAAAAAAAAAAAAOQPREF_AACTVxCZPLOXlfDrqRf QMVGNHEMFVrk pITMhOseTNbqVnXUeCuRLHzOghQ DNSy          PCX   796137296    1896072618800719        0.02FQCxtQRoMnVlnjwEERVRrjOJDAIyWTEKGCbBNsvTNBMQXXA             
19700630-124710SECAAAAAAAAAAAAAOFCOMMONACTVSknyknjdwMytuksuxPwtEJrDSkBrckJUzxlpuIRpSCRR                          PCX   530983521    1934120519250809        1.17qKjXPsBHCteFFjjVUJyGXLGVDBNKBTSUHGZTe                       
19700630-235958SECAAAAAAAAAAAAAONCOMMONACTVxJBPMItFyMJLDjiLWaegGpxCNvfJpVwMQOJoF                                 PCX   239047457    1879030619440727        0.820000000123
