19750401-100841FIN197521975040119750401    4456385453.69    2104189698.90        3.87        3.71        0.47     613731524.24  404906649259.71    6845943445.26    544411171    566804636KwGGHtkLxtWGPwoGFVBKTqHdHhmZbSsgyyHfJEsFJbOuJAQfYzTNZNcIDF  
19750401-134302FIN197521975040119750401    8383954783.53    3600380050.62        5.20        4.40        0.43     125106666.44  123879154333.88     964376461.80    692616093    8189899370000000196
19750401-195102FIN197521975040119750401    5706359509.30    2045479665.36      120.96      119.82        0.36     798458755.99  794384198282.91    8040908425.40     16909687     170706350000000278
19750402-023014FIN197521975040119750402    1218393489.11     261761425.75        0.27        0.23        0.21     457211952.55  826092883382.51    9831651790.48    971781047   11354357510000000101
19750402-101229FIN197521975040119750402     731134425.41     156854804.81        0.29        0.27        0.21     600072819.78  609449905822.59     903588642.69    533468170    5756169500000000226
19750402-191700FIN197521975040119750402    2926987160.42    1247560444.84        1.99        1.94        0.43     824813807.94   61222355153.10    4190376267.98    626996327    6416284190000000394
19750402-213209FIN197521975040119750402    1418989161.52     506875283.01        0.76        0.71        0.36     193288744.04  961010770566.11    3928759027.94    670855990    7175980860000000197
19750403-071606FIN197521975040119750403    1663938514.61    1091667598.89        2.21        1.88        0.66     509082509.23  943317757172.58    7230946156.69    494432460    581782488cPOOydoHzXLJKVJoZqQOPxiAbZSEOCBSZFKLwPxTGzZgA               
19750403-155305FIN197521975040119750403    3288738674.58    1490943776.21        4.42        4.40        0.45     899719372.16  493966847304.79    3537681187.97    337523105    339032942qRPVVdOiHOaRcVTAInDgjliDRKxjgWiFKZqiTVfCOkJATvp             
19750403-175600FIN197521975040119750403    3412696731.89    1976587319.10        6.76        6.40        0.58     746752796.33   44027211207.41    6379811086.73    292354443    308700531QTlJJPTwTIKGjWucWLFdQIFqUFDViLqZHmopzBSaxPctxonmQDYpdPzwRDD 
19750404-034747FIN197521975040119750404    8570452013.89      21898006.08        0.17        0.16        0.00     911431780.62  619102278350.65    2755445639.48    128090144    1372601310000000048
19750404-111230FIN197521975040119750404     769387847.42      48012910.58        0.14        0.12        0.06     757163316.55  142807302153.55    3358018198.01    342577061    405967698MMYHEsAdHQrXvDXqWNGKyGRnmNQy                                
19750404-165807FIN197521975040119750404    7670805776.66    1783437385.96        2.13        1.81        0.23     112773549.97  306918628974.17    4391108457.94    835552043    9845906380000000173
19750405-021248FIN197521975040119750405    8155752984.71    3047472585.56       66.95       65.56        0.37     891562496.30  850189522936.89    2490866464.52     45515812     46484127KfRERJQxDalgYSIFQgEiw                                       
19750405-101647FIN197521975040119750405    3510731892.00    1147254605.42        5.60        5.18        0.33     611124093.57  339982769194.05     759098537.72    204726698    221277346gAWYCbVKcVlXGvfZ                                            
19750405-123748FIN197521975040119750405    1888986537.07     988686738.83        2.72        2.63        0.52     197811165.59  213286058176.28    8818372475.00    363021177    376400339sPFpJfRunRmoHacLH                                           
19750405-221730FIN197521975040119750405     669218560.20     319741307.28        0.53        0.44        0.48     832317705.98  980956317377.20    7324571960.32    605729051    723839780hLVgKYfIAzFOLUtDEVziLsKZDBUvAfdYDovfLNhVCUwSfIDPgAjrqNO     
19750406-020044FIN197521975040119750406     568887526.96      86981501.88        0.18        0.17        0.15     179615644.95   17092260060.45    7933771034.28    485942011    5092706830000000201
19750406-121501FIN197521975040119750406    3592271826.20     539592515.41        0.79        0.71        0.15     792831113.88  957016396878.80    8247667828.97    683400774    759358053XFIdEwZygbPJVVwGVWIfBAXvHBXIOxdvsyIikUuSMNZsQaMY            
19750406-162639FIN197521975040119750406      76793545.04      43711027.27        0.10        0.08        0.57     304697340.25  892451233279.70    6918614720.52    458314101    548448992aaCRGOKapDAmHhNFT                                           
19750406-164723FIN197521975040119750406    9373997360.02    5715404216.04        7.09        5.97        0.61     254758207.88  358093697206.35    4471745496.57    806526239    9572044150000000031
19750406-233113FIN197521975040119750406    5798102831.31    2632973347.51       11.28       10.83        0.45     145136475.91  203749811175.03    2414609669.78    233516058    2431829870000000390
19750407-085520FIN197521975040119750407    2296855380.54     618865254.46        1.23        1.10        0.27     613754977.98  520913152898.02    8994922089.82    504998939    5605261960000000332
19750407-140243FIN197521975040119750407    6841268818.46    1471367450.18        2.14        1.81        0.22     895631812.34  519359352573.15    7235582496.39    688317920    8146216710000000080
19750407-202613FIN197521975040119750407    9239745135.61    1497113634.71        4.36        3.71        0.16     769955236.17  195533016630.26     572589063.00    343653358    403835359YNouztDEEgVJnWzrV                                           
19750407-212934FIN197521975040119750407    7487500301.37      94378083.47        0.17        0.16        0.01     827132911.21   34893294900.14    5631847200.14    561312630    596834432DQuJNtEYqROCQUqiSrVTNyPDbqoiEAHxIIhMFJpSwLlaTsi             
19750407-220917FIN197521975040119750407    1062942263.02     269187298.16        0.42        0.38        0.25     206929025.36  150111841529.31    7496756091.77    643595280    699943674jTZEOvrZoPvhHhEVycMTgdSeDAHkDvARlkstBVErphrWGVaKu           
19750408-081921FIN197521975040119750408    2073990224.64    1309168257.96        3.61        3.09        0.63     802219807.40  538338743473.61    2969044886.51    363109552    423174224JmnZyvJNUAaGfANXOFMOuyDJFNiMeGrtTeYaLNPbiJyoUj              
19750408-180729FIN197521975040119750408    8522461014.26    4387501065.21        4.70        4.25        0.51     871701654.34  911709660608.48    1878915819.63    933051893   1031235201COuSdFGyHSPGOUhjCwiAIgrW                                    
19750408-185100FIN197521975040119750408    4406770493.04    2238132874.75        3.63        3.37        0.51     472819833.25  178288793400.37    5402781330.31    617169325    6639236020000000072
19750409-045332FIN197521975040119750409    2105569609.38     148481042.85        0.31        0.30        0.07     888630649.55  336796800528.81    9514237335.08    480853719    498762426WKHSDaFEDSYXOynePKHWBGLeJ                                   
19750409-130353FIN197521975040119750409    1326112596.03     322864009.41        0.34        0.29        0.24     886530554.55  368940949338.74    9535538868.26    941245190   10951202300000000175
19750409-200124FIN197521975040119750409    8537173234.78    4058776361.49        4.77        4.06        0.48     344298386.13  428069073675.14    1843843680.78    850453926    9987018120000000108
19750409-213716FIN197521975040119750409    3089689086.27    1592168423.62       17.10       16.25        0.52     739636883.02   71634046301.82    7516803140.65     93102832     97976508SOHsouEIQhzIAMeFABDlHzVVpeXiHlUsEEOxcBPIJW                  
19750409-232948FIN197521975040119750409    5800984609.91    1732157318.05        3.45        3.35        0.30     381249869.26  134204695372.24    2947171955.58    501908535    516691816bhCOcOvQNEbBAnMceSOKIWFWXZjykjxqQIOCQOISWCHAjEeDSloP        
19750410-055241FIN197521975040119750410    1869602881.96     604416198.61        2.78        2.65        0.32     815343146.14  411111879207.23    4887884611.59    217116934    2277177980000000053
19750410-070849FIN197521975040119750410     973041045.76     348317767.72        0.36        0.36        0.36     305988998.16  723575639091.92    4882840835.20    963048168    968072702xxRWgFWhHQXdeKNPcnoCMTCjPFSObJGqoPSDtvlZYonwJYFKKwWGnyj     
19750410-095702FIN197521975040119750410    3249075751.88    1821081536.29        6.28        5.24        0.56     547764073.25  200946915469.92     558378569.42    289750849    3473751380000000386
19750410-204011FIN197521975040119750410    3182555338.51    1960214524.21        8.59        7.86        0.62     579216125.58  198475975563.23    4194564022.91    228224425    2492508020000000221
19750410-235952FIN197521975040119750410    6594587381.06    1206874566.33        1.97        1.94        0.18      88235018.42   38076404742.36    7379683196.13    611358917    6213803450000000298
19750411-031641FIN197521975040119750411    9310823084.14    3472504968.09        6.04        5.66        0.37     571639629.41  294380458109.94    5886973010.82    574759667    613693049UfSHWSCITBCAOZQunWBPoRwGIRuCUoPSdEQARTADOJmAyACdfM          
19750411-141642FIN197521975040119750411    4629703100.76    1723921646.26       22.56       19.82        0.37      15593103.47  518932405415.59    7751540620.85     76414928     869737290000000283
19750411-155405FIN197521975040119750411    2592555339.84     258834544.35        0.36        0.30        0.10     595546020.44  173092865502.20    2729088317.98    722341026    858237970NkpmsBILljFbVIAskKSudkLAIHYbeCnBzSVbIcIypZcePYIXqxdlNs      
19750411-192131FIN197521975040119750411    5703953911.97     948745299.63        1.10        1.08        0.17     224791322.39  673627910860.98    3311928009.92    866149217    880860637DIPPjcmxrwIwYNRnOzSotzgUkufjD                               
19750412-053703FIN197521975040119750412    4039754983.29     547449192.34        0.69        0.66        0.14     929349700.71  234239040099.80    5358789122.25    792185634    833253160dfFANecQKvrSQgzQKpIQVdGVbtGsTGppLzsrQESzNGrlVGjjGlGEuMtSRXwM
19750412-140536FIN197521975040119750412    2309902374.07     628438110.08        0.74        0.63        0.27     599388114.13  102173726537.70    7651860434.34    848858158    9973434940000000380
19750412-194722FIN197521975040119750412    7438108707.72    4873311274.06        7.29        6.52        0.66      32090145.12  241633877494.21    6976517202.63    668237560    747276190qNiTaifXkCYIMerIPWjQOUJQOrpXZUVLYpDp                        
19750413-025306FIN197521975040119750413    4731169332.98    2472290404.60        7.06        6.02        0.52     889980904.26  506186956150.70    8537232650.90    349983271    410846169OQrOAucqBZdHWTvrsGTQqDUAJesbyHxtJHEzCHKBOOQPPk              
19750413-101423FIN197521975040119750413    9963775475.17    4797728919.53        5.70        5.04        0.48     950518938.76  632240545031.76    6700419003.76    841722662    952509213NBlLFolAbmXBmOMhThAUqP                                      
19750413-144455FIN197521975040119750413     967381678.92     252676176.82        0.86        0.76        0.26      16517591.04  533490234278.64       2908442.19    293440097    3329876360000000081
19750413-204754FIN197521975040119750413     320640595.36     154593043.10        4.74        4.17        0.48     771362435.59  367843625500.29    9929227263.78     32583194     370954240000000364
19750414-021221FIN197521975040119750414    7357052662.09    3678809693.57        7.39        6.98        0.50     590406096.18  392922440142.22    3179455362.60    497931887    5268005170000000213
19750414-022828FIN197521975040119750414    5951691384.74    1486893693.09        3.72        3.18        0.25     876732756.39  421569707346.44    7569744150.46    399623856    467791702rqMbvwSCBGYCGMEPKQeELcTKYUzuwRMWTqYPIirIgRbOCStxEXLeiAEZJCb 
19750414-025320FIN197521975040119750414     857769412.40      36545894.97        0.07        0.06        0.04     581309686.86  657075902086.95     843639368.61    503976151    574106179HlQPdCFlfEZpMPIC                                            
19750414-125053FIN197521975040119750414     337421676.44      11019827.12        0.01        0.01        0.03     315377967.04  544408328246.69    8901409060.90    936017663   10474968920000000127
19750414-205534FIN197521975040119750414    3741274603.94    1072317628.24        2.03        1.95        0.29     273461034.19  790525967754.04    5836500942.79    528343840    549844722dBBCsCzeivSxrOWJZkMbNfLitfJSVqvvAy                          
19750415-052707FIN197521975040119750415    6205789016.14    2651152250.95        5.16        4.31        0.43      62288917.62  539142415477.83    1668721560.03    513721036    615743454maNnBELccTuKDXojbbmSqMAOzQwExqMJWPLSOAAZCgXQxjEfFORZfzbxQ   
19750415-160014FIN197521975040119750415    9429178745.44     942972957.00        0.96        0.93        0.10     152314004.09  273959130797.26    7827557406.23    985436988   10152505410000000342
19750415-213628FIN197521975040119750415    6085688763.72    2466273047.84        2.92        2.70        0.41     452436294.77   61797294813.92    4349669314.58    843831199    9134328810000000210
19750416-021316FIN197521975040119750416     333509888.18      68730593.60        0.40        0.34        0.21     169195573.28  357907223380.82    5901222315.64    170647881    1994295040000000186
19750416-080603FIN197521975040119750416    5310726797.43     129040246.10        1.86        1.62        0.02     326961802.23   71432744501.13    5188345131.49     69559826     79682493WCJJAitQbHnCKfmKEVEELEBjYtHsVGTBpOMMCLXEadMPRGRTA           
19750416-143324FIN197521975040119750416    7394768286.88      77503584.51        1.66        1.66        0.01     512102067.51  783061988212.49    7227142918.50     46683336     467564530000000124
19750416-175313FIN197521975040119750416    9439975193.13    3971870491.67        4.97        4.42        0.42     206283979.11  866679857902.18    5503035327.05    798524339    8990421280000000159
19750417-034905FIN197521975040119750417    6142110365.60    3327649926.87        6.23        5.20        0.54     261436565.82  222513840256.19    8869076760.75    534093124    640005816lSBXSwESnnboFFeSvHxFjlfxrwIZABfGMjiWUbhTmnRHnPFOTMlMAQnZJA  
19750417-061929FIN197521975040119750417    1813285811.60     842200509.60        1.81        1.78        0.46       5964003.08  660757207311.14    4202214078.47    465537171    4743628340000000074
19750417-113641FIN197521975040119750417    4277327455.22     238646554.93        1.15        1.01        0.06     327082775.00  557961975146.71    1026675077.15    207214743    237191664bYDPbZElTEYkPhtQKSUTHJfDnAFenTJmrpOieWeYRcAAHCLrUbHWOw      
19750417-205135FIN197521975040119750417     545232227.47     217416722.73        0.22        0.19        0.40     839507534.34  648616229194.77    6161668538.19    967035735   11164948410000000314
19750418-022137FIN197521975040119750418    6520404521.57     891126223.04        1.45        1.23        0.14     103349397.89  328562430448.58    2277053310.24    615881160    7216596160000000276
19750418-113228FIN197521975040119750418    1875704037.97     523328079.96        0.64        0.61        0.28     518976820.29  517113189496.32    9035048992.87    813449584    8564531380000000023
19750418-131717FIN197521975040119750418    4774460517.65    1491054020.64        1.96        1.83        0.31     848816023.42  397388345700.52    6679427767.84    761543328    816394213DgCLMNjmKXvnbcxbsNRzicFHLhHVDWDkKUSGCEKJtTHOqhICxuVIu       
19750418-205513FIN197521975040119750418    9458851371.53    4351787487.13        4.61        4.51        0.46     326266282.64   12051427394.62     519205027.25    943880343    9653683880000000089
19750419-035747FIN197521975040119750419    9803084266.71    3465060514.22       26.71       24.16        0.35     602946319.67  735353958094.81    4446893471.37    129743975    1434207100000000171
19750419-140405FIN197521975040119750419    5494443305.44    2416909949.33        4.98        4.16        0.44     946150276.96  334039431513.33    6359842345.31    485488318    581633938XjSxlGRryfrgvCMaReGMEXLJuiXaSRQMSTRccKTbdXRVwcSDVVf         
19750420-001729FIN197521975040119750420    4288881002.67     884645938.29        2.71        2.46        0.21     457336960.09   15371452739.72    7538081428.90    326944617    3600946340000000305
19750420-052539FIN197521975040119750420    9410497293.38    5441738757.98        7.06        6.24        0.58     577321408.85  889496508381.04    2004215367.38    771258708    872438493eBZLwzfHUBLxsWSFpQmudmDjRXm                                 
19750420-095926FIN197521975040119750420    5356920963.97    1966132726.10        4.50        4.24        0.37     887358518.39  196274472549.55    8429655440.27    437357220    4642284050000000363
19750420-122716FIN197521975040119750420    6714393949.63    4576531191.91       25.18       21.12        0.68     543567293.22  615225883660.40    7767545801.86    181719469    2166810780000000182
19750420-173624FIN197521975040119750420       6908662.02        866034.00        0.00        0.00        0.13     542632603.78  267502635007.57    1950679377.83    557925319    606911211OFXkAvOWFaQBaCLYRJPSSOulUwBYSzhS                            
19750420-202417FIN197521975040119750420    9691655182.01    6724310465.43       11.56       10.34        0.69     415166778.60  544863262527.34    7656540306.83    581498381    650576257bSRRblvmDfNJIUUERFKAuupeAUU                                 
19750421-010440FIN197521975040119750421     922352182.07     420250215.96        0.53        0.50        0.46     580484910.34  593585548885.46    9273192408.64    788636299    846015905mnSNZsOOTQfGeTtBmUNXOdRKTXHPDQHLYzLOmgJhpjXennHqIMZ         
19750421-044911FIN197521975040119750421    5975347597.35    3554467548.20        6.60        5.70        0.59     113725157.57  994525490359.93    3498204216.07    538249839    6236177900000000349
19750421-054214FIN197521975040119750421    2888558854.23    1806875601.74        4.60        4.13        0.63     344057256.54  234329902467.88    5989002922.11    392543825    4376429020000000051
19750421-075113FIN197521975040119750421    5734138041.68    3301072155.14        7.56        6.54        0.58     377645917.04  459029552043.25    7360135556.03    436552555    504448249zIHLKvPBQrCTBYzpZzUJZwMrKqTpUZPyXUykkId                     
19750421-130117FIN197521975040119750421    3949904117.48    1246345504.41        6.45        5.72        0.32     378097086.91  107274656228.55    8198285467.17    193225224    217758656MDjVavoVSMeRlCAiXqmFZzvARFaNTAslRoYCUeWRGOXU                
19750421-225005FIN197521975040119750421    7420655626.35    3996714272.09        8.16        7.23        0.54     494799395.96  758700549974.79    9161103057.11    489574399    553004063AYrIhMoBIgUBkRdxKABPjIIShjxFyaWTAsK                         
19750422-014910FIN197521975040119750422    4332305426.50     681465651.68        2.84        2.65        0.16     238326306.65  826077568292.53    7568732276.16    240085063    257538807gDqcCBxupXLOeBnjyoDuJKKpXXazMTBejzLaoxVkzpfVHbeQYNnEL       
19750422-053501FIN197521975040119750422    4151192407.19    1539674239.00        2.54        2.21        0.37     273543821.15  587458236450.85    3812295565.82    606350748    698264204VTGIYOHqQTinymJiaerSHchHKAKjpPD                             
19750422-062610FIN197521975040119750422    9657122048.88    2410218855.79        2.79        2.52        0.25     322086093.39   66975132994.87    9936132383.92    863103107    9548619180000000272
19750422-070938FIN197521975040119750422    1422414339.68     679807837.67        1.09        0.92        0.48     675191755.62  125818955243.10    2490435135.03    625206976    7386419490000000058
19750422-170547FIN197521975040119750422    9050844825.84    6004279358.76       12.93       11.81        0.66     287121181.48   63607053030.45     718927234.38    464297889    5084821950000000259
19750423-001445FIN197521975040119750423    4196334963.19    1018500691.58        1.97        1.78        0.24     957463892.76  316392040431.44    1392478327.48    517594952    5736294340000000035
19750423-001712FIN197521975040119750423    2066674143.47    1166070662.00        1.49        1.38        0.56     701932507.99  970802771563.94    9111978091.86    780482285    8462576070000000245
19750423-094606FIN197521975040119750423    7608884611.42    3836145207.97        3.95        3.43        0.50     894766233.83   12125114550.05    5306303461.61    970344116   1118585781TWgSrfQhsiUZzNjENbDdCUXJxqjJVuRH                            
19750423-103210FIN197521975040119750423    8207360716.05    1539708916.06       26.80       23.55        0.19       9079167.82  933316297883.96    1491618894.46     57454329     65373823RoWWWWjHcEnPEUUWt                                           
19750423-132411FIN197521975040119750423    4489546395.36    1194332538.88        2.10        1.90        0.27      83580375.83  589296666861.79    5858841159.02    567999876    6296994780000000218
19750423-213917FIN197521975040119750423      30388769.97        450523.43        0.00        0.00        0.01      36199781.68  869771709717.60    3963436977.49    980802112   1154943621xmDrKxzvaIXsTFOMpTzYAMbnGGKMgDKzDxVLwGQZItIKENHjcHYWSGGeBQ  
19750423-215706FIN197521975040119750423    6482765215.07     677113339.03        2.29        2.03        0.10     385688104.57  300962801091.79    8461684364.22    296165998    3341643730000000211
19750424-070259FIN197521975040119750424    8139447400.24    3423333372.17        5.71        4.98        0.42     199881856.33   78060785039.55    7842946197.68    599825555    687618415WWZnPQCzopSOWpJARPzEqydPAK                                  
19750424-171028FIN197521975040119750424    1369494776.09     838317822.50        1.02        1.01        0.61     395728900.55  408232576834.27    8094030758.86    821545448    833887024IBCqnhGjFJlbBaLpCfWlwAwAXuFGAsRugroSvLEF                    
19750424-202715FIN197521975040119750424     668936338.32     112894078.81        0.14        0.12        0.17     227286198.98  720378771927.31    7014762743.13    828278520    946381953YGODXTYUYQHKSUzVdmTrHaaZEgiuZLXAwzvjFZMnWXdUSECjfiOJYU      
19750425-051911FIN197521975040119750425    1399412277.02     232246689.86        0.53        0.45        0.17      38815713.24  829049543552.15    4413727405.67    439890328    5139714870000000054
19750425-160903FIN197521975040119750425    3180723756.71      14696139.72        0.07        0.06        0.00     788088693.46  943211524125.80    3739012843.77    214761949    2575865890000000082
19750426-013355FIN197521975040119750426    9225984013.67     378054825.77        0.44        0.38        0.04     331090720.25   40878313888.34     168653158.65    864785516    9901723560000000056
19750426-094329FIN197521975040119750426    5003738428.33    2619809609.76        7.49        6.49        0.52     338542955.52  515040592887.43    5646821609.01    349618469    403368510wiFRVPFqQNGELjgHzDAyVoYLlCEZUsKnSGD                         
19750426-125649FIN197521975040119750426    3564221725.31    1268312533.72        4.02        3.81        0.36     665655170.42  656485184559.13    3724930663.72    315530417    332656104QEKXHKbURLabMoB                                             
19750426-221536FIN197521975040119750426    5664327735.44    1764469469.80        2.80        2.64        0.31     152785914.78  515300288190.49    3256304933.59    631282193    6690448980000000224
19750427-021219FIN197521975040119750427    6065410064.80    3269202414.10        8.32        7.58        0.54     455913585.89  121309324253.77    3759010026.25    393064559    4311658350000000235
19750427-040819FIN197521975040119750427    2063003861.33     453083982.88        0.52        0.46        0.22     803000746.13   62994820590.47    4306904940.91    877391498    9830235930000000122
19750427-132815FIN197521975040119750427    8330816479.68    1128343785.46        1.25        1.05        0.14     507486524.53  920022042306.09    4979266606.77    899329908   1075712300RwMVIveGZUngCTRjOjhJsfVt                                    
19750427-190154FIN197521975040119750427    9496213762.23    2162108890.56        2.54        2.13        0.23     410557183.84  478314627011.67    4496651749.17    852821662   10151849750000000141
19750428-051410FIN197521975040119750428    5437131422.25    1587577156.87        2.31        2.22        0.29     815893645.45  228743056115.92    7527574407.83    686052882    716523478ZQTjEUONCDrpaHYvA                                           
19750428-082651FIN197521975040119750428    8867206966.94    2166524464.52        2.93        2.67        0.24     325173917.50  871972246073.79    3310925189.71    739711623    812246211LKcmIFGIvNgAcvIcDsIfLSTCBTFZvyKmVsXmANBQQ                   
19750428-190214FIN197521975040119750428    8456453121.63    5879066474.95      113.59      107.20        0.70     708486306.24  873464020799.73    6148881574.01     51758326     548426460000000344
19750428-212404FIN197521975040119750428    5468914179.53     479268618.41        2.97        2.65        0.09     459118316.02  753241330943.97    2152386256.79    161291192    180825392XpkDkREvygUBRrUJBn                                          
19750429-074123FIN197521975040119750429    2758479113.16    1045601553.28        2.49        2.41        0.38     211972690.12  225089195283.22    8248022327.29    419692767    433645219FytIPQGtkNhoLCspegYgupGffphSskKfYOcWwWMGCbMMWKkmCuNp        
19750429-092233FIN197521975040119750429     915818460.66     398427173.53        0.45        0.40        0.44     595624463.37  481668408810.12    6596628369.14    880359486   1007600374nFkXCFIQQcAPOHRuYtieKkGSZpAdCmvxWPuheWUSLiFkN               
19750429-182236FIN197521975040119750429    2581854641.77     285749624.22        5.21        4.83        0.11     807042924.72  900876424043.48    2343999881.15     54875755     59214737BGNkHkSVFBdTuPfNoMIAETucvmJKkQhReFVyGfvjpOOsNPR             
19750430-020434FIN197521975040119750430    1765258041.38      49528941.86        0.38        0.34        0.03     527923879.80   58807540592.48    7474585595.37    131216831    1476533760000000214
19750430-103429FIN197521975040119750430     404218097.96      59377211.12        1.00        0.89        0.15     693486042.41  720168776486.12    9307039020.35     59629900     670133210000000078
19750430-180959FIN197521975040119750430    6918697304.95    2115844060.63        5.46        4.78        0.31     251439434.98  202715273321.24    3195743377.24    387802345    4425204330000000208
19750430-205528FIN197521975040119750430    3330562212.79    1935056264.21        4.45        4.18        0.58     606142756.69  587656928116.28    7289176123.65    434605176    462783324RIoafLXyzvuVdAypgRHDbVyCNFqJLTgbS                           
19750501-045639FIN197521975040119750501    4972884284.05    1170824152.47        1.64        1.52        0.24     428538487.96  474405083945.90    1864700327.35    712011900    7682745370000000157
19750501-074058FIN197521975040119750501    1534003580.81     572033890.24        1.44        1.43        0.37     153819589.81  506966468122.05     418747749.52    397376144    401251665UXGHkVXHONXySRVzmlfgOKLOPXECLsMMjGzHJnirREX                 
19750501-150455FIN197521975040119750501     565451521.07     298297240.66        0.31        0.30        0.53     338830752.72  552750015274.13    4210334132.65    957509349    984609471yzVtIWYoRQKKPNbDwXqdBMdFXWIZfiTteG                          
19750501-204105FIN197521975040119750501    8907012125.66     524858499.06        0.68        0.58        0.06     930008980.06  640643120810.57    8221066440.81    766589550    9071393820000000387
19750501-222041FIN197521975040119750501    5417605069.65    1546267746.67        8.61        8.18        0.29     119238586.01  623787172212.13    1728790868.61    179562600    1891186980000000223
19750502-062305FIN197521975040119750502     864835459.08      16939620.84        0.07        0.06        0.02     463290001.75  146123855062.65    9474824169.22    233578783    2659372290000000018
19750502-064115FIN197521975040119750502    7908750166.47    4304516720.70       18.14       15.67        0.54     872537829.32  907231785664.93    7129737884.87    237237964    274705464jUguWEMEWoFRvyIQVVVZypyLseGOWfcGLobTsIDScUaBKXNkf           
19750502-075316FIN197521975040119750502    1966289919.68    1261802338.91       23.88       20.50        0.64     406568159.52  130484231930.88      13065642.44     52833817     61566299OqAIeBICyTDaCjYBokKBWwGIbTbHykBtzpJVuZzfWHKRHbYByNSoGLc     
19750502-154426FIN197521975040119750502    9635164857.13     510176689.25        2.63        2.21        0.05     709179511.85  178758570035.32    5007077857.46    194084537    230416279XLTxGrTTSMIeAKqzJEDWF                                       
19750503-015413FIN197521975040119750503    3092695946.27     115064357.23        1.28        1.28        0.04     296720826.94  168073279163.91    5539700064.46     90094885     901510430000000324
19750503-092240FIN197521975040119750503    8219638803.65    2456020918.23        3.10        2.68        0.30     548668101.67  123802628125.10    8621837873.16    793004760    915900917IVBxurMKnJbFCkiInnTeIC                                      
19750503-102004FIN197521975040119750503    6332346934.19    2231717864.77        3.22        2.77        0.35     315130279.07  157162603419.40     698870042.85    693557070    8049840120000000052
19750503-142757FIN197521975040119750503    9967271187.11    5044968484.40        7.85        6.57        0.51     631238873.79   77967223544.45    9213857623.67    642436253    7682599550000000321
19750504-004718FIN197521975040119750504    7612161185.60    1446359673.32        1.86        1.74        0.19     708822319.66  763417523447.65    1425476511.09    776598303    8324820340000000106
19750504-030725FIN197521975040119750504    8668782949.38    1846881532.92        2.11        2.04        0.21     269170812.61    8337351369.73    9984190318.83    873803105    9033430940000000202
19750504-043113FIN197521975040119750504    8802913259.01    2268228957.87        4.03        3.66        0.26     911716809.82  336761382307.89    6499461789.55    562366289    620220175RSWvpXShAohbCnBYubXQUbMLtPavDHUQn                           
19750504-070647FIN197521975040119750504    2795680437.54      24802284.19        0.03        0.03        0.01     941787116.03   72333049416.97    9037718779.61    907980557    946311443HQSomNnImHMmdRDYNPNRfwVyMKUAVMlSvTbZnNezGMUJSTdgdELs        
19750504-145807FIN197521975040119750504    1835510261.62     308574150.43        0.43        0.40        0.17     571818433.12  884688846459.81    6330943400.02    716189965    771050722XEYdozBcEbPhRFHwKiUQyBWXKiOSSZlHFtNCTxUNaBRyBgaISh          
19750504-224947FIN197521975040119750504    1281862181.84     569708940.05        4.18        4.14        0.44     790622201.76  848401303606.79    6947102144.40    136265641    137639668eZCQjyMmFdRWexdtIZLQhOOJyGrGYSQXYtwRPBLnMHEfMTMFz           
19750505-061125FIN197521975040119750505    8558466315.03     503233774.85        1.87        1.69        0.06     969528131.00  340315229922.93    6475814681.26    268979551    2970965420000000145
19750505-125448FIN197521975040119750505     620213050.73     412525644.49        0.44        0.42        0.67     393030977.22  741220904931.84    4497178910.24    939735788    9872697260000000331
19750505-181603FIN197521975040119750505     443484465.24     103251900.22        0.17        0.15        0.23      62365610.50  976115169869.86    2704241814.81    593076293    701124923VxhJFCbVNWpWKaEImA                                          
19750505-194045FIN197521975040119750505    6182139741.10     557127645.00       31.69       29.19        0.09     228627271.31   56905688600.95    6701505983.72     17581709     19084558tWwKapCDGKDqBvwDJQvKfXxUMzFDUXQBf                           
19750506-024141FIN197521975040119750506    2647625586.92    1601405202.71        1.62        1.52        0.60     349577504.88   80495155416.09    1101058177.22    985540275   10520910880000000234
19750506-030448FIN197521975040119750506    9842645548.22    4352525705.62      235.61      201.85        0.44     409928768.00  681299244422.53    1110652856.21     18473142     215632560000000275
19750506-132654FIN197521975040119750506    4558978571.51     117229776.20        0.34        0.31        0.03     182618142.80  839930468259.05    4248041401.59    341773213    377698300gPTmHDJTicoYfqSbnVEHCVRwvFTKJwFmBdaoQOUBGlNRgAScbaW         
19750506-231407FIN197521975040119750506     607921955.71     368645430.37        2.16        1.92        0.61     190494476.03  920876941246.25    7159324307.67    170894447    192490202cjSaOXnFRxMLKQEIORXsThOgBtEagEQlinpIRP                      
19750507-100140FIN197521975040119750507    6967877037.94    3384425848.60        4.86        4.36        0.49     420004026.17  629474032200.57    8543422790.83    695973156    776648955OVJLucFRYBOGFvuGZWfrWIXkXlBAMCEIbLeGWNDEcqjSGqJQxkWjJNbeHGX 
19750507-154038FIN197521975040119750507    3569943009.43     941448676.95        1.23        1.10        0.26     308147944.49  962918436434.48    9796720108.41    766759838    8540565290000000044
19750507-160141FIN197521975040119750507    8141147450.27    1534874153.66        2.03        1.83        0.19     709640985.36  663426576366.73    7118349563.74    756548646    837009266zZCyFkqieiPsUGvBJwvhXNW                                     
19750507-222431FIN197521975040119750507    6219729716.79    2608760662.54       21.24       19.62        0.42     335853133.89  336275222325.65    7225045933.07    122848567    1329782860000000000
19750508-052942FIN197521975040119750508    6749282082.42    4604215505.51       21.43       20.51        0.68     810802282.52  415170151985.79    4715881436.36    214855997    2244637430000000194
19750508-054421FIN197521975040119750508     933248157.94     372652002.94        0.76        0.70        0.40     173372023.50  869009613173.70    8630160501.25    487700830    5320447340000000250
19750508-100415FIN197521975040119750508    2315831312.20    1611684808.07       11.08       10.80        0.70     800383699.01  602405575664.33    4665685536.95    145416545    1492145180000000063
19750508-101912FIN197521975040119750508    6389570668.36    1069630245.39        2.00        1.75        0.17     139577391.76  701195558347.83    2963547833.62    534319272    6100793540000000193
19750508-104027FIN197521975040119750508     506523109.24     184128877.42        0.20        0.20        0.36     347553280.81  641156921151.35    2605247295.34    922207026    942109818vnbESGDLPDBDVwsKNSXPqRYLGXjuxVJrQDsEcEVAYIyXWMFThaGbMIZNd   
19750508-170649FIN197521975040119750508    4285258847.56      91803783.19        0.24        0.23        0.02      95940157.97   96155899307.48    6284181655.93    383672236    3956823250000000362
19750508-221637FIN197521975040119750508    1533972444.42     305693466.90        0.58        0.55        0.20     777441036.81  994399892605.52    3081967207.82    528450951    5508951070000000170
19750509-031844FIN197521975040119750509    9968781958.35    5835216908.54       34.08       29.50        0.59     284511946.01  817029165202.77    4104002884.67    171206189    197802792NDADqvWeHTUAmUatCSDcHERRuXjpHdzMqjiLgxFOplPZNfETQIO         
19750509-123402FIN197521975040119750509    1048710590.41     461825689.74        0.65        0.61        0.44     190184866.19  198914121719.10     297675557.47    710941385    7514920120000000345
19750509-223817FIN197521975040119750509    7629116482.04     944694513.37        4.74        4.20        0.12     686150865.21  144712329396.38    3962977286.39    199252522    2248910340000000004
19750510-075714FIN197521975040119750510    3350004868.30    1847948940.44       23.91       20.28        0.55      65228940.48  261716508050.45    2402370004.27     77290228     91108233KsLBXnElVKdTMXGCGoOrJDQaBpHiZwbprNnHXjI                     
19750510-183427FIN197521975040119750510    5975215186.69    2622659811.69        4.19        4.10        0.44     335563573.02  572592353558.96    3007134735.64    625907535    6393659440000000378
19750511-044721FIN197521975040119750511    7776129358.23    3674602045.11       50.18       43.37        0.47     561484211.23  395893544060.98    2075467464.45     73224898     84732525XiuLDVDnYQnZdWqIeVWutEjPXZaaQbOqjsNvlFMIc                   
19750511-114946FIN197521975040119750511     347624329.05      22797585.84        0.29        0.26        0.07     969464730.70  259525648804.53    8143724813.92     78140574     86439280qBMMQLoTVJXYOWHbqUadsqhStqZmMDQEYnX                         
19750511-164357FIN197521975040119750511    5510429110.70    1917932209.60        2.33        2.23        0.35     245305229.10  284499281517.46     950911317.31    822594221    859376133UXKSWgGTVwuzWNnUV                                           
19750512-012753FIN197521975040119750512      95585858.08        594337.86        0.00        0.00        0.01     585877972.91  435698575320.06    5364039762.59    874938286    919625674bLDfMCiYJfdEseRPOSrNilaE                                    
19750512-115002FIN197521975040119750512    7890684124.52     874983065.04        4.56        3.91        0.11     722985161.82  791233407285.22    5907483818.24    192004246    2238203100000000165
19750512-195241FIN197521975040119750512    5098171863.11    2018572593.77       20.09       18.11        0.40     366849350.29  302598835942.44    3208603025.41    100456127    1114804030000000385
19750512-234537FIN197521975040119750512    4104876561.14    2770546054.70       14.34       12.50        0.67     196789071.69  851264302047.58    1977861774.60    193203131    2217287420000000140
19750513-055241FIN197521975040119750513    7161697050.71    2747956519.52        7.99        7.60        0.38      30265077.17  182084560816.96    2098222149.77    343873431    3615204020000000150
19750513-151414FIN197521975040119750513    7175868449.61    3628434208.07       10.60       10.49        0.51     585516016.69  984128617258.33    1271140256.88    342401777    345954587SvidWcyubUlaXFkZnmqETXvDJYaXITuhWLA                         
19750513-194757FIN197521975040119750513    2028209148.78    1237593258.31       28.89       24.97        0.61     927816667.21  616514760785.22    6395056222.78     42837106     49559072ILluFBdLbXRPNPnaiojyEqsGqUArncqWACvKTGoQnLdlqc              
19750513-224850FIN197521975040119750513    6235992957.43    2612788544.95       11.95       10.21        0.42     201390768.92  260153665998.79    6392160671.42    218613814    255888872OFnTuxOMWDUHOSyWOVCiEosNDI                                  
19750514-052208FIN197521975040119750514    3325027678.98    1376475676.01        2.96        2.80        0.41      38667929.96  937108631765.75    5986181983.13    464333369    491244708HEGOhdnxjYISpGXhRRUQahEU                                    
19750514-091122FIN197521975040119750514    1896384407.89     270919962.25        0.85        0.80        0.14     141087715.96   62871042722.17    1176965930.31    317788085    339244359ziJohMcvsgUVqHyXNSwWAqFRxoSF                                
19750514-102250FIN197521975040119750514    5636862638.42    1016363572.07        1.25        1.10        0.18     199083929.89  557701136497.19    9054110095.61    813028594    9264880770000000203
19750514-170931FIN197521975040119750514    9848763709.21     700669759.88        1.84        1.59        0.07      50383042.86  272375650069.58    7408074722.58    381461843    441403283sFUPMbMzZhWukEqBOFVslISMGF                                  
19750515-042034FIN197521975040119750515    5078789769.36    2661010703.30        2.83        2.59        0.52     252611307.47  880447434696.12    9363438496.79    938639820   10271797750000000328
19750515-090402FIN197521975040119750515    6815175824.53    3038472145.00        6.23        5.83        0.45     170757692.80  947982379510.77    4546381661.54    487758869    5214799310000000115
19750515-174757FIN197521975040119750515    9465556599.69    3999608746.68        7.00        6.45        0.42     904887041.20   88876847538.13    5882005980.19    571655617    6203000350000000232
19750515-230557FIN197521975040119750515    2662626665.74     416916802.25        0.64        0.60        0.16     833788665.73   42105511572.54    8002789691.60    650436692    696183694vtxONKEUgRnPmIoUdpfrnHZ                                     
19750516-061645FIN197521975040119750516    3833154319.95    2413522698.43        5.11        4.75        0.63     991321203.50  493804941704.50    5564583023.93    472013844    508046311IGdiEywJBcATiQxUreXhZFNmItSTGTzCWbMRFCVCvGNDFskCX           
19750516-064654FIN197521975040119750516    8468678437.84    4435844988.39       12.88       11.37        0.52     210110694.38    7446858599.94    5190230044.20    344496972    3901099640000000073
19750516-132120FIN197521975040119750516    8464290694.99    4350736363.64       10.16        9.55        0.51     683878002.95  305518415223.13    7091972998.29    428347115    455478854MPXsEKBfxnGLiVsxypP                                         
19750516-170943FIN197521975040119750516    5943947933.58    2877283989.28       10.47        9.22        0.48     941539717.98  152633659444.29    2151446093.58    274724475    312004613PjlPgtyXFQMaQwoAnVgbUFMVCFQGEgeGVOPIPEPLwBmXWxRK            
19750517-022928FIN197521975040119750517    8700079600.54    4236673079.77        6.07        5.41        0.49      54853565.93  981194283554.52    6892359816.84    697806946    782889608nUdcNsETZCLxuPVMKh                                          
19750517-082258FIN197521975040119750517    1164983527.56     220076133.42        0.32        0.31        0.19     858035355.26  915489525516.83    1901115671.34    685402174    703182576hcPDGWJeqNhVOJEHQzDTICfkFUCNaLlcnCkzQvSJALfIzRb             
19750517-104558FIN197521975040119750517    2022038538.23    1408997633.35        4.75        4.16        0.70     589419638.24  100535637740.77    3044242919.51    296683318    3390514730000000230
19750517-163344FIN197521975040119750517    6178859823.96    2322434959.72        2.44        2.09        0.38     908056582.27  349313384023.97    6430180211.00    951717939   1109757809OWhkEOObBxFJLmuCTofocjzocIKbNsmlUvpBNaiWNzJI                
19750517-180751FIN197521975040119750517    7683639168.78    2722524745.16        5.14        4.43        0.35     826128166.34  598252406382.86    9100270881.04    529713949    6149745090000000293
19750517-210648FIN197521975040119750517    7956501477.64    4444521532.44        5.94        5.19        0.56     132387722.70  787803846831.41    4960897687.36    748578594    8567730840000000055
19750518-032854FIN197521975040119750518    8071376523.30    3919079284.55       10.02        8.67        0.49     660332005.59  489609588372.18    8303548945.69    391128701    4520003620000000099
19750518-121732FIN197521975040119750518    9328800857.43    3800004438.16       23.48       20.43        0.41     874327958.61  336587992816.77       8266714.83    161869264    1859941130000000341
19750518-205226FIN197521975040119750518    1499985136.84     412405564.38        2.77        2.51        0.27     447029836.13   68882590202.75    6579820531.40    148745895    164014445sQMThSisLgECOomFbVEUzIKGRTZPMCUNaSOgnCBEpGlqPoZzsLVmKn      
19750518-205228FIN197521975040119750518     265352048.84      20708590.34        0.07        0.06        0.08      78431651.63  664089691605.65     983997494.67    288263398    341013791pArpWSNsgNKTOPAFFXMA                                        
19750518-210543FIN197521975040119750518     363617647.55     134285499.30        0.14        0.14        0.37      77383518.08  500685129357.20    3573696383.73    964888525    9939397830000000357
19750519-054222FIN197521975040119750519    6885899830.75    3144188381.64        3.78        3.45        0.46      42383553.12  566974954140.26    9733909223.68    832130610    9103750650000000137
19750519-162258FIN197521975040119750519    2254110201.68     468936111.65       17.20       16.25        0.21     202278714.64  990281478279.01    8287731915.17     27270142     288520310000000025
19750519-183703FIN197521975040119750519    1826717312.22     582335542.19       13.64       12.94        0.32     990745801.84  787943829786.60    2628364207.47     42694110     449854870000000049
19750520-002049FIN197521975040119750520    9894789882.01    6783104154.84       19.81       17.49        0.69     866967354.29  825616271139.64     303300008.03    342322316    387836045QvlaxuqiNVtNVWlBOlQEiRKoaUgAX                               
19750520-074349FIN197521975040119750520    3790948450.02     336707547.18        0.39        0.38        0.09     991553314.93    9058362466.63    7167131279.94    869342487    8847826910000000071
19750520-084943FIN197521975040119750520    2621229399.63     396938784.10        0.40        0.39        0.15     635935442.94  125136971848.84    7923486095.55    982457680   1022552602pCpCzKjHcYqVffAhFtKrpRMJCHZR                                
19750520-121615FIN197521975040119750520    7218926254.21    3041492223.62        3.74        3.74        0.42     646195086.86    3725294638.67    6137581135.35    812887541    8139372280000000366
19750520-165257FIN197521975040119750520    5134955884.63    2533478006.90        3.75        3.34        0.49     173865316.00   33221404418.63    5077306942.63    675263479    758307617qRAMrJWYRgHUIFKxEZjraB                                      
19750521-032129FIN197521975040119750521    2270727133.80     686478921.96       68.94       58.01        0.30     387591192.19  735807139146.57    9546975472.87      9958014     11834171xJLQVuTFshRimMWvovlkhREDPsbyCEbOPAiHlYQoNpMfOnOS            
19750521-062615FIN197521975040119750521     313016848.35     145176531.10        0.23        0.21        0.46     622030594.15   50598557760.23    5784732363.56    630028860    6820112690000000360
19750521-153922FIN197521975040119750521    5068749388.17    2445609998.98        4.71        3.97        0.48     602313106.59  877286184758.12     434934354.60    519412973    615519574hLJBQUzrFVOXJcPWoMTCtDJWVHTNVVRwBxaKF                       
19750521-173221FIN197521975040119750521     108770594.10      71017049.47        0.17        0.15        0.65     681867460.22  811519836724.31    1762826903.07    414912595    482286539EVUsfGZbFTVUBMUvYJxLFJecNoRUrFGd                            
19750521-205019FIN197521975040119750521    5309800829.32    2355999402.13      130.40      115.27        0.44     232626464.88  355390689899.37    4292449032.42     18067309     20439009VXpGhfFbmgISLSMZVQlpBtNxkRhiLKvoTFIEKvFgIOL                 
19750522-041706FIN197521975040119750522    7465868051.52    1553640198.77        8.27        6.95        0.21     837968936.76  413526067016.67    1725991690.82    187903693    2234947140000000388
19750522-094025FIN197521975040119750522    8962336977.16    3534102318.25        7.05        6.58        0.39     413903978.32  806889868297.47    4741190386.12    501346309    536702745QNZUltgBGCXGYshw                                            
19750522-103351FIN197521975040119750522    8549771085.00     641118620.03        0.91        0.85        0.07     747152169.06  340485078557.16    5384296450.40    704991391    7572865970000000206
19750522-113714FIN197521975040119750522    8486375975.50    4713420600.48       29.13       26.93        0.56     142977185.12  607325393503.01    5782068415.20    161800965    175032974OHzaLyFKQkeISJnxSTeShaOv                                    
19750522-211114FIN197521975040119750522    3090523631.04     452345540.79        1.37        1.35        0.15      70780081.82  258551648131.59    5887792418.27    331173624    3358235290000000297
19750523-023500FIN197521975040119750523    3957485474.03    1121324524.80        2.17        2.04        0.28     150412562.00  752662488736.35    8736644377.00    517077704    550234222NiBcGbDvQsFXSbRxOUPzUvEKLCXRVlDFrhOUHduBWHC                 
19750523-111046FIN197521975040119750523    8134132339.70    4994438006.23        8.87        7.82        0.61     566522389.60  614511767662.42    6306721211.30    563151997    638678416kdkMSIAUXjfEwPBQSgTKSIKmszCtWWXwKGVRUzPODH                  
19750523-182638FIN197521975040119750523    2981676369.19     601686850.89        7.90        6.70        0.20     850056070.96  925642221775.56    9252817928.41     76178234     89812162jnhGOQaSGPLzBRc                                             
19750523-184119FIN197521975040119750523    8566727610.72    5286259727.35       45.24       43.54        0.62     969024377.08  135725435555.05    1146107703.38    116861479    1214253170000000252
19750524-024635FIN197521975040119750524    1770127312.54     174622775.85        0.25        0.23        0.10     256309568.66  648357953318.66    8158923293.00    685140070    7662603730000000367
19750524-030426FIN197521975040119750524    4117999263.66    1992896191.84        3.96        3.82        0.48     364360813.57  545702685469.33    5282114115.82    502993233    5217329310000000003
19750524-031905FIN197521975040119750524    2794567165.38      96092393.00        0.14        0.13        0.03     979870312.62  267798330046.74    1484645029.17    682964139    764179632GzDXOWXDABSzNrogrDpc                                        
19750524-105009FIN197521975040119750524    8334702747.73    3487479338.43        7.17        6.50        0.42      57208236.89  359168305862.66    8151914658.39    486494662    536444097SJyzkTKNVmGtmiE                                             
19750524-213539FIN197521975040119750524    8995499991.12    4299866905.51       72.87       60.86        0.48     200318037.78  331032939678.72    3987712351.73     59010216     70648795FkqRCPDzQSwBVrQO                                            
19750525-011226FIN197521975040119750525    2534882543.29         97347.61        0.00        0.00        0.00     208989623.56  937820114702.51    7423746725.73    676871612    6998126390000000061
19750525-032130FIN197521975040119750525    3802106922.10     205440101.92        0.33        0.30        0.05     434722941.77   84395781234.64    1641970823.32    631679515    6783005240000000376
19750525-045043FIN197521975040119750525    7669645064.44    2527741657.48        8.39        7.83        0.33     282257075.57  617358248294.16    5612750268.56    301240690    3229403000000000371
19750525-082534FIN197521975040119750525    6844428257.92    3961957707.39        9.94        9.75        0.58     442404698.46  689499745796.78    3345581657.28    398519233    406336132CRdJpWDQreFROHBFJMWTljcjrFTJfFFYspoqiNhLKuVAcQDTaY          
19750525-144318FIN197521975040119750525    8326351826.16    2709619464.31        5.80        5.29        0.33     863697591.07  552574954038.82    8360327222.58    467007552    5126888670000000217
19750525-224124FIN197521975040119750525    3615283032.66     185487281.10        0.19        0.17        0.05     608702205.94  648961378335.49    1533687564.90    971607404   10755274610000000007
19750525-230532FIN197521975040119750525    5136282694.11    1497256019.45        2.07        1.82        0.29     526183764.70   99566164432.57    6117215016.37    724814139    823018205hAZTeeUwWHJnxVqOIIMdOeIUXVFVRVcjVxkKbHSX                    
19750526-091444FIN197521975040119750526    9315732338.96    5853644941.16       28.43       28.19        0.63     363853203.45   50243166760.47    7200610311.98    205872505    2076238610000000359
19750526-103019FIN197521975040119750526    8389382417.65    3282592211.41        7.81        6.90        0.39     742639268.51  686345520144.89    7578287574.33    420419709    475961501reiXxzjRuPXPXrZpVKbnvJ                                      
19750526-153622FIN197521975040119750526    9396742469.34    2144881883.52        2.56        2.50        0.23     277884909.34  110348079042.47    6766213949.37    837406237    858711800SHuHLFwNwXBOULlQFbWKYVBrKPnFoRtjcMFSgqzBsfWO                
19750526-214339FIN197521975040119750526    2620430330.93     856814583.05       22.73       20.87        0.33     538510997.97  444481629702.41    3165351214.95     37698266     410624150000000142
19750527-033332FIN197521975040119750527    2078954936.20     321516077.45        0.61        0.51        0.15     417554799.10  733220904723.15    7754329701.69    526235462    631181795XcxyxkqjaesCOVlDpRLKOSaaUSDCxuJjG                           
19750527-095752FIN197521975040119750527    3420657792.51     205583126.02        0.51        0.49        0.06     356080934.43   57393019678.00    4582867910.41    402948309    4171149530000000189
19750527-120033FIN197521975040119750527    8026088469.41    4893753518.63       21.35       20.50        0.61     888676148.33  789796629935.99    2996543854.15    229266228    2386704240000000261
19750527-231304FIN197521975040119750527    4547304941.14    1552025208.07        3.01        2.61        0.34      13023958.20  713612908834.21    2654923488.09    514773569    5939547770000000030
19750528-034942FIN197521975040119750528    2962456392.31    1907973064.66        3.34        3.30        0.64       8817637.65  810547456831.76    3339565448.78    571025548    5775957150000000209
19750528-120607FIN197521975040119750528    3849765600.54     135850091.17        0.20        0.19        0.04     219981101.63  359284086829.43     723315404.49    663451491    723137930iygCnruNmmiRZKrPxEHpuLAIrZIVgBcvWJzjzMNW                    
19750528-221142FIN197521975040119750528    2294421864.23     472538267.44        0.52        0.50        0.21     436521859.33  730691005405.19    6840215615.07    911941669    947346393zjoKtxCKSTNWLpRzJEjyVWiVEuzmYUTLdbyRHLSIgDUbYquZsCvOKJvFaWMu
19750529-070230FIN197521975040119750529    5457907927.19    1002750872.37        7.38        7.14        0.18     751147522.13   56356190953.71    3241076213.60    135801450    140510349mRkaSTdQLaAmtCbOhhWUDjaSpJDSMzunhtbLMIypoSnLFzQYmeCeUpuWd   
19750529-103443FIN197521975040119750529    2217223767.46     598718973.57        5.50        5.17        0.27     860563921.03  763369400322.15    7816621934.58    108832791    115875309inZSWxMORYAMakTEICVCgOECFdCknDeuMDaK                        
19750529-114853FIN197521975040119750529    1224942030.10     800999506.39        1.59        1.43        0.65     538213760.70  696458214513.40     737837499.57    504414258    5600595310000000064
19750529-205929FIN197521975040119750529    3513503789.49    1653531367.24        4.40        4.22        0.47     995266853.60  398283162205.27    2723893391.71    375845185    3917513370000000355
19750530-032918FIN197521975040119750530    8120911037.49     810742401.85        3.53        3.20        0.10     523616914.51  129926718394.26    7011297168.09    229688401    2531635450000000037
19750530-035456FIN197521975040119750530    8366678010.30     939532414.77        1.67        1.42        0.11     983254284.31  876445036807.72    1807251285.83    561963829    659375734PozAgYtmghzwqacMhOFSFF                                      
19750530-082753FIN197521975040119750530    4798298629.45    1965237536.02        7.99        7.31        0.41     520688196.11  836609509707.94     690766636.79    245876911    268888933WaPVywTQRRwsTRQ                                             
19750530-170509FIN197521975040119750530    2711732534.87     982218047.69        1.31        1.19        0.36     501827305.23  851069289674.05    2318847148.95    747615005    824504343pJIzRZJpGSTuQYQXaVodUJTsvkryXgSHUyImKup                     
19750530-235905FIN197521975040119750530    3398512678.00    1477038962.22        8.32        7.86        0.43     771165144.35  323765796643.36    9003320802.23    177524731    1878975630000000308
19750531-012258FIN197521975040119750531    2707431715.02    1828957360.94       11.93       11.57        0.68     299032879.92  605506730180.87    5008151243.69    153345283    1580425260000000323
19750531-080504FIN197521975040119750531    9736159585.74      78657721.24        0.38        0.34        0.01      77022250.41  179293915164.30     606371526.51    208851070    2285756190000000166
19750531-174854FIN197521975040119750531    9239666310.75    4013406194.33       11.81       10.28        0.43     373153286.73  976261996116.03    3403733629.76    339842251    3904469170000000125
19750601-025441FIN197521975040119750601    2801728860.86     739032363.47        2.38        2.01        0.26     986191081.96  449140275292.83    5109725728.36    310366778    3677685630000000029
19750601-120546FIN197521975040119750601    2173714516.20      69329973.01        0.08        0.07        0.03      96797416.46  117107306599.77    5625277638.48    841106483    9293855420000000340
19750601-122627FIN197521975040119750601      94198546.41      44817105.58        0.17        0.16        0.48     712510820.87  603975705198.15    6008937428.99    267503083    274302865WOeORZjONJrMMFhfyOvFLmfqNTXNJnHMAmZRQXyYwksVOd              
19750601-183045FIN197521975040119750601    7339530564.71    2539759222.50       47.90       40.20        0.35      42380666.58  690469378400.31    1315526012.61     53017953     63180660JNrlzArRLtDOXxp                                             
19750602-014738FIN197521975040119750602     138022365.54      58669385.16        0.06        0.05        0.43     839567401.72   96398567586.00    9489765970.36    988575292   11705450020000000373
19750602-105521FIN197521975040119750602    5458861294.51    2593564867.23        2.63        2.36        0.48     826987906.73  717004200065.94    3970909551.41    984557343   11000116840000000040
19750602-172828FIN197521975040119750602    8094527144.47    2458966138.32        7.84        7.14        0.30     193055084.37  972217714095.48    3730345738.55    313638142    344294520niISurcNZMDtUHJAAmpALeY                                     
19750602-185454FIN197521975040119750602    7730687108.20    2294634718.73        4.41        4.08        0.30     450647817.02  664732123769.10    4071804351.30    520001376    562795524yRPdOOYwDRIgGtBTaFzyuaZQ                                    
19750603-054131FIN197521975040119750603    1319795780.62      53943454.90        0.09        0.08        0.04     735201726.89  200826020113.81    8171106350.27    583373237    6894590510000000128
19750603-090508FIN197521975040119750603     640649097.37     356471902.49        0.66        0.65        0.56     686682814.31   87684556733.14     541196003.07    538603321    5493737050000000346
19750603-135056FIN197521975040119750603    5529180708.34    2456389709.01        3.76        3.30        0.44     354054301.22  991624849860.79    9433666093.14    653316331    7445387130000000199
19750603-202606FIN197521975040119750603    6566078683.72    3486755723.79       14.50       12.25        0.53     165733751.30  950369873315.35    5069199833.19    240468834    284697656NDMTpVIrJWPCeyQCcEYjkKvXAtipQddjCx                          
19750604-051906FIN197521975040119750604    7808476398.36      74254807.01        0.09        0.08        0.01     555154986.14  767446929966.40    9462374517.11    819057615    892394100MsyYBSXNmpCCDtQsKITr                                        
19750604-102019FIN197521975040119750604    5494350612.50    2631773496.34        4.97        4.95        0.48      16200433.61   69392038199.30    4043075644.88    529288277    5317014670000000254
19750604-190140FIN197521975040119750604    6906271696.03    2807703950.63        4.39        4.29        0.41     170363854.33  153000172178.91    9986790484.77    639039920    6549472340000000277
19750604-200530FIN197521975040119750604    2428639181.26     516811185.54        3.51        3.09        0.21     908103549.24  798668992990.48     611251447.96    147404570    167418333BeGOWxPTEYMAIQhKJtpUTqYu                                    
19750605-021301FIN197521975040119750605    2780947791.14     703453223.55        4.70        4.14        0.25     253447722.80  200375099348.54    8192645510.91    149540434    1698524150000000133
19750605-103501FIN197521975040119750605    8348130819.90    5631247975.58      188.49      185.05        0.67     936323352.75  641510220132.70    1176034235.20     29875040     30431472eyGBByYTpoRbgjJdHtPbQdJTXrTbcWTJkSHlPvDAkK                  
19750605-121203FIN197521975040119750605    4133759538.34     245811133.36        3.71        3.27        0.06     243209577.31  590025370163.46     833369384.23     66186022     75088600BvhtIYLKwSFVFgnsTkUZnIpBxtfPFEEeEcMLBFYLtOxBVxdDDIhwS       
19750605-222350FIN197521975040119750605    3584258715.10    1033775343.11        1.93        1.66        0.29     921832183.13  198881955011.60    6747920537.15    536695569    623013417KmmVMAnFFPQmIEPRJFeYqLOdwxWQuDObsQcTKGNrrp                  
19750605-231734FIN197521975040119750605    8980154377.16    1793889660.86        4.50        3.85        0.20     202846558.29  262355130723.43    3677582700.29    398720279    4655709290000000374
19750606-015821FIN197521975040119750606    3921136443.42    2554463633.00        5.18        4.39        0.65     674892160.44  470319698434.29    7365561353.25    493379740    5817969960000000005
19750606-114905FIN197521975040119750606    8283200653.33    3064248159.18        3.09        2.64        0.37     325230817.12  517591347606.31    9166252964.06    991042869   1160622535kBFzLPYLDHAuIEHlgFFBqUhnO                                   
19750606-210616FIN197521975040119750606    9890195216.56    4695464271.27        7.17        6.73        0.47     726861699.66  374582971634.61    5660868455.32    655082425    698091052yCYxzdCtKDVDKNxAugXBOfBjJNSubdTVTPNMQGEtO                   
19750606-212148FIN197521975040119750606    2054771492.89      94834612.87        0.14        0.12        0.05      56968495.72  808457380028.30    5375028106.25    688024092    8189877730000000356
19750607-042957FIN197521975040119750607    6098000000.30     335709675.73        0.34        0.31        0.06     121710633.12  152776196281.20    8326613259.05    990916198   1082013757PAKPEEUQmMEQCIiKNBmUEBtPfusQRkopGWWnKXMrfXJjrgUvxcuTzMgPK   
19750607-045133FIN197521975040119750607    5018070252.84    2908450504.13       11.71       11.47        0.58     456739916.61  563543157684.75    8064648875.42    248389966    253678772OCuNrytyPITVDUziIzC                                         
19750607-054700FIN197521975040119750607    7777516387.02    1063783463.88        2.15        1.91        0.14     469810155.95  837621960264.01    6129062100.75    495612682    5565418060000000393
19750607-121237FIN197521975040119750607    2874121902.55     241697225.31        0.99        0.90        0.08     800220179.45   50992394409.04    1735988124.13    244195560    2686535920000000060
19750607-153348FIN197521975040119750607    4673874173.84    3237767812.86        3.56        3.00        0.69     990652195.20  246355002103.36    2511360682.30    909758564   10796781520000000163
19750608-003016FIN197521975040119750608    9837340243.35    1410782046.91        2.23        1.86        0.14     563895902.64  890193258747.50    4773866743.83    634056449    7591393810000000006
19750608-093755FIN197521975040119750608    8871203110.04    4858399044.65        5.00        4.30        0.55     145137336.90  579849235449.92    3449984149.79    970966734   1128608653xItpdiEnJJAMNVucbcMCrZOxGKVLQtYwdGnBtSGBDqMTsWQhoJxXwANLFnQo
19750608-195128FIN197521975040119750608    3068183589.78    1837670750.62       11.03       10.48        0.60     103369514.85  805961935898.19    8080406136.48    166599995    175361508NETywBVQRDrvjEMFNOUECiUBQnOVFLSdbNhLTqVKJxSLJIXNsm          
19750608-210840FIN197521975040119750608    1185200077.89     218332562.11        1.36        1.27        0.18     703073498.03  433946626826.02    6930376781.14    161009574    172325862eezYHLVGTnzwQXHAOrKazMfL                                    
19750609-040241FIN197521975040119750609     534138191.44     314733160.91        0.67        0.66        0.59       5945713.42  435631661096.20    2741401969.19    466848034    4794118450000000375
19750609-123610FIN197521975040119750609    6228655071.64    1133864806.55        2.55        2.34        0.18     891698079.93  235674355214.31    5929349802.75    444928849    485407149jmClCXBcZwINVyetRxHbWYRbsYBIFkuIGtecXWIN                    
19750609-231639FIN197521975040119750609    6423379978.36    3332544342.03        4.26        4.06        0.52     123438350.25  978969274836.32     713951748.78    781599085    821641675UCXHsOMKBBhFtzPEIauEkuhRHBwnBaQQmhkLJLYXHLTsPYhuqrMWF       
19750610-071548FIN197521975040119750610    4453021662.11     850059405.71        0.88        0.76        0.19     433025839.33   98645349613.20    9830994153.78    964295349   11217505150000000033
19750610-155013FIN197521975040119750610    8427026637.51    5355398001.25       11.85       10.67        0.64     390725151.50  898482698441.53    5994844689.88    451969974    5017857530000000181
19750610-213614FIN197521975040119750610    1248882893.88     635303461.15        1.02        0.95        0.51     282712409.16   69465654277.33    7590294132.01    623146813    6655914940000000153
19750610-214746FIN197521975040119750610    6226916525.83    1459532026.41        1.84        1.58        0.23     127187944.33  163338041024.93    1625194041.68    791172149    9246072940000000143
19750611-063805FIN197521975040119750611    4728614467.74    1421751646.31        1.84        1.81        0.30     539493931.35  438731808933.44     106740160.28    771547704    7840679530000000192
19750611-121718FIN197521975040119750611    4280313113.97    2101262234.99       12.24       11.65        0.49     397489102.54  780683475264.55    4131514252.90    171736473    1803267220000000090
19750611-130337FIN197521975040119750611    4667527140.81      37526231.01        0.15        0.14        0.01     181047240.28  962779475543.01    1869935628.77    257553865    266912642QuEuXKQCZYjtQhJBUrYgFEUsardMoZDviiKW                        
19750611-233047FIN197521975040119750611    4317366813.62    2369965232.37        8.20        8.13        0.55     505136133.69   27386781543.67    7254528215.69    289033765    291543276gGWmrXJoqkjXNgwDRfiWhPTGZW                                  
19750612-005952FIN197521975040119750612    4556789043.53    1700456065.81        5.04        4.57        0.37     578807946.97  775776861256.37    6404053773.94    337354261    3719484840000000253
19750612-043208FIN197521975040119750612    3802160998.86    2551465734.10        5.09        4.87        0.67      23313205.73  923472453172.38    7458680349.48    500914676    5238960390000000180
19750612-113708FIN197521975040119750612     955240117.32     374485116.41        2.70        2.62        0.39     964138578.51  116895358832.44    7311425208.45    138620984    1429431270000000016
19750612-130424FIN197521975040119750612    8394113369.03    2870074147.33        3.52        3.40        0.34     453976524.71  872937962622.78    3881573371.44    816291522    843199022FEJqDJbFBHFbMSWLMHkubadniLCUCNTSGIPYDVhVRqNYCB              
19750612-193015FIN197521975040119750612    8373098285.66    1836902289.81        3.03        2.66        0.22     977102353.89  907205442678.11    6598791572.99    606568409    6917267300000000220
19750612-231111FIN197521975040119750612    5778048855.77     677239586.54      172.34      151.10        0.12     544734863.22  374682299441.21    9089271940.69      3929692      4481974gSPTnEYnBdFkIWPfTapBoPBM                                    
19750613-080640FIN197521975040119750613    9050311529.22    3347622517.60        4.06        4.01        0.37     679782528.02  935781112127.27    6486750323.84    824910320    8338401810000000012
19750613-122044FIN197521975040119750613    3977204358.97     154105053.37        0.17        0.16        0.04      32233116.89  584223131112.35    7651555606.19    896275488    9671261600000000183
19750613-130620FIN197521975040119750613    4772505703.24    3129150510.21        7.32        6.21        0.66     436775999.57  556205952677.27    9198905626.10    427273268    5036417310000000091
19750613-200519FIN197521975040119750613    6827561704.68    1064458353.10        1.71        1.70        0.16     207548123.86  829069401313.19    9565198950.08    624102583    6274768880000000229
19750613-212725FIN197521975040119750613    2405024099.21    1549444993.12        8.26        6.89        0.64      80669784.08  413778435439.37    3019309588.86    187497627    2248775660000000348
19750614-074543FIN197521975040119750614    7900271022.46    1493220000.35        4.42        3.88        0.19     517884470.65  804775248892.24     545284267.80    337879516    3844422750000000103
19750614-085959FIN197521975040119750614    8510838665.92    1731755386.95        9.32        7.96        0.20     591712378.31  487028536812.36    6861166443.82    185896125    2174831080000000086
19750614-102609FIN197521975040119750614    6627541451.91    2581609637.31        2.70        2.30        0.39     578444036.86  427365231358.03     235804199.01    955784895   1123224950OKehKyGaHgbEeBcBDAnFaXwXmCfzDCIig                           
19750614-194549FIN197521975040119750614    3508088371.79     497372965.31        0.55        0.48        0.14     307257169.54  466786933653.62    5147998489.01    896460437   10439538900000000266
19750614-213726FIN197521975040119750614    2741508313.14    1142560106.46        5.86        5.45        0.42     125327243.73  281515496602.95    1925108990.14    194998769    209650054pmVFtISJNicSLMLBUTybzczhOfHObPpMYpBqjAaxrDHJ                
19750615-061055FIN197521975040119750615    5057097530.15    3226132543.96     1131.98     1125.74        0.64     543969116.95  903274287308.02    4868734425.51      2849984      28657920000000316
19750615-082904FIN197521975040119750615    5208678522.81    2209641205.67        2.35        2.03        0.42     555931841.88   29614129080.81     109023704.46    941645165   1091009715VZFBRwvFHyQCUMDVoBLLIIBmacVsHPTyOUvhQJtRzByXxTqcURyaA       
19750615-115701FIN197521975040119750615    8876702632.57     272600431.46        0.41        0.39        0.03     486367868.33  796453773553.33    8203099998.28    669141530    6950263410000000289
19750615-153231FIN197521975040119750615    5059444098.24    2232504585.08        2.43        2.30        0.44     925523000.85  707471328200.27    1142025614.81    917204988    972545719VJecwNGRKWWFBmyGzHnLJQDTAFYJSdZYFIIDBdQdB                   
19750615-165247FIN197521975040119750615    5153932158.19    3115824116.47        5.17        4.67        0.60     367881739.05  778964738689.33    3890071658.84    602561247    6666424080000000178
19750615-235113FIN197521975040119750615    2249694933.22     838084538.96        4.64        4.33        0.37     105972244.00  750757720358.91    9456364423.38    180756033    193511807JCFOaBxNVpRmAPrlOMHhDbxMXtDSIqOWAypHKArsJlVKEInHOA          
19750616-082509FIN197521975040119750616    2695333238.79    1411273218.68        1.50        1.26        0.52     807555365.14  421643867802.05     440121799.66    938285728   1122601659rflAKFDXHCAcNmwLNJTMIvxdoAJIIC                              
19750616-094613FIN197521975040119750616    1634487456.31     929402058.76        5.75        5.17        0.57     875663768.12  285648227956.07    4081600293.94    161729717    1798863130000000155
19750616-133941FIN197521975040119750616    9901734783.77    3130119520.39        3.69        3.15        0.32       4280865.09  203198651914.57    1005941322.04    848518461    9935927960000000136
19750616-182228FIN197521975040119750616    5850552715.61    2437754537.63        4.92        4.32        0.42      32678827.11  797740018589.80     825314209.96    495650359    564549552WtLJlcZhUpnUJhcOl                                           
19750617-001937FIN197521975040119750617    3330093324.26    2224194276.09        5.25        5.12        0.67     231511390.68  739756418230.02    3067631045.18    423903489    434220363eMeEGklgXHxDbHmSKMgdNjtvbmqrnPkesDKCAFGtvoUrQw              
19750617-011131FIN197521975040119750617    8663352503.19    5804316919.63      133.15      113.66        0.67     203916747.40  809922255924.72    7595663592.25     43591675     51065821kCGxWShTICEMykTPjwUmen                                      
19750617-050209FIN197521975040119750617    6691476985.12     546932076.08        1.87        1.85        0.08     609543624.95  999758998657.39    6513828967.79    291723798    294960578NvcsQmlNGvrUpHVMNMKHzdZhzXKERsNxWKMVBzKlsSBM                
19750617-124458FIN197521975040119750617    4720365417.94    2261344819.89        3.03        2.80        0.48     958209591.21  264128619782.96      79455972.20    745096911    808477000jRhDJJDxLPxUEMMpdhzdZNqRVTuzMCrlMcwMsdHNvIEBwDfErPG         
19750617-192814FIN197521975040119750617    7723065081.63    4397655548.56       12.23       10.82        0.57     585937342.62  334790803323.00    7905100232.65    359432680    4064275250000000327
19750618-031116FIN197521975040119750618    3581440094.15    1984253064.37        5.22        4.59        0.55     638342691.37  153641695646.15    9474061936.79    380125070    4319088980000000084
19750618-095013FIN197521975040119750618    9841832405.31    4629943850.21        6.79        6.42        0.47      59789442.61  117540986731.46    4109587078.95    682243793    720630577FXFYeNQJTmypAWxzHPOBgNFDcXaQQFB                             
19750618-204336FIN197521975040119750618    2257657781.78    1090759200.95        1.70        1.67        0.48     621274756.62  898056678314.49    6837461674.16    642605709    6547027740000000123
19750619-002531FIN197521975040119750619    4160464266.33    2543865766.08        3.38        3.26        0.61     588353742.75  708735940030.08    7004626833.72    752843257    779455350RhUQRxcjdEgKAzNIHpMnLOkaWYvDQqHM                            
19750619-004817FIN197521975040119750619    6002654806.07    2421721285.68        8.65        8.17        0.40     247932449.27   82689083723.36    6048067163.70    280111813    296414281xNZnDTSoUVPNSoYdgBUPLqzOHFZzrIJQNLRxXgjb                    
19750619-035311FIN197521975040119750619    8978145581.89    5835612784.53       20.08       17.19        0.65     319377377.06  464664996392.93    1837270779.92    290669775    3394725750000000284
19750619-051003FIN197521975040119750619    3477223126.39     182735446.70        0.21        0.19        0.05      38920049.38  931841599168.28    7839188186.89    852964414    9647059780000000334
19750619-151841FIN197521975040119750619    9984595266.50    3994769490.22        5.89        4.96        0.40     254843193.23  375351625629.86    6215343027.58    678558927    8056476820000000337
19750619-153136FIN197521975040119750619    7572047974.91    1657266543.23        1.72        1.54        0.22     196975457.09  407479846738.28    3001095537.05    963889907   1077298356kdvQFOkTaRvHCXSCLaPlNRXoWjrExnrSRpYQlXqFQvRky               
19750619-224354FIN197521975040119750619    9539190611.08    4917876493.02        5.82        5.39        0.52     394872008.47  847167630565.27    2312453618.18    844440043    9132234300000000301
19750620-072149FIN197521975040119750620    9391883850.02    1072396947.42        2.52        2.14        0.11     250641707.12  890114764020.49    9582196829.70    425221816    501046232HazhIGPeCVSzQZwuNFJTfJUbhYdYFIlCd                           
19750620-150218FIN197521975040119750620    1328619026.02     175051730.17        0.83        0.70        0.13     314391427.57  483051261450.01    2026672580.29    210831429    2508336490000000236
19750621-000708FIN197521975040119750621    5388930233.16    3248855140.96       14.07       12.07        0.60     734481891.02  117773314211.62    2543093000.61    230974216    2691449430000000096
19750621-060247FIN197521975040119750621    8993372499.96    3365888535.90        8.86        7.51        0.37     939926629.02  320522008743.59    9656308585.36    379995049    448318304fKTWdFNbJFpYzsgNOKBALRptDJzAgeGSPxIBaUpK                    
19750621-080652FIN197521975040119750621    6990400564.33    4064475093.08        6.90        6.32        0.58     635120872.67  299304319624.41    6559000822.20    589083356    642785702daGGtcoTREcrZvEbKVXTGbZcgwEydZMugGTKPnwbTU                  
19750621-093040FIN197521975040119750621    9188808412.36    3178535766.64       16.63       16.45        0.35     105628019.24  326988419644.64    7436261127.03    191117997    193195817bVdysLBHshjuPhsNYkHFNjcUcvqFIGJCdTiXjgeSviTyXxtbw           
19750621-151729FIN197521975040119750621     962651371.08     261980060.56        0.34        0.31        0.27     857146586.32  350147033254.51    6291609291.30    771486055    8404654360000000147
19750622-015259FIN197521975040119750622    6250445517.79    2252198539.63        4.75        4.16        0.36     449215468.05  669705925622.97    4891997231.32    474471874    5415864550000000100
19750622-064325FIN197521975040119750622     582771307.23     200039526.79        0.42        0.41        0.34     399997216.36  442836006898.53    1829175963.23    477329325    493432578qKjXPsBHCteFFjjVUJyGXLGVDBNKBTSUHGZTe                       
19750622-065933FIN197521975040119750622    9769928198.96    2257840142.46        3.26        2.74        0.23     803175313.34  237910987670.42     661548501.48    693614912    8238514450000000381
19750622-133641FIN197521975040119750622    5041814441.27    1316647179.33        1.62        1.48        0.26     478823735.24  586599233263.14    8688489306.66    811811511    891749787GKXARCFbFebKiAlLUJXKJgRjmqXdAQcnJFJAKTzRouxMxMVkXQMjtVZu    
19750622-142951FIN197521975040119750622    7813465053.56    1805694381.28        7.25        6.11        0.23     576225532.26  806895390006.65    1736779007.32    249223692    2954667310000000179
19750622-222606FIN197521975040119750622    9334028678.47    1969732402.96       21.56       18.71        0.21     909362315.14  208972708186.78     103381246.01     91346292    105282369WqeiYOFGTjVEbfOBYccBfxuAwwzR                                
19750623-031334FIN197521975040119750623    4748534931.39     833330414.68        0.86        0.72        0.18      25768199.88  507441945519.74    9294626847.12    963451290   11510805060000000291
19750623-100649FIN197521975040119750623    1701388993.39     684928660.31        0.98        0.86        0.40     329949965.31    4453326089.82    6842392191.72    696583173    799576366mBRtpjNBECQCRiWtjEutqI                                      
19750623-203958FIN197521975040119750623    8762114973.72     537730308.59        0.61        0.56        0.06     532767182.37  985815987424.00    9131058791.61    879059443    9579766390000000228
19750623-205518FIN197521975040119750623    3293865242.12    1445616591.79        2.03        1.93        0.44     195080604.51  554868864793.82    6788117613.94    712710809    7478369760000000126
19750624-010500FIN197521975040119750624    9221494745.91    1667428034.46       16.46       15.89        0.18     610433764.05  615867945243.46    5574858685.86    101301114    1049243940000000294
19750624-073522FIN197521975040119750624    2086504257.74    1160321184.16       35.63       35.50        0.56     684914456.39  694504883982.36    7393146451.25     32561731     326816010000000343
19750624-122511FIN197521975040119750624     525046352.48     200860282.49        0.33        0.32        0.38     538659090.94  683886602918.63    5028306369.47    608876655    634696695XdCwDlGsXFstGqdCIcNOKJfTOQPnoEeELXbNmwOl                    
19750624-232420FIN197521975040119750624    5251185388.13    1469835681.54        3.97        3.74        0.28     953603311.73  470721536018.82    4892302525.25    369958538    3934922350000000299
19750625-015247FIN197521975040119750625    9353098697.11    1197829785.59        1.65        1.45        0.13     953566053.56  681262121716.46    9759460554.46    727938290    8270194580000000042
19750625-033426FIN197521975040119750625    3843351537.69    1615145233.97       10.96       10.19        0.42     365659345.37  428659439987.02    6020883386.06    147371669    1584871380000000184
19750625-121321SECAAAAAAAAAAAABBUCOMMONACTVDSYiArPkFGRMTqBr GElwGnRPYQxIbaCKUPXgFNomzFJcdiVohtjkLMBJDMYk         PCX   969911642    1868120418520710        1.10XDnNdfGcCiNIOwdZoWMTZgVYEOsHLSH                             
19750625-181417SECAAAAAAAAAAAABBHPREF_BACTVVzfVECbYBKVnFXSndkyLIAHjJoMCSzlnhyR                                   PCX   692738181    1916031319300928        1.37JySpXSUPXXRQAhXZYVXuSJeBKDIpCmynRTiStS                      
19750626-012018CMPLgvggaUVPIWggCTSXUGuimmMSetVYshIxgRZrdvICEjJVNigB           0000000399ACTVCHMDUt1852082217212 Lander South                                                                                                                                              64144       Provo                    MD                  United States of AmericaWaddel                                        tJYeCAWSckmiLWANMZPETJMpwTaJVWKzPmtorKNAHJCjDoMKlPIrwxEpYAv wnmNFUc                                                                                   
19750626-030732CMPIrljJqDPhnGJAdkfuKPzQaCMPFqxMSVCM                           0000000400ACTVCVcaj 187001035653 Worth Drive                                                                                                                                                85088       Overland Park            Ontario             United States of AmericaKinnison                                      NfrZPCuJIFbXsoRHhUc Cuy                                                                                                                               
19750626-095039SECAAAAAAAAAAAABBNCOMMONACTVrHJKGxCRtPRxHfANNmVNDFWEATGXdKUISZFjLbgVP                             PCX   333720319    1919062919311217        0.780000000305
19750626-125732SECAAAAAAAAAAAABBTCOMMONACTVPiEV INZsU                                                            PCX   66437790     1908011118740728        1.49fLwaKJvVSwmuhPM                                             
19750626-235422SECAAAAAAAAAAAABBGCOMMONACTVRGVghGszIijCqcNFeLLBGxqLBl                                            PCX   908248092    1930100319591205        0.420000000213
19750627-041541CMPwGdVXrkktIjHLmLGSuJmmZ                                      0000000401ACTVCEAA  186811051715 Texas West                                                                                                                                                 38189       Ann Arbor                WY                                          Crimmins                                      fYWvGpmNQkNNbeIssFzqJOJ                                                                                                                               
19750627-053223CMPNlqJQXvmYluMCypxUQFVrYIMGbRXXxWJZLUziDAeIuyOzwZBfB          0000000402ACTVMDAA- 19550821428 Emerson West                                                                                                                                                68508       Austin                   FL                  United States of AmericaFatone                                        GEMsHgLHBqSGFtJTXUSCn                                                                                                                                 
19750627-091825SECAAAAAAAAAAAABBMPREF_BACTVfaFvWNQEgIMCFoGKKPYkstCOaQIftCRGBhB                                   AMEX  52180245     1891011419660729        1.18VcbAKPfBIpRdEaWhZBDoBABArjGqRCPYqanHvstLOVuMQC              
19750627-170915CMPrPWbxnnUObMNJMOJlQGmL                                       0000000403ACTVPHCC  1952120611744 Whistler Upper                                                                                                                                            85091       Louisville               ID                  Canada                  Hetsler                                       RQJsUfsnWfGoyxbyflFAKJuKF EzcBw                                                                                                                       
19750627-192736CMPSSJOBDXDRsHzABekVNkjWVKgMlVw                                0000000404ACTVRLBB  197203312023 Lee North                                                                                                                                                  M5E 1Y1     San Antonio              DC                  United States of AmericaThompson                                      OUwkhAAoSgbBjHg FaeFqzzuAUadiPO                                                                                                                       
19750627-205701SECAAAAAAAAAAAABBSCOMMONACTVRvDUvUbLXiktjKARHhXdifGEpJDDeDKHMLHMRESZfA                            AMEX  828692779    1905121319530228        0.16TGCJKTzuEdhxAvEJ                                            
19750628-024931CMPBEFZxtnCCsYnsAWxOEIimDUoQNDibMTFBcr                         0000000405ACTVCRD   1917092412213 Edwin Way                                                                                                                                                 90049       Sydney                   Alberta             United States of AmericaHayton                                        vPyJTnbTmGnKtKhvoCWFt uhLLMS AZsEAxVqJgYZyJBCsSvqGhFaAPN eEKRRhBGNKsXdJuKmBDSE                                                                        
19750628-044303CMPtYUELPJWFzDOmlWEUA                                          0000000393ACTVIMA+  192607211282 Baynard Lane                                                                                                                                               T5A 1X7     Richmond                 IA                  United States of AmericaRuic                                          SkEoCOQkfMwDhSYcNToaGaGGkymJhqWHSfhUMOPKRiHJjoKFoPghwqgskDOTLwLcbfPBxXbriUgtgpvS                                                                      
19750628-092345SECAAAAAAAAAAAAAHMCOMMONINACCTOTVzPsHCK                                                           PCX   768211392    1913050218730903        0.610000000083
19750628-150923SECAAAAAAAAAAAABBLCOMMONACTVGmHSPTqNihYkdrjiFBiKeMfna                                             NYSE  236294585    1898042318740426        1.500000000106
19750629-001244SECAAAAAAAAAAAABBRCOMMONACTVurrubKOMNuualiaNmpLueI                                                PCX   408602971    1938122419321107        2.830000000351
19750629-045823SECAAAAAAAAAAAAARFCOMMONACTVUvtMYLxHqUofBlFBaIDMrLSUTiUK ByCfBAQkU                                NASDAQ189218663    1863070818610331        0.05yRflLhHvroMJBNHcMIDiQuHspAHUTFVE                            
19750629-050853SECAAAAAAAAAAAABBKCOMMONACTVD aLKIeCD kiJgTNVlUDHqVWrydqbbVV                                      NASDAQ470331709    1943091019720731        1.540000000290
19750629-064501CMPkdvQFOkTaRvHCXSCLaPlNRXoWjrExnrSRpYQlXqFQvRky               0000000312INACMDN   1939092012921 Gene Way                                                                                                                                                  45235       Iqaluit                  MA                  Canada                  Cheeseman                                     zsPFfbmobxxwLQqjDVRzyGZSBKHprwEOHIusRioxPURnQyAeHJPpDaciFQINbXPw                                                                                      
19750629-120816SECAAAAAAAAAAAABBQCOMMONACTVINipHebPHYINA                                                         AMEX  328161411    1966041019290425        1.850000000046
19750629-142126SECAAAAAAAAAAAABBWCOMMONACTVZGAwnBlGaiQmierUyRzPdk hFdFWDAmbLLCdufUTHHBFQHDLfuFwBCVPpRyxnTJuJ     AMEX  153386637    1972112119420108        2.190000000341
19750629-155344CMPyAaPIZLjnktMGDnaPHmiXRjhRSBwqIPaZVgHEETIGwboUTm             0000000396ACTVCPBB- 1939101123477 Vessey Way                                                                                                                                                T5C 1Y1     Sunnyvale                AR                  United States of AmericaKozikowski                                    NUpWnOCQ TFKYysklJxhBMYCWkcCnxSBfIRbQzBKPEGOUCLFMCoUgLehSfNJlvLoColHbSNdgBhHuQUZmFDDGTQPIulOPQeoIBqfGyQyNmE                                           
19750629-215919SECAAAAAAAAAAAABBJCOMMONACTVSiaOmbEDunUYKpfJwajTiYfAiiWeUfuAlsI                                   NASDAQ290861744    1851042919620805        0.49diqlqOsDpYaNQhSPBbXhMXocCDXEfNMfLDMDHOdpovsklTN             
19750630-015017SECAAAAAAAAAAAABBPCOMMONACTVysNCnmxxuNSISEJvpnjdJAdBpIBzAKLgTcYWiVlDFRCytcJuNE                    AMEX  126112190    1902082819510904        2.97IYXYDYXzMPNoklZTdipMzRqgCNIOKJHazWaAqvQYkNmrDITClMRGjaTm    
19750630-042443SECAAAAAAAAAAAABBVCOMMONACTVUdCyeNMsfOhRbJqrnXzZHKQSqHJRsG AYyaZUAPcVvQFExuvZVhUl                 NASDAQ633604091    1911072218750329        1.700000000122
19750630-111708SECAAAAAAAAAAAABBICOMMONACTVBYcmCRgJOBGWYAb                                                       NYSE  863162210    1851040418520705        0.68HQSomNnImHMmdRDYNPNRfwVyMKUAVMlSvTbZnNezGMUJSTdgdELs        
19750630-150223SECAAAAAAAAAAAABBOCOMMONACTVJNWSWXHPnMJCKpYJKVOqMQjMUzFLYnqwdUlziuwGwPHRqNpQvuoADV                PCX   298487186    1855112419510925        0.710000000012
19750630-171050CMPPVUBlTHiwNjfViahNMSzDDICOPCcemIISPJPpQmntfBzsYFgObrXHpEFmC  0000000397ACTVFLCCC-193910054482 Eden Avenue                                                                Apt. 646                                                                        90263       Lowell                   IA                  United States of AmericaCheeseman                                     IamDUWtLBzmnLWcUEnLMOGPOWaQjrDrLbHnPCFUFVqPdqQaHILcPNZJdaYAkrGBqAXHbRJgoeNCCHZhobkVVHSNKbWmuenUJZBthJRmsmBSliwKeLwQQQwKdulrkjQHnDExpPBXBWpxUMIzUMY    
19750630-235958CMPMutMDETGPQErOpBIRhWAXwXLNwWkMGQjEDbVomDzQUTAHsQLe           0000000398ACTVCCB-  1867022024996 Robbins East                                                                                                                                              35873       Mount Pearl              LA                  United States of AmericaGrippe                                        rHLEOBdEjjhYDYVoEqFABeDhxJLvGOgVEEjhTkKnjEOpFyZdaKAhFGxfeEPgYkBrEVAm                                                                                  
