19681001-164427FIN196841968100119681001    8516094656.85    1592253664.00        2.27        2.12        0.19     726647021.23  177154919783.13    1973997289.62    700081956    7518499840000000013
19681002-160322FIN196841968100119681002    9404130575.17    5392444500.07      125.98      106.22        0.57     637092601.20   91418220548.18    2059908481.84     42803198     507664750000000068
19681002-195244FIN196841968100119681002    4521382790.32    2132991579.14       19.51       19.33        0.47     578978410.75  309861864705.21    9190391545.58    109346511    110368018pmVFtISJNicSLMLBUTybzczhOfHObPpMYpBqjAaxrDHJ                
19681003-163304FIN196841968100119681003    8990882503.05    6210663977.41       10.91       10.53        0.69     188184384.72  453628266165.14    6515814029.87    569337487    5895402110000000098
19681004-134304FIN196841968100119681004    7110871419.68     828662010.20        3.70        3.50        0.12     260143137.95  958682504880.44     869384746.16    224253537    2370280310000000052
19681005-052700FIN196841968100119681005    6217261250.24    3312687261.51       12.87       11.21        0.53     190151231.85  921868861085.03    8063210036.39    257367261    2955329530000000031
19681005-194325FIN196841968100119681005    1538423920.09     100100362.96        0.13        0.13        0.07     510206323.43  243993897407.59    3292467479.24    790562104    7982755660000000002
19681006-104646FIN196841968100119681006    7429065075.67    4670605144.72       11.50        9.60        0.63     270792005.93  161458695551.02    9433164037.00    406147802    4867565380000000057
19681006-132638FIN196841968100119681006    9183331681.13    4530084863.00        5.07        4.98        0.49     307201073.43  575352558502.68    8683975925.05    893858680    9101510770000000055
19681007-062115FIN196841968100119681007    3629005116.54    2461087229.81        3.21        3.06        0.68     978703293.44  520984125545.31    7763303809.89    767133055    805038175zIHLKvPBQrCTBYzpZzUJZwMrKqTpUZPyXUykkId                     
19681008-075146FIN196841968100119681008     449599243.30     187296326.77        0.36        0.35        0.42     963684944.03  940711184616.69    8456933533.78    520311532    528105252BzijSDvPCIJvDDDXrPdu                                        
19681008-154307FIN196841968100119681008    4388920820.83    2649834785.14        8.52        8.38        0.60     562617009.05  527887691753.98    5303252593.59    310939629    316373066HEGOhdnxjYISpGXhRRUQahEU                                    
19681008-194242FIN196841968100119681008    9924233187.76    6092794726.89        6.35        5.95        0.61     269274338.11  885075917388.73    8165802344.47    958931040   1023469442YNouztDEEgVJnWzrV                                           
19681009-132026FIN196841968100119681009    4463534562.19      82134257.88        0.42        0.39        0.02     135767282.51  634008353718.28    8422678704.27    197064305    2118644910000000113
19681010-104333FIN196841968100119681010    3001623604.93     785666608.18        1.63        1.45        0.26     906485747.34  374272627190.48    5245082509.31    482305956    543634777BlzKUNpcdbxQGHwUAaQlIXGgyZmHnyRREOKBwpXvXwwWEOWiNJVMXWALS   
19681010-222514FIN196841968100119681010    2059988719.10     562609670.92        1.74        1.59        0.27     654927198.86  814914903616.02    7223507659.18    324040620    353678410UxwoFfdmLfKmuJCZStrMNOScJQzWthcXUUiyvsPHTsRlAJPOiKyvchxt    
19681011-114239FIN196841968100119681011    2421267919.66     113528613.32        0.28        0.26        0.05     213882544.59  368258850216.42    7913084017.10    404295496    431549526GKXARCFbFebKiAlLUJXKJgRjmqXdAQcnJFJAKTzRouxMxMVkXQMjtVZu    
19681011-195347FIN196841968100119681011    2173575460.65     613351809.98        1.05        0.89        0.28     948121769.20  202417728212.34    5931896189.37    586813268    692696951SAFZEJLLiMLuOrGrCmR                                         
19681012-105935FIN196841968100119681012    1023207235.84     191145195.16        0.23        0.21        0.19     393543697.59  891679602679.33    8576409323.36    842540712    905535167XDnNdfGcCiNIOwdZoWMTZgVYEOsHLSH                             
19681012-175127FIN196841968100119681012    5611392214.27    1709316058.87       12.40       11.01        0.30     803492849.20   73194025152.54    4906840496.19    137810318    155200749DIPPjcmxrwIwYNRnOzSotzgUkufjD                               
19681013-031829FIN196841968100119681013    9251660865.94      63193763.18        0.53        0.52        0.01     132138879.76  249334433513.33    1306049219.03    118574934    1216819450000000116
19681014-033058FIN196841968100119681014    4981834546.97    2003121245.62        5.02        4.33        0.40     940739495.75  683048227697.32    2528503723.51    399042666    463081454RICOfhFDpPHwKRHsmPHYTpTzGDeJMQruPEEdPICrMiweHGwOFQYNoQXZWIjN
19681014-213824FIN196841968100119681014    1533913602.93     961187394.03       39.26       35.24        0.63      77726176.84  305198872330.06    5008200605.50     24484202     272772080000000058
19681015-072030FIN196841968100119681015    4174272429.04    1131208268.42       34.69       31.13        0.27     930413299.68  202169717426.70    3443245231.14     32605317     363406480000000029
19681015-205158FIN196841968100119681015    3816873392.78     534616254.01        1.02        0.85        0.14     246014527.59  692651285886.64    6266228806.25    525457008    6276269810000000008
19681016-220523FIN196841968100119681016    9235218511.61    3804752422.76        4.08        3.61        0.41     527320714.20  923262951488.73    7592951446.03    931665910   1053189845hcPDGWJeqNhVOJEHQzDTICfkFUCNaLlcnCkzQvSJALfIzRb             
19681017-223422FIN196841968100119681017    3048738870.56     372887500.35        0.55        0.54        0.12     508550252.09  919230597401.78    3946730194.53    674942098    6867796130000000066
19681018-113415FIN196841968100119681018    5177169914.32    1195092839.72        2.53        2.35        0.23     625371608.60   34047010243.24    5590938785.00    472248406    508900126CJDIgUzBAIqWZQVUTlyQjQGEMKgPacOT                            
19681019-130824FIN196841968100119681019    8625090554.06    1100579815.10        4.21        4.10        0.13     789395704.10  105103926192.51    4998278577.11    261168524    2683185350000000091
19681020-083714FIN196841968100119681020     658380520.50     101364468.34        0.15        0.15        0.15     962574851.70  888623848471.41    5512710542.85    661773652    672871486iAJNmDakgxlQcGOiloFqkXDmRxJezUSKSBPCvqFfSbAlV               
19681021-010542FIN196841968100119681021    1746140799.74     972266020.72        1.02        0.95        0.56     388501376.99  255936196424.21    9798747149.56    957018582   1021204518BELJVClFSUDWQNFrxaHxDDEMSOMNqTeWbFtIh                       
19681022-031451FIN196841968100119681022    5988240338.89    1011020353.95        2.34        2.15        0.17       8961123.14  408051820402.75     412830510.10    432335455    4712661690000000109
19681022-143530FIN196841968100119681022    7602558870.83    2815198225.87        7.08        6.87        0.37     448045428.29  626308532429.79    4265224093.41    397479266    4100650280000000076
19681023-090752FIN196841968100119681023    8430140694.59    2740730177.71       24.37       22.19        0.33     545671367.78  250251390315.44    7197123011.86    112450602    1234908230000000104
19681023-182354FIN196841968100119681023    5421859313.79    2413185491.31        4.24        4.09        0.45     868092862.01  906696527892.87    8127854047.12    568642437    5896798060000000005
19681024-133407FIN196841968100119681024      65731132.85      13877817.47        0.02        0.01        0.21     684249146.49  411653118788.27    7259756990.62    879899070   1035511596YGODXTYUYQHKSUzVdmTrHaaZEgiuZLXAwzvjFZMnWXdUSECjfiOJYU      
19681025-110418FIN196841968100119681025    1633911426.82     398329671.67        0.45        0.41        0.24     728297563.90  817539216617.82    1865769396.37    877845302    980965726YlpZAosXzsuvTxMJSRMUB                                       
19681025-185024FIN196841968100119681025    5218184056.08    1623038161.68        4.41        3.75        0.31     352039130.53  719760566934.36    7666449131.27    368328087    433227857EVnyFUGFEJmFNaFNVU                                          
19681026-084903FIN196841968100119681026    3867222675.49      73277012.10        0.09        0.09        0.02     740473194.59  546221409344.02    9408046710.90    795774139    801840140GQgODZYcTEajaEMYDrWGoMdiJOENBaMGcnwYwuNTRPoOXXVjWD          
19681026-130447FIN196841968100119681026    6769328173.20    2160223305.63        3.23        2.74        0.32     464054213.44  644625480814.90    2217036524.86    669418931    7892070860000000088
19681027-102507FIN196841968100119681027    5117272835.58    2132905435.77        2.46        2.16        0.42     260943816.36  863844313654.41     377362576.46    865328886    9885173420000000126
19681027-184504FIN196841968100119681027    6289119798.05     821483070.03        1.36        1.18        0.13     907962777.67  215764304209.88    5681394505.44    603022721    6938978290000000108
19681028-163113FIN196841968100119681028    9425090852.56     964708871.74       37.26       32.39        0.10     420237036.49   57910058424.50    2883316537.65     25890137     297798410000000050
19681029-000652FIN196841968100119681029    3971617218.23    2337509725.41        4.25        4.00        0.59     949271599.19  235423445129.38    4546500177.17    549854571    584567599JOlePeOMqNiWFtIikbYCtGoucRYkTNggTpiDSTEocDbaMdhzl           
19681029-044651FIN196841968100119681029    5825340757.78    1721606098.41        2.38        2.08        0.30     902913560.39  520095387190.39    5866694626.38    721989639    8287862000000000083
19681029-094925FIN196841968100119681029    6672573702.43    2164975600.51       15.03       14.80        0.32     991692254.49  632711616000.51    4280272307.47    144027940    1462791730000000043
19681029-111605FIN196841968100119681029    9833501765.43    4410829755.63       22.57       21.56        0.45     823929048.04  498018728506.02    3405182490.60    195431430    2045641950000000122
19681029-211150FIN196841968100119681029     838290699.66     445190025.31        0.76        0.72        0.53     670498790.14  130128056002.27    6012278438.93    586509195    614136034rqMbvwSCBGYCGMEPKQeELcTKYUzuwRMWTqYPIirIgRbOCStxEXLeiAEZJCb 
19681030-100657FIN196841968100119681030    3757617448.30    1584940578.65        4.46        3.78        0.42     626236977.68  134011415089.40    1786751959.18    355390624    419804833EVUsfGZbFTVUBMUvYJxLFJecNoRUrFGd                            
19681031-032203FIN196841968100119681031    6494870231.95    3162177666.93        3.33        2.90        0.49     988551066.60  183978554840.57    6680545983.07    950587132   10908388010000000006
19681031-040152FIN196841968100119681031    9857680147.84    2851337540.12        4.66        4.27        0.29     180539868.96  608086396453.50    9943012435.40    612036138    667474026NiBcGbDvQsFXSbRxOUPzUvEKLCXRVlDFrhOUHduBWHC                 
19681031-044836FIN196841968100119681031    5477863192.63    1617851106.50        6.08        5.15        0.30     126526366.19  921954400251.64    4210969077.56    265969253    313984487WCJJAitQbHnCKfmKEVEELEBjYtHsVGTBpOMMCLXEadMPRGRTA           
19681031-113530FIN196841968100119681031     403955993.93     227773381.93        2.46        2.31        0.56     686380013.77  876350309002.77    1857235358.97     92487426     98395964gDqcCBxupXLOeBnjyoDuJKKpXXazMTBejzLaoxVkzpfVHbeQYNnEL       
19681101-112012FIN196841968100119681101    1288095183.43      82327526.53        0.24        0.20        0.06     356798543.42  118505927638.01    7990527982.05    342092965    4040426000000000092
19681101-164207FIN196841968100119681101     258912862.24      23849598.45        0.02        0.02        0.09     519574624.82  826438853029.41     154130220.10    971756003   10447427170000000114
19681102-030508FIN196841968100119681102    4925470707.06     542874186.93        0.56        0.50        0.11      83712144.41   62289258307.30    4806979243.33    962952704   10769532530000000120
19681102-031134FIN196841968100119681102    8533183565.21    5862459351.22       39.23       38.54        0.69     866788719.76  338450880050.35    2142579531.46    149425406    152114519bDehSFMUUzvBayHEfHPXduNBnPkf                                
19681102-070805FIN196841968100119681102    3449482019.79     295401208.18        0.47        0.46        0.09     618140191.08  428413260987.48    5957671806.27    627776528    6366450610000000021
19681102-124731FIN196841968100119681102    1835358069.83       6930620.32        0.01        0.01        0.00     378721276.07  275189548195.23    8192001129.36    807879768    823097288kkhSvCsfgbDUvsiZWtPQwjkYPwKrfTUFMGMCWCBXBcOcTkaLSudO        
19681103-114129FIN196841968100119681103    8389362099.33    1559312732.63        1.57        1.55        0.19     967011946.48  613193626505.12    2061818300.45    993442354   1006184005QTlJJPTwTIKGjWucWLFdQIFqUFDViLqZHmopzBSaxPctxonmQDYpdPzwRDD 
19681104-033226FIN196841968100119681104    3943671419.39    1488799978.53       15.75       14.82        0.38     637186159.24  858345789794.75    2969529229.61     94529790    100477139aoTgMQQOVPapOXWxUW                                          
19681105-020419FIN196841968100119681105    3931976795.92     741393275.49        3.82        3.52        0.19     378831147.41  437157603792.31    7913633232.42    193846113    2108592100000000072
19681105-123245FIN196841968100119681105    1029729214.39     402538827.85        0.53        0.48        0.39     150409800.65  633342654820.64    7318659814.34    765321520    8442791500000000070
19681106-100645FIN196841968100119681106    3784519920.74    1985797165.85        6.18        5.88        0.52     219193208.15   77122287979.17    4112583414.65    321119128    337434797EKxtQJAcqNDYsGjPTVlSMPKGHLQauQwSokAAzptqRDUgdn              
19681106-170229FIN196841968100119681106    6038026079.24    2525535908.86       48.23       46.77        0.42      43131877.74  155349335081.30    4251559198.72     52363343     540029700000000056
19681106-172320FIN196841968100119681106    3079257361.61     275791350.01        0.36        0.31        0.09     982428787.98  854307091042.41    9861263401.41    768213863    8784487940000000081
19681107-102718FIN196841968100119681107    4152666400.27     660261284.20        1.10        1.04        0.16      98000656.09   16799846895.95    2164607127.16    602563966    6342657050000000033
19681108-091555FIN196841968100119681108    2184597216.83    1287088465.71        1.46        1.42        0.59     183147242.44   17106106110.59     273939731.70    883382607    907286024PTNTHCLWsriUMNBFhDQDGtmBPPNiLOSaNy                          
19681109-014036FIN196841968100119681109    3847776017.80    2470904160.47        7.81        7.31        0.64     120120193.49  884471590650.03    7708068038.07    316225332    3381637940000000059
19681109-181800FIN196841968100119681109     740151455.99     172723450.93        0.32        0.30        0.23     620528990.94  829403126398.79    4373872478.94    532223822    5835832950000000038
19681110-014421FIN196841968100119681110    2513548796.15     391111615.96        0.76        0.66        0.16     539823322.32   78476007162.22    3942231181.11    516955790    5964385800000000009
19681110-064627FIN196841968100119681110    8217296286.35     829070093.11        2.20        2.05        0.10     937178609.55  197619689378.76    5560984244.26    377431677    404957914DGDgbyTniJxSJJPHLVwwcatOfVEGLQJcDCwMnGNsQnkAvm              
19681111-061827FIN196841968100119681111     434729826.73      38967689.22        0.06        0.06        0.09     317205460.80  270939554045.77    9349696178.90    669963551    684332417nFkXCFIQQcAPOHRuYtieKkGSZpAdCmvxWPuheWUSLiFkN               
19681111-145811FIN196841968100119681111    3630330311.75    2184379152.45        5.37        5.06        0.60     802789583.01  607911307744.02    7150729925.83    407104353    431971196qKZmxEJdJHmHxmqcMqVLIgrwrTMFGSYepLzRROMkSDC                 
19681112-095434FIN196841968100119681112    1842738527.27    1273290803.67        2.18        2.06        0.69     552713923.55  919534425702.88    7244054476.45    583291003    6174833060000000048
19681113-050429FIN196841968100119681113    7861988238.43    1115885452.02        8.27        7.49        0.14      70378516.83  386153602897.03    5837544966.40    134976776    1489159930000000096
19681114-051146FIN196841968100119681114     870805258.91     189500434.12        0.37        0.36        0.22     460099862.61  960086560940.22    1183247642.86    505495775    526624811FXFYeNQJTmypAWxzHPOBgNFDcXaQQFB                             
19681115-034653FIN196841968100119681115    3775590967.63    2426906182.92       10.39        9.82        0.64     759372488.57  636463283491.67    1546186639.72    233560735    2471380540000000082
19681115-064759FIN196841968100119681115    3411117966.44     667914050.23        0.78        0.68        0.20     371727767.63  718630708087.57    8098775941.73    855824306    9843735020000000023
19681116-024432FIN196841968100119681116    4097172563.51     666726919.12        1.17        1.07        0.16     612548678.87  289693610015.13    2810937936.85    571703998    6205816250000000094
19681116-231250FIN196841968100119681116    7748414069.57    3051585002.49       16.41       15.41        0.39     759452477.48  926408617897.04    7505408408.65    185944951    198059013hJTjBraMaWddGWF                                             
19681116-232735FIN196841968100119681116    2060472846.53     327271438.57        0.40        0.37        0.16     944046175.46  701478991814.92    3837393609.93    827817310    889956888JaBRAUCPDCLITNXXrADVCSIopfxogeRFkYFvBVlr                    
19681117-004623FIN196841968100119681117    5494722572.57     878480980.01        2.81        2.67        0.16     584093874.31  371551060768.02    4006745982.57    313156839    3291878420000000090
19681117-083316FIN196841968100119681117    4762854406.85    2857453627.37        5.18        5.08        0.60     162857998.09  520922039676.53    9618641729.98    551517073    5628170710000000060
19681117-153225FIN196841968100119681117    3727545463.61    2296033144.69       11.79       11.54        0.62     975553453.12  226727043271.72    9940162552.71    194797469    1988916910000000012
19681117-165220FIN196841968100119681117    8003862395.98    1511735663.12        2.09        1.87        0.19      83852812.66  621848494483.45    5985328634.82    723568687    807105974NcwpwRiDZHlgWrNmoPNAcSUPNCnBBTrUwsORuLDnrmVI                
19681118-033513FIN196841968100119681118    1035106159.43     284209121.41        0.30        0.26        0.27     417067533.08  681315515088.24    4463821742.42    954042783   10752713620000000128
19681118-195813FIN196841968100119681118    7706267116.23    1889394780.07        4.50        4.09        0.25     545049405.43  765229143886.98    6767342465.93    419562647    4620283030000000004
19681119-000242FIN196841968100119681119    2503209286.39    1517110644.36        2.11        1.89        0.61     833880022.43  231554800476.92    9421666708.12    720629744    8030850290000000078
19681119-190530FIN196841968100119681119    9096227710.38    3736307736.41       52.01       46.39        0.41     829864792.58  414386758253.35    7280551556.61     71841009     805427290000000121
19681120-053044FIN196841968100119681120    9082499403.04    4830748400.38       13.96       13.79        0.53     167762153.62  884339794073.68    7558868375.19    345946535    3503278060000000086
19681121-022930FIN196841968100119681121    5639052818.21    1412579465.36        1.46        1.31        0.25     599675768.22  276228235774.28    2313641794.62    967002611   1079466977UfSHWSCITBCAOZQunWBPoRwGIRuCUoPSdEQARTADOJmAyACdfM          
19681121-115922FIN196841968100119681121    3565654781.76     254652289.94        0.72        0.61        0.07     648831586.84  535323760820.87    2812241263.84    354932228    4143081160000000105
19681122-143921FIN196841968100119681122    8857764400.45    4017116715.44        5.77        5.76        0.45     232194448.62  324989327404.91    7850190927.62    696606504    6970469610000000025
19681123-144048FIN196841968100119681123    6026424477.72    3070088428.02        8.57        7.71        0.51     828073903.25  670698119258.54    1202436508.77    358122360    3984366300000000134
19681124-115627FIN196841968100119681124    3103190320.46    2016351786.05        4.26        3.99        0.65     937841361.78  771092517591.12    3935550414.78    473875465    505702120lSBXSwESnnboFFeSvHxFjlfxrwIZABfGMjiWUbhTmnRHnPFOTMlMAQnZJA  
19681124-160916FIN196841968100119681124    7930992790.33    4293429779.22       18.41       15.62        0.54     170606404.52  785705282947.98    3937313710.09    233245775    274821723kCGxWShTICEMykTPjwUmen                                      
19681125-000807FIN196841968100119681125    6776259784.04    2206482261.17        7.18        6.16        0.33     547344302.79  199921699054.93    2787845092.94    307214524    3583035850000000045
19681125-103930FIN196841968100119681125    2712258832.00     755390734.34        8.43        7.56        0.28     206140838.68  948025963544.96    9725017183.27     89606052     99873616HEvjYRLWLhRJTUgTBETibpNyyFyPDERSmCAIRWwtnGbQOFZqk           
19681126-124440FIN196841968100119681126    9343308485.44    5457017369.55        6.79        6.11        0.58     149406251.79  406412605053.79    4051813329.58    804133113    8927063210000000095
19681126-233835FIN196841968100119681126    5602061913.60    1851488391.75        6.26        5.65        0.33     974911784.44  315786373814.38    5656421412.31    295754865    327717589RSWvpXShAohbCnBYubXQUbMLtPavDHUQn                           
19681127-192038FIN196841968100119681127    8839379338.92    5304360422.00        5.51        5.09        0.60     959238085.32  798833151988.06    9346137334.84    963188682   10424833490000000039
19681128-163825FIN196841968100119681128    1726859065.06     306719139.94        1.97        1.96        0.18     437251458.67  552209567447.43    9201144121.05    155840955    156718530AChNrBRFTkjZjDXSGVlG                                        
19681129-013834FIN196841968100119681129    5518536029.66     703296024.63       15.19       14.78        0.13     240219543.76  126163013221.65    9734661421.39     46300962     47584340yRPdOOYwDRIgGtBTaFzyuaZQ                                    
19681129-154702FIN196841968100119681129    6792389175.88    1247182538.50        3.39        3.33        0.18     400382586.77  303792674205.81    7709533179.76    367732833    3741543640000000107
19681130-060013FIN196841968100119681130      50141561.52      13713336.83        0.01        0.01        0.27     692907218.45  228085044534.46    7918299819.74    927783054    992714588qzuJbEnLbLOlOtyvsWNfYJGAxriKRxn                             
19681130-195939FIN196841968100119681130    3996016088.70    1318837612.81        4.34        3.80        0.33     206106797.36  213429921450.65     489187594.20    304000380    3473247740000000026
19681201-085753FIN196841968100119681201    6737834760.20    4328935871.98       62.32       57.45        0.64     778767663.23  376096943792.66    6249354911.87     69459010     753524750000000117
19681202-055725FIN196841968100119681202    9538391024.19    5996141918.40      439.13      393.25        0.63     970898184.09  621019958560.74    2589471521.69     13654717     15247675zSzyZVwpMSypTaf                                             
19681202-203005FIN196841968100119681202    8389245039.80    5621506991.59        5.84        5.32        0.67     929214403.53  703950258966.10    6910685642.72    962364919   1056358705QNZUltgBGCXGYshw                                            
19681203-222943FIN196841968100119681203    4665326826.81     340337022.48        1.64        1.41        0.07      37747699.15  123551154991.24    4218856900.54    207974111    2420684160000000020
19681205-003842FIN196841968100119681205    3618697590.53     256370287.55        0.26        0.25        0.07     341684576.93  565174921752.47    6178025239.57    977542370   1015880013TzOOKJSXlzetRDAZNOaBGRiAoYkrPjDLzvR                         
19681205-131625FIN196841968100119681205    7853577054.73    2697294433.59       14.43       13.68        0.34     245585499.95  651405613101.37    3363054222.18    186916779    1971804710000000077
19681205-210741FIN196841968100119681205    9864531363.20    2944274242.61        4.72        4.15        0.30     814843425.91  742429833213.38    8105851617.89    623678678    710240300KJhQqvrlpQBidNaiKSbeNNikTGFNyqfAokZNpWiMnQ                  
19681206-231804FIN196841968100119681206    6520901845.42     379972504.84        0.47        0.47        0.06     846068027.70  426001478929.99    1707374318.26    802971719    8063411240000000041
19681207-015759FIN196841968100119681207    8154083722.39    4313768920.37       15.78       13.52        0.53     557181564.65  473546717107.12     183907401.37    273300768    3191269440000000089
19681207-145505FIN196841968100119681207    6849124532.54    3861143032.60        7.20        6.15        0.56     498249027.46  160147986155.34    9087148707.13    535962011    6275317150000000106
19681208-052928FIN196841968100119681208    3550874422.47     320310604.82        0.33        0.28        0.09     826409762.87  426840809965.15    1110152700.48    960187991   11390188960000000135
19681208-224700FIN196841968100119681208    8770609803.68    3268755003.99        3.61        3.11        0.37     918558889.56  422808157572.32    4313013579.57    905896271   10505922130000000035
19681209-050653FIN196841968100119681209    3373215589.65    1065349741.72        1.29        1.22        0.32     415407702.03  326070630352.14    4462631735.97    826034459    872089578FQCxtQRoMnVlnjwEERVRrjOJDAIyWTEKGCbBNsvTNBMQXXA             
19681209-200226FIN196841968100119681209    2014929769.49      30290742.08        0.15        0.14        0.02     904954106.75  858078785946.22    5078906810.56    198446500    210794878xtCKWBjqUKBQIRxNAFhHNGkothLlKEOJLIDZHCCNWPKwSBnHHcnYM       
19681210-191056FIN196841968100119681210    7673702124.07     832760606.33        1.94        1.75        0.11     429208507.12  201817074027.05    2569770655.59    428444773    4751890600000000115
19681211-035207FIN196841968100119681211     369772035.85      50907284.15        0.06        0.05        0.14     410038243.95  343311330890.59    9782074518.90    922238496   1082103341jlkBZXPcVEbEkvquHcRWHHHVGNQxJWnBWpCCCKENWGMjHFABR           
19681211-224221FIN196841968100119681211    1593795038.60     328892003.45        0.68        0.62        0.21     529656855.15  832660017063.83    9055394808.69    484267370    531388650ELRDIvILDRFhUOPlOdBNRoJISmXZkKmyFIXaoT                      
19681212-060259FIN196841968100119681212    2914908354.12     767335708.75        2.28        2.06        0.26     358194634.91  866916420451.01    5957952195.85    336817344    372367247MCUMedIwKXKWmxZtjKLGmNhZVZwXLheDyjZaNegMuWB                 
19681213-081532FIN196841968100119681213    1373662542.37     243661840.66        0.26        0.24        0.18     377547389.03  658284224542.71    5098685480.80    922669084   1026132411FCOCNTOPibcmwDBHblaHXU                                      
19681213-191541FIN196841968100119681213    8256576183.58     826500273.89        1.00        0.90        0.10     419334392.47   35602750859.01    9668038295.91    826103156    914884171PGDBgEZqRneMoLzzQWIWKPqUm                                   
19681214-110600FIN196841968100119681214     767000690.14      87413452.35        0.23        0.20        0.11     226066330.36  447718425733.47    2909528086.21    384990347    441652555qKRGeBmCgmRgpBiQpEFEbdIWFBjPxEfNXDuazKBKUXCkjdvYg           
19681215-013738FIN196841968100119681215     780482601.01      78160727.42        6.31        6.11        0.10     467187531.96  690084845302.02    9499315607.54     12393656     12791629xUJWMEEmEMdIWSDGXW                                          
19681215-022130FIN196841968100119681215    7775809746.49    1603835546.60        2.96        2.51        0.21     896996519.35  398116592262.24    9867324899.72    541624527    6396679080000000042
19681216-024523SECAAAAAAAAAAAAAKUCOMMONACTVJEhYpEqBpaRMrxditslvNTUwrQAZBVjbsASTrEAWSrk EjVgxBH                   NASDAQ393631259    1887110218790709        0.310000000097
19681217-030500SECAAAAAAAAAAAAAKLCOMMONACTVriJLmViBtkoGHoLNeemCHFACLQYzRULEgZxYzTWrMQSQZJToTOcNyIDJQ             AMEX  198973895    1895041018950918        2.26gIOONPxnQUwBdFNEMLBUXdUbFPDWDVOVnWIIMRpOMbaMGipmCAICpjncsHs 
19681218-002352CMPzZCyFkqieiPsUGvBJwvhXNW                                     0000000009ACTVAPAA- 196710011427 Addax Lane                                                                                                                                                 V6W 1U2     Berkeley                 Nova Scotia         United States of AmericaKalafut                                       kHAfHUvzVZKjUOvZcFghDkcCDsFjH                                                                                                                         
19681218-054432SECAAAAAAAAAAAAAKVCOMMONACTVzJPFBmcqxlYCIQWkVMxJHQRCoqJkCmeTaeRhrCBsJOSPUtNeI                     NASDAQ222285320    1943091519171011        0.840000000073
19681218-174801CMPqjOkQFaDSxTZNGLQvBGVtJue                                    0000000088INACPHCC  185504136085 Drew West                                                                                                                                                  66625       Anaheim                  AL                  United States of AmericaMolski                                        gUhSBeAGkbWqZLPCfVuQJwUnpYdRBtrFSZHirMpmgSHhEagAZIWNKPeDELVyozqOLKZoLyWEkKabTsiUaCaITnSIijiEYmIQDNHIoxPHuVTbmHSmnrZSCxxBJWmPFvImgMJnWedVTCGDWH        
19681218-215103SECAAAAAAAAAAAAAKMCOMMONACTVUEsgAhkcEjVgFuVjOAEOAmFPmlJdbwzNollVpYWmHADdNnElopgR                  AMEX  911785616    1945030219330505        0.780000000130
19681219-074022CMPLViVEKgsrKwCVrgOwkPeRFPWWpkHCZiTNGXGkVsAVwjm                0000000136ACTVMEB-  196212208899 Starling Lane                                                                                                                                              T5B 1Q7     Coral Springs            DE                  United States of AmericaPhilpott                                      WyoVtiXTHKTUuHNAiSOCKniBUt                                                                                                                            
19681220-043432CMPSPxWWxntruWsXkUhrLeUTFIRwNluEpnOeOAYsCBLnc                  0000000137ACTVAECC  191607134038 Wedgewood Street                                                                                                                                           V6Y 1P7     St. Petersburg           OR                  United States of AmericaHinchliffe                                    AJwkPUCaHQaKGuwSqvjVeoefJvIxrmHEwPZgWpDheuCNrVCRGMQafMHDKOwKCOVRSEBX IMIoLYkspgpfUyxDgOOVEciFBcsHKMeALFvnfQYCdJfw                                     
19681220-082916SECAAAAAAAAAAAAAKWPREF_CACTVIcISRQXAvNzvIaDhItNSYDPcJzzjkBPlbyUGONZqVwnbjhzgNDFmVQwmbWKiJTTOGDbSM NYSE  136222105    1944042618730408        0.300000000049
19681220-193525CMPwiFRVPFqQNGELjgHzDAyVoYLlCEZUsKnSGD                         0000000138ACTVRPA-  1967011224200 North Crescent                                                                                                                                            V6G 1R3     Mobile                   Nova Scotia         Canada                  Doemelt                                       JtaKJlHfyrGAAKVLqjUGolXzPAlpbQSOokxhXWAMXmxNTnMfqeDAwqaMjLRxBaNdEUavhEpwSRUhTKFdGcjbkXRBkJpttC UIvidKRJfLBkh rkoIMZW                                  
19681221-105635SECAAAAAAAAAAAAAKNCOMMONACTVsfbbndQRuSOfEHiMQJdoLimhPJmUtPLsGI                                    AMEX  626361092    1875091119230203        0.86IBCqnhGjFJlbBaLpCfWlwAwAXuFGAsRugroSvLEF                    
19681221-234857SECAAAAAAAAAAAAAFUCOMMONACTVmSCSQSsCvpVkJLUIBRYOVirSIXKgKjWXwVDz sSFrJTrJFhx                      PCX   67703434     1890100919241223        0.960000000070
19681223-004626SECAAAAAAAAAAAAAKOPREF_AACTVmoNbLAwOPeszpGQFtWKXDmDMAJFKoNLyVwWPspQiQEC                           NYSE  961716917    1864042519581007        0.940000000087
19681223-082638CMPpuyAoWNGJszRGLMksSbQO                                       0000000139ACTVSCBB- 189707309647 5th Way                                                                                                                                                    64173       Sydney                   UT                  United States of AmericaNiglio                                        CyLmHPCMiXsAOTSe uAwZWlKUJINEHypmsMEBbFOMuqwSpM kXHMKDPKGORROboEBzlATybblDnlwCRKDDoO gALYuJDFTPFDFGwpROOHBgJirHHIGEHOoJaSQFUbiHYANMIOEK               
19681223-112324SECAAAAAAAAAAAAAGSCOMMONINACcMroCYieAmsIkhQHkvJPYIlUuoXVRqtmihuhQGsLTDQbMlg                       NYSE  4690457      1862081718990218        0.19gDqcCBxupXLOeBnjyoDuJKKpXXazMTBejzLaoxVkzpfVHbeQYNnEL       
19681223-173255SECAAAAAAAAAAAAAKPCOMMONACTVPoTRASrANMihnhAg                                                      AMEX  34446414     1953071618680831        0.23WKHSDaFEDSYXOynePKHWBGLeJ                                   
19681224-051251SECAAAAAAAAAAAAAKGCOMMONACTVXKeCsn iQVNuSLgXsrxVWrOQuhaFdJvMDSAQwKOWnVNYMlRiYdmSQ qA              AMEX  33836059     1870061419231021        1.07EOMpasJigJVvYQGKVcDPddEniaOUaTojpCAmYQrUeZJEGo              
19681224-234447SECAAAAAAAAAAAAAKQPREF_BACTVgJRcwpZNNinwnzRyKIixmRrIcLZxyjBgcjOwsUJNSbUQ                          NYSE  645450624    1893091918830818        0.05CKqQGzXcNXMPWzzEAqHxSpCdCwJEirgSInSJOMkfzMBleWwhgbxmoVEVYU  
19681225-090456CMPsEdXWlAyBGoFClpXvyNNafsKbfeEnSrT                            0000000140ACTVCRAA+         12197 Glenchester Avenue                                                                                                                                        57114       Evansville               MI                  United States of AmericaLuttman                                       pYEYbmROQCKCXtTOchAfQHVTnAtRQljNieyVa FncEBSxAJGZzRHR                                                                                                 
19681225-114040SECAAAAAAAAAAAAAKHCOMMONACTVJiEBGHPFPrumwpnfSKCGlxVRgdLZ ZCKakZgEzlT taHBDNRHLQibqjVyhbJDDxq      NASDAQ793242919    1892030818630802        0.290000000040
19681226-003704CMPIHAiIELZmpMXSKIrRVovqarZpwJMeyEpSwQWmbjcix                  0000000141ACTVMSD   1917031623355 Williams Boulevard                                                                                                                                        60729       Orange                   NY                  United States of AmericaBasey                                         rZxYiWhpMQKCiYwdhRHSPUGVryAYJkpZdSSHOOHjVRYNRLROsQJmtYCrVNFYQWeimlbAVGTLE                                                                             
19681226-183714SECAAAAAAAAAAAAAKRCOMMONACTVbuAyuFHCyryssKjINwaFCkAVmOpOCLcKiiHmMKOlVKfDUtbBmujIOe                AMEX  347979433    1894060619551027        0.090000000057
19681227-205024CMPrBMPHLouqFXXMgNIhGTqVDHGAsCbGzEmOWSDGxBXmbKbrEI             0000000142ACTVCCeRmk191607192285 Parkwood Crescent                                                                                                                                          79113       Columbia                 Manitoba            United States of AmericaDammann                                       lYWUYeVhpCkLwjaYqOblQhcmzTg                                                                                                                           
19681228-061915SECAAAAAAAAAAAAAKICOMMONACTVCfSAVIjPJDOaGI EASpLDcwRcpYonkxaJXMESMjWTgLNxNPin                     NYSE  96577068     1875050719320326        2.990000000068
19681228-071238SECAAAAAAAAAAAAAKSCOMMONACTVVCWDwDhKiQLCVVTtAJmMslKzCPAi PJqi efN LLXFCGdFFkhCQlc                 NYSE  138270931    1860102019121207        2.13UxwoFfdmLfKmuJCZStrMNOScJQzWthcXUUiyvsPHTsRlAJPOiKyvchxt    
19681229-044156CMPJrvIZAzWlMCTHGbTEAUdbBtPiFGrTXDLPtHHrjDyTiEWmrrZ            0000000143ACTVAMBBB+19400427923 Humble Lower                                                                                                                                                10269       Waco                     OK                  United States of AmericaHouchin                                       lbOSGbOdNFCCoZj uFbMxNebxCscPo KsRxWp MIeYdONNkDeLYvpTLDKzKgvXKbSOmAxEwIFFKLtuiLUfFAFKb e                                                             
19681230-040241SECAAAAAAAAAAAAAKJPREF_BACTVfUDSZFVJpxYbmbSenAFGjVKkp                                             PCX   295006155    1947060819260211        1.530000000119
19681230-072123CMPaaCRGOKapDAmHhNFT                                           0000000144ACTVPAAA- 193912072077 Darlington Crescent                                                                                                                                        78298       Tallahassee              Newfoundland        United States of AmericaCarter                                        XcFdkuGsvuDwSrzBlSsbchNFRJfwWrBA                                                                                                                      
19681230-195520SECAAAAAAAAAAAAAKTCOMMONACTVvPgCmEEhEZxcKUUuhQHrV                                                 AMEX  172309612    1906032219560827        0.22WtLJlcZhUpnUJhcOl                                           
19681231-160825SECAAAAAAAAAAAAAKKCOMMONACTVGLBBNFkFwjDyoXYmcEBJMuHrguyHcXBebRPjBUWPTsWvuDJFPupeKZWMBNkXNMeEmFrNVvNASDAQ474420124    1953012319670313        0.990000000076
19681231-235958CMPaJZDEsbtUZIVIFHQlUkKimBOIJCkSOi                             0000000145ACTVSMdkF 1953031120902 Ashley Avenue                                                             Apt. 161                                                                        91346       Escondido                AR                  United States of AmericaGoodling                                      YBLBMSrzRqiXFfgEOoEjMqBd ONfalaNHnTzmWZtCdFcWmbFINTySDJYAlYVEbgAHjOSrJMkmStUpFVGtUokSnIeot zDmXHKTLRaGQYGbMNtpKFnqKivpvldGqcNaKLbfKOIKbvSedP          
