19680101-124921FIN196811968010119680101    7181097595.95    3748236579.69        4.88        4.60        0.52     657685441.98  406830439504.88    9910257536.66    768253166    8153026840000000068
19680102-192558FIN196811968010119680102    4505169954.28    2643984874.32        6.56        6.43        0.59      76454774.47  965445187245.21    6380648664.14    403174938    411099732BzijSDvPCIJvDDDXrPdu                                        
19680103-042306FIN196811968010119680103      75815836.27       5762429.63        0.01        0.01        0.08     999209758.06  475078250676.18    6839948428.17    655339370    7571265970000000003
19680104-090505FIN196811968010119680104    8748394209.73    2058274928.42        2.56        2.40        0.24     718360598.00  287434671622.04     455934695.60    804318406    8564729720000000060
19680104-202117FIN196811968010119680104    5429581052.29     655540118.07        0.66        0.59        0.12     937465116.28  831759144687.68     215245686.34    990291718   1108077179UxwoFfdmLfKmuJCZStrMNOScJQzWthcXUUiyvsPHTsRlAJPOiKyvchxt    
19680105-133444FIN196811968010119680105    7053226783.95     697655727.11        0.79        0.67        0.10     508038720.69  247410839133.14    2427329473.07    884133362   1036312355EVDrXsEiEnLdzKgVPyHxGfRHFwSXDLmBVPRuIGzcczcxVVXFnGDnNgo     
19680105-221425FIN196811968010119680105    9436539019.98    4015588474.83       15.28       13.49        0.43     269697120.77   99573639254.01    4092400567.39    262783363    2975765520000000025
19680106-203717FIN196811968010119680106    9303234241.20    3526213826.08       11.73       10.65        0.38      28780158.21  768857041932.03    8725679802.81    300635982    3311281010000000051
19680107-140217FIN196811968010119680107    9277241290.88    3773150568.92        7.22        6.07        0.41     293038061.19   19545996102.50      91265846.53    522284536    6220282080000000005
19680108-144155FIN196811968010119680108    7599108645.46     701107525.61       10.53        9.24        0.09      71610432.63  676176191239.52    1689665551.88     66602843     75884717kCGxWShTICEMykTPjwUmen                                      
19680108-190210FIN196811968010119680108    6593607500.04    4104435274.21       13.14       13.13        0.62     226171768.02  645226027799.43    2338483573.86    312312185    3125054400000000091
19680108-235917FIN196811968010119680108    3809511599.86     935235250.10        0.99        0.87        0.25     149858570.39  710891958162.80    3064859054.20    949102804   10746018560000000088
19680110-001200FIN196811968010119680110    6096422419.60    3187221068.30        4.16        3.85        0.52      48184151.09  458366709144.16    2207136477.41    766007808    828229081zjoKtxCKSTNWLpRzJEjyVWiVEuzmYUTLdbyRHLSIgDUbYquZsCvOKJvFaWMu
19680110-001238FIN196811968010119680110     347822544.13     110189718.43        0.16        0.13        0.32     962729831.10   88877137299.49    4689795124.77    695506715    8179297760000000020
19680110-050954FIN196811968010119680110     322576998.83     203912823.73        0.50        0.50        0.63     437782024.82  314779511455.58    5575654331.92    408619139    409542423WKHSDaFEDSYXOynePKHWBGLeJ                                   
19680111-101832FIN196811968010119680111    6751204953.70    4078101497.88        8.46        7.66        0.60     154483500.36  565304167465.49    4438818686.21    482146365    532543447kkhSvCsfgbDUvsiZWtPQwjkYPwKrfTUFMGMCWCBXBcOcTkaLSudO        
19680111-195442FIN196811968010119680111    6315727994.72     166495266.87        0.35        0.32        0.03     829869343.40  346485696503.58    7779708985.32    472006552    5221722460000000080
19680111-232939FIN196811968010119680111    9936803515.75    5300614378.08        8.96        7.51        0.53     636798157.71  241932528396.55    3035948578.75    591519547    705340149gDqcCBxupXLOeBnjyoDuJKKpXXazMTBejzLaoxVkzpfVHbeQYNnEL       
19680112-215339FIN196811968010119680112    5113032043.44    3389761670.72        5.22        4.67        0.66     178497179.51  247313607342.78    6527856634.09    649290423    7251198080000000041
19680113-121757FIN196811968010119680113    9556843769.79     885349350.45        1.80        1.66        0.09     387253784.54  130684834153.75    9270854829.01    492837078    5344893810000000022
19680113-135514FIN196811968010119680113    2165389798.88     101451171.08        0.20        0.18        0.05     860168823.50  283933237876.61    1441141073.26    499344412    5498931520000000052
19680113-171407FIN196811968010119680113    4918204009.16    1706989742.99       72.92       67.06        0.35     391140578.03  684138579113.45    1382332012.45     23409775     254538480000000033
19680114-225408FIN196811968010119680114    2024664828.11     683399541.45        1.29        1.27        0.34      92979671.73  500259676696.65    5738126192.55    530184535    5388614750000000063
19680116-070311FIN196811968010119680116    8156755319.01    3630393788.58        3.89        3.63        0.45     503101802.76  553692718215.92    7814931037.14    932143529   10001071020000000044
19680117-095010FIN196811968010119680117    5885797136.37    1847470461.94       42.12       37.67        0.31      38514446.39  230855381781.77    7508322733.33     43863859     490422930000000074
19680118-083541FIN196811968010119680118    5555682645.37    2436574780.12       16.80       15.43        0.44     379004475.03  137602977775.92    4961959866.84    145053974    1579477770000000055
19680119-170558FIN196811968010119680119    3796437510.48     830950287.63        1.16        1.00        0.22     237999337.08  525823537673.80    1477614777.26    714148624    8318442800000000009
19680120-155934FIN196811968010119680120    3802133562.79    2215867381.33        3.57        3.32        0.58     873477481.13  998770569863.94    9110440097.22    619937638    667769203OFnTuxOMWDUHOSyWOVCiEosNDI                                  
19680120-193207FIN196811968010119680120    1278922483.91     165255211.83        0.19        0.17        0.13     728958157.44  902851054671.88    9469089483.17    888260754    945197145EsHPWeZIUldfxNQnmwk                                         
19680121-165656FIN196811968010119680121    5182412078.78    3335878432.89       12.16       10.71        0.64     565312845.31  762484214055.69    9515438414.47    274349906    3114192220000000058
19680122-154707FIN196811968010119680122    7067326960.29    1008948335.22        1.13        1.08        0.14       1749321.41  580524493182.41    3636657842.71    890835869    931864503EOMpasJigJVvYQGKVcDPddEniaOUaTojpCAmYQrUeZJEGo              
19680122-172701FIN196811968010119680122    4234975114.80    1036149045.49        1.04        0.87        0.24     964634590.34  378210874625.27    4639326148.74    996689884   1193037846GKXARCFbFebKiAlLUJXKJgRjmqXdAQcnJFJAKTzRouxMxMVkXQMjtVZu    
19680123-152409FIN196811968010119680123    4924391223.49    3157181360.79      420.43      418.63        0.64     409018036.93   83266923218.51    2246712038.28      7509438      7541661zScyndwxOcLUXIwtrdKPFPDeQiYudN                              
19680123-213325FIN196811968010119680123    6825217230.42    3879495091.84       17.76       15.50        0.57     818970490.50  497505488679.47    4578644652.15    218404744    250221702gIOONPxnQUwBdFNEMLBUXdUbFPDWDVOVnWIIMRpOMbaMGipmCAICpjncsHs 
19680125-040628FIN196811968010119680125    8847020484.99    5834519544.47       17.72       16.39        0.66     423434630.76  929757383116.61    5492323725.52    329337848    3560342560000000034
19680126-115834FIN196811968010119680126     678679803.04      20906368.75        0.02        0.02        0.03     202141118.94    4144629984.63    2061611287.14    984170382   11711628500000000015
19680127-062736FIN196811968010119680127    6703743494.41    2941360253.98        3.38        3.17        0.44     881176555.01  801692734526.30     396259097.64    869239985    9283781360000000045
19680127-220205FIN196811968010119680127    8562335583.45    3908741608.92        9.24        7.77        0.46     999227346.18  146652365728.16    5907599941.82    422827055    503073641zSzyZVwpMSypTaf                                             
19680128-125839FIN196811968010119680128    4683256188.19    1940149372.69        4.91        4.74        0.41     563270494.51  912344096312.57    2189820598.93    395019137    409273764GLIMVtVNAknhQACWFLgQRCpuBMaVEHKKYezIFsKKh                   
19680129-195425FIN196811968010119680129    3902576425.56    1210227672.28        6.12        5.31        0.31     784793477.08  684674787810.80    7543514188.74    197887022    227847633diqlqOsDpYaNQhSPBbXhMXocCDXEfNMfLDMDHOdpovsklTN             
19680130-040137FIN196811968010119680130    1866470238.59     885347537.95        1.22        1.13        0.47     735669387.94  558214535287.44    9600966837.77    728669307    7847994060000000036
19680130-054959FIN196811968010119680130    7490817728.21    5203755811.67        6.58        5.60        0.69     375093543.59  649398941111.57    9993476109.80    790274275    930065174JOlePeOMqNiWFtIikbYCtGoucRYkTNggTpiDSTEocDbaMdhzl           
19680131-055032FIN196811968010119680131    2521501869.49     799623295.77       24.02       20.20        0.32     568001123.25  874625229977.45    9041666921.71     33292815     39586675qzuJbEnLbLOlOtyvsWNfYJGAxriKRxn                             
19680131-111805FIN196811968010119680131    5888903637.23     702512757.81        3.31        3.09        0.12     362442451.56  439966169914.00    3395016784.14    212450620    227194056IiHkvFAHjNrDbHaXULOVQWMsfQI                                 
19680201-100222FIN196811968010119680201    4726577199.74    1907806947.80       11.79        9.94        0.40     729635510.38  847096475275.47    4551399488.31    161856056    191892606kdkMSIAUXjfEwPBQSgTKSIKmszCtWWXwKGVRUzPODH                  
19680201-193916FIN196811968010119680201    7867265820.38    2166596053.33        2.20        2.19        0.28      61681474.73  940296791065.07    4067733057.42    983295314    9891080250000000089
19680202-023213FIN196811968010119680202    1232412170.02     504169688.55        8.23        7.17        0.41     399708923.32  295132822866.97    6555685891.84     61262833     703296570000000084
19680203-071746FIN196811968010119680203    1515589810.80     352064784.75        0.52        0.44        0.23     150213540.33  149392845319.24    6012854470.13    683103349    7970864230000000031
19680203-120100FIN196811968010119680203    5754860589.51    3219736498.18       23.56       20.02        0.56     712210045.45  472134357850.15    2015090564.34    136674119    1607864580000000061
19680204-202531FIN196811968010119680204    5123466517.17    2949226479.89        4.63        4.37        0.58       4880745.61   25177707616.17    5494874662.32    637409213    6751199420000000042
19680205-135712FIN196811968010119680205    7710988459.52    2952789654.25        3.52        3.45        0.38     238341952.79  201524171592.52    3988303941.45    839142926    8555185530000000072
19680206-013518FIN196811968010119680206    2700326748.90     460298154.92        1.34        1.18        0.17     111509559.13  258830929356.35    6385400174.94    343479369    389029624ELRDIvILDRFhUOPlOdBNRoJISmXZkKmyFIXaoT                      
19680206-132525FIN196811968010119680206    1092401976.45      13390112.23        0.01        0.01        0.01     306232383.24  202926044510.32    7353458993.33    921966532   1069285990JaBRAUCPDCLITNXXrADVCSIopfxogeRFkYFvBVlr                    
19680207-202025FIN196811968010119680207    8575942043.33    4119562353.13        4.30        3.74        0.48     536065908.96  611496067197.26    8222034425.90    958351897   1102886799XDnNdfGcCiNIOwdZoWMTZgVYEOsHLSH                             
19680208-204201FIN196811968010119680208    7410577222.12      94306606.57        0.20        0.18        0.01     867298514.14  937384357105.41    8942045307.52    476473099    5116848570000000018
19680209-210709FIN196811968010119680209    2246865971.30      38238876.35        0.51        0.51        0.02     234915737.67   63150403959.86    6272899052.71     74434819     75700029UfSHWSCITBCAOZQunWBPoRwGIRuCUoPSdEQARTADOJmAyACdfM          
19680210-190743FIN196811968010119680210    5223345915.61    1635931492.99        2.92        2.91        0.31     820782774.71  932982238118.38    2159966453.74    559452036    5623824880000000029
19680211-101841FIN196811968010119680211    1608441447.73     696942383.07        1.08        0.98        0.43     298135633.52  895958804192.92      87185232.55    645187573    7101836180000000085
19680211-232948FIN196811968010119680211    5091250556.10    1929080271.70        4.62        4.17        0.38     328287114.97  160477387026.06    1152843006.31    417678702    4625532280000000040
19680212-003446FIN196811968010119680212    8252109103.28    4851601971.35        5.66        5.13        0.59     608687500.92  820210112275.70    7978013660.66    857333963    946321812LoSyvUwXvGnKexKhSbbtArGnpUcArarLDzSDOEMMZBwKPwRuADFxSFJ     
19680212-184023FIN196811968010119680212    8180339016.55    5534160060.00       32.83       27.95        0.68     811838373.63  163274000635.74    2847888048.13    168556164    198016683PJfOlXRPMTdOuTIMAy                                          
19680213-064756FIN196811968010119680213    9485728243.88    3211884569.31        4.69        3.95        0.34     372717928.15  460720200089.65     847787802.06    685475004    8125279970000000095
19680213-180340FIN196811968010119680213    3399208783.19    1738419376.47        2.20        2.04        0.51     329612459.06  829433389532.01    1693896811.83    789867310    852585844YlpZAosXzsuvTxMJSRMUB                                       
19680215-023721FIN196811968010119680215    2823428457.06     346583629.57        0.56        0.53        0.12     380301526.57  362111580250.46    6140301099.94    622655518    6566918930000000024
19680215-215112FIN196811968010119680215    2396671746.18     725844753.68        1.15        1.01        0.30     153580111.61  955070581245.70    3297930533.85    628972466    7215570410000000054
19680217-034616FIN196811968010119680217     518862593.88      65400358.75        0.71        0.64        0.13     935588642.11  322448542370.33    3815645622.61     91529182    102346077sOinkIiTdaWTBlAuXFDL                                        
19680218-095819FIN196811968010119680218    6752075900.03    1508566164.65       26.90       23.89        0.22     840262661.43  215749218943.31     914682609.44     56082581     631349930000000065
19680219-021450FIN196811968010119680219    9983061348.12    5900659986.06       46.73       41.72        0.59     131736677.80  563232986391.72    4433876762.45    126272796    141445689OHzaLyFKQkeISJnxSTeShaOv                                    
19680219-102515FIN196811968010119680219    7225662126.84    4008929726.65        4.29        3.99        0.55      10668328.66  594226980348.45     941107858.12    935556657   10040140240000000083
19680220-153547FIN196811968010119680220    1401478276.95     825558595.10       11.63       11.35        0.59     597206582.97  392803608733.24     479399437.37     70999122     72754720yzVtIWYoRQKKPNbDwXqdBMdFXWIZfiTteG                          
19680221-125441FIN196811968010119680221    4434920033.98     492383406.40        0.90        0.81        0.11     563635665.55  930814955776.56    8363949377.25    544516126    6073652910000000056
19680222-072301FIN196811968010119680222    4466386400.82     829936564.63        0.95        0.83        0.19     400780959.21  661195942190.86     609547996.48    877897964    9951748690000000037
19680222-153652FIN196811968010119680222    1740722370.28    1003512052.80        1.08        1.00        0.58     573346833.63  688614768283.09    2836576129.88    925536112   10038336280000000067
19680223-172234FIN196811968010119680223    9153335915.46    4857059870.32       62.47       60.56        0.53      74004811.76  747464568431.37    6794101323.40     77750194     80198180yJZRFbHLdseBeTnJIpEmTJtfrrDaEFBWyS                          
19680224-061558FIN196811968010119680224    2172730575.60     594520679.10        0.69        0.58        0.27     930718714.62  484027327166.04    1458735822.37    855724436   10219631280000000002
19680224-221314FIN196811968010119680224      99882966.09      45282364.12        0.17        0.17        0.45     150222904.90  785219717614.03    2201169353.45    258875013    271727169VXpGhfFbmgISLSMZVQlpBtNxkRhiLKvoTFIEKvFgIOL                 
19680225-093807FIN196811968010119680225    3345909914.11    1341942424.67        1.76        1.48        0.40     164234627.51  221889041084.63    4506549676.71    761974551    904638638vnbESGDLPDBDVwsKNSXPqRYLGXjuxVJrQDsEcEVAYIyXWMFThaGbMIZNd   
19680225-134846FIN196811968010119680225     346557744.40      99698708.48        0.15        0.13        0.29      58517241.06   34375823155.10    4236442342.20    664658686    7499341080000000070
19680225-175008FIN196811968010119680225     370991942.67     111182698.02        0.13        0.13        0.30     792405484.53  222678429669.26    6344672962.01    861297578    8844048180000000093
19680226-100331FIN196811968010119680226    9446011156.53    5260276491.84       12.08       11.01        0.56     242434843.10  239102175990.10    2072485001.28    435425105    4779236800000000090
19680227-090545FIN196811968010119680227    5268734021.81     968987830.39        4.80        4.49        0.18      98270961.57  433219673561.52    5314108693.47    201993773    215924089BlzKUNpcdbxQGHwUAaQlIXGgyZmHnyRREOKBwpXvXwwWEOWiNJVMXWALS   
19680228-062913FIN196811968010119680228    8417921594.75    5552767957.68        5.65        5.06        0.66     101617419.98  805487900983.79    7219233173.83    982719376   10972975940000000073
19680229-100020FIN196811968010119680229     339248594.71     157113742.27        0.18        0.17        0.46     996106466.04  461055430828.34    4618428271.53    880978609    910283920dBBCsCzeivSxrOWJZkMbNfLitfJSVqvvAy                          
19680229-102342FIN196811968010119680229     779257238.92     322782880.09        0.54        0.48        0.41     287486818.99  955167262556.85    3003391345.89    596936406    6683051440000000008
19680301-063642FIN196811968010119680301    9862338659.24    1476576159.10       10.33        9.45        0.15     414994215.85  375913952316.98    6808694646.72    143003722    156230351JNrlzArRLtDOXxp                                             
19680302-084013FIN196811968010119680302    8654557603.84    2651774284.82       15.03       14.96        0.31     723794847.58  168933327995.60    1529293788.14    176438263    177284137lSBXSwESnnboFFeSvHxFjlfxrwIZABfGMjiWUbhTmnRHnPFOTMlMAQnZJA  
19680303-040527FIN196811968010119680303    9347797691.28    4140501278.83       14.40       14.31        0.44     366910586.54  692542665902.95     237005781.66    287484107    2893935710000000103
19680303-192827FIN196811968010119680303    5464479224.74     885332061.62        2.53        2.34        0.16     955470437.16  727012391687.31     681032107.79    350092172    3782707900000000030
19680304-142033FIN196811968010119680304    8438651246.30    2000635488.00        7.42        6.50        0.24     353603040.32  600383607017.69    6734700815.26    269452340    3079241820000000102
19680304-204257FIN196811968010119680304    5078593515.26    2550547884.93        4.43        3.72        0.50     597478014.25  680966567304.83    1702302156.74    575274078    685874409WtLJlcZhUpnUJhcOl                                           
19680305-025408FIN196811968010119680305    4088422735.28    1460078794.61        1.80        1.76        0.36     481335672.66  446056253205.37     108075315.98    810634399    831552633FCOCNTOPibcmwDBHblaHXU                                      
19680305-132739FIN196811968010119680305    8109374792.87    2384575297.38        4.36        3.75        0.29     563463220.33  105279182614.66    3748436178.45    546455375    6361805660000000021
19680306-153438FIN196811968010119680306     941849787.24      21311414.04        0.25        0.24        0.02     808332090.93  672387975736.84    6874567754.12     84408728     903970610000000100
19680307-213014FIN196811968010119680307    7174573393.04     927477782.40        1.03        0.90        0.13     692956538.81  199254428576.05    7433787435.75    901211958   1032637648WCJJAitQbHnCKfmKEVEELEBjYtHsVGTBpOMMCLXEadMPRGRTA           
19680308-183253FIN196811968010119680308    9167226836.59    1874777833.64        2.55        2.53        0.20     809953507.07  748722293768.87    3865644424.86    736430010    7420913750000000099
19680308-200336FIN196811968010119680308    3815237764.77     235820954.35        1.31        1.20        0.06     857838066.82  779420329287.17    3611035554.83    179336933    195757638eyGBByYTpoRbgjJdHtPbQdJTXrTbcWTJkSHlPvDAkK                  
19680309-053957FIN196811968010119680309    8881486409.45    2425838498.31        2.44        2.29        0.27     149849868.60  621954839142.71    9966385402.78    995281249   10575965740000000098
19680310-095543FIN196811968010119680310    1504014951.30      93591638.91        0.12        0.10        0.06     327472394.86  494405929646.59    1871843973.83    761168433    8918974910000000081
19680310-150318FIN196811968010119680310    2253373581.61     152100887.91       17.43       16.52        0.07     135409488.52  201989770845.97    8514421797.19      8726023      9205526qKRGeBmCgmRgpBiQpEFEbdIWFBjPxEfNXDuazKBKUXCkjdvYg           
19680311-072033FIN196811968010119680311    9883459426.14    3369079330.11        3.67        3.19        0.34     280305933.86  638515232690.00    4257945409.80    916783163   1054996870QTlJJPTwTIKGjWucWLFdQIFqUFDViLqZHmopzBSaxPctxonmQDYpdPzwRDD 
19680311-225012FIN196811968010119680311    5155610374.16    3341713974.30        8.22        7.09        0.65     578891814.81  922973232666.63     428242952.14    406740271    4715536320000000096
19680313-061810FIN196811968010119680313    8293284910.87    4411703509.50       17.56       16.91        0.53     579642121.42  842052222991.63    8488267208.79    251278303    260928128jnhGOQaSGPLzBRc                                             
19680313-152103FIN196811968010119680313    4260052527.30    2824702559.46        3.45        2.99        0.66     348001436.23  995674052681.59    5459209108.73    819000964    9454388910000000038
19680313-181651SECAAAAAAAAAAAAAISCOMMONACTVDoUHPXNagYbJFihBJ                                                     NYSE  489416917    1963071819370320        2.06zZCyFkqieiPsUGvBJwvhXNW                                     
19680314-080523CMPILluFBdLbXRPNPnaiojyEqsGqUArncqWACvKTGoQnLdlqc              0000000114ACTVTOD   1924062717628 Ennis South                                                                                                                                               72901       Knoxville                MA                  United States of AmericaColbert                                       iPCuFyQXHzYQFPGs TPQVcqcgokGPRWJSFbmsipLUbRwe                                                                                                         
19680315-100247CMPtECVFzaZYGOIcLqmNMn                                         0000000115ACTVMFBB+ 187004208072 Hughes West                                                                                                                                                10262       New Haven                ME                  Canada                  Penunuri                                      KRPvjpUfstBUicZ                                                                                                                                       
19680315-115721SECAAAAAAAAAAAAAIWCOMMONACTVzylTVBuRcAaOYNPveEMtrYeWz                                             PCX   767238538    1965022619211024        2.820000000095
19680316-121018CMPkkhSvCsfgbDUvsiZWtPQwjkYPwKrfTUFMGMCWCBXBcOcTkaLSudO        0000000000ACTVCVA   1886120819918 Rogers North                                                                                                                                              35233       Long Beach               NC                  United States of AmericaEllebracht                                     CUpESkLIQ LBcTnhDEOCLVhfDjOopGKRBxRYGboIrPFcDxMSGkskSwAJdAPWSAPTf T                                                                                  
19680316-183428SECAAAAAAAAAAAAAIHCOMMONACTVLnfCWbKYnRXRuplNENsXR                                                 PCX   680470309    1962031118820530        2.95BzijSDvPCIJvDDDXrPdu                                        
19680317-024445CMPIiHkvFAHjNrDbHaXULOVQWMsfQI                                 0000000028INACOOA+  1900122221605 Gaston Boulevard                                                                                                                                          T5A 1J2     Chicago                  WY                  Canada                  Keleman                                       DvTIVKldUTWFOxmakkTaaMlMTGySiRHkTddOHUTQRyUYiKIOEL mnPZITGtwKDJwSimxjfdfPbeMEvfxIJGUBurEeAbSiZq                                                       
19680317-220836CMPrkWTCsQbCPAUfRcKLCwMGTdIqvRSpGXQyDXxU                       0000000106ACTVGRAAA 1912110911919 Morning Crescent                                                                                                                                          48914       Sandy                    AL                                          Aita                                          lGtHYvMfnNaekBhAiiOtZGnaohkhjQxjohIOehrrfthwAvcKglbpTNnrGXzuWjCHJbSzrgiWQnVJyVqCcMvMAbWJvKLSOMyUAokAVYeGBFMgNGvCUXThCqHJuqHWRDPYRW                    
19680319-015316SECAAAAAAAAAAAAAILCOMMONACTVKVCmGgcpurUbXzLoDuoZwCDUMQoloJhBNmpzTwvcPDWipLIlVVxKmYZiMsicLhMLJii CeAMEX  297403856    1923121618980322        1.740000000011
19680319-220440SECAAAAAAAAAAAAAIPPREF_AACTVVLJuayXPOVBEIIIKKKEOSoyydCZfnakASxZeEXv                               NYSE  855682140    1966110119230224        1.110000000093
19680320-050820CMPPAKPEEUQmMEQCIiKNBmUEBtPfusQRkopGWWnKXMrfXJjrgUvxcuTzMgPK   0000000107ACTVRPCCC 1866032821145 Olmos Drive                                                                                                                                               T5B 1U5     Fort Wayne               FL                  United States of AmericaHahm                                          BzxMQovrpEXLTXdnZsPswuZkMHSLGCxEOxFuTmketT                                                                                                            
19680320-164345SECAAAAAAAAAAAAAITCOMMONACTVktUJrKWeUxGFAlaIOAJ xcOLYUQXFF                                        AMEX  438801221    1950121119210327        0.830000000098
19680321-114643SECAAAAAAAAAAAAAIXPREF_AACTVKgXdUNGrIHEZEwPKGmNdnSHcveqw vxFUHwGVOPRDeHwYRRlnRFOmE SKV            NYSE  52286546     1899082219070707        2.76GQgODZYcTEajaEMYDrWGoMdiJOENBaMGcnwYwuNTRPoOXXVjWD          
19680321-154234CMPJySpXSUPXXRQAhXZYVXuSJeBKDIpCmynRTiStS                      0000000108ACTVMCBBB+193308051427 Addax Lane                                                                                                                                                 27610       Knoxville                MN                  United States of AmericaCyphers                                       UmUUFfrCATdfRNwNQDyonZOvRUvtdPLDAHqzKtAsXVQKrPzUrSTYXJCYPNulemtuKbJTnIpOKnMEuGwYBuGSZcQpfIxNSneIwIjNgQihxxZGbkGGwLvGCMdKMqXWwBMNyqL                   
19680322-165716SECAAAAAAAAAAAAAIIPREF_AACTVHfDBnIJFfQPOgGE ZEGINwmywRNdkCkpgryEfrpRsDuGtBVKyQIWpJSXFb            PCX   378701800    1927040718981129        1.79KJhQqvrlpQBidNaiKSbeNNikTGFNyqfAokZNpWiMnQ                  
19680323-211543SECAAAAAAAAAAAAAIMCOMMONACTVMMvGMjEzmfbJsBOWnWNFpZLaZsRRxiOVYieYVwrZDl                            NASDAQ400817532    1883062519660124        2.920000000077
19680324-102807SECAAAAAAAAAAAAAIQPREF_AACTVQQYPOWlkJNm                                                           AMEX  990965732    1907100519190714        1.49PTNTHCLWsriUMNBFhDQDGtmBPPNiLOSaNy                          
19680324-232015SECAAAAAAAAAAAAAIUCOMMONACTVTDSDEgAquzSaMR LegJJYNFGFapIcCMUWE                                    NASDAQ847170366    1934072918760628        1.79RzFPWFvwZRrSBSctRiMfHfNKAAwdNTjFVMI                         
19680325-082517SECAAAAAAAAAAAAAIECOMMONACTVZCDnikHAeVqwmkWAJiqeFBZIWzzQeAalVLsrNtqXTBJLvUffjJVaRUyyTDbf          NYSE  178264525    1884041518510731        1.910000000011
19680325-164032CMPPGaykMWIRXtIvCjWQotAVyIQMBtfCUlqpQvbAcJpMrOZRoSijDVbEagyXN  0000000109ACTVDRBB  1883032818043 Watts Street                                                                                                                                              H2F 1Y8     Pittsburgh               WA                  United States of AmericaBreske                                        NIBhhKEDOteAVoHKccjOrGdptViOy                                                                                                                         
19680325-214436CMPDIPPjcmxrwIwYNRnOzSotzgUkufjD                               0000000110ACTVPRCCC 194910115450 Shoalwood Boulevard                                                                                                                                        94168       Frederick                MN                  United States of AmericaFuhriman                                      eKhCFFRAeHKAkMGehYdiwwSODMFvGZaUXgOrLfUG MBDJeMbXLH                                                                                                   
19680326-002946SECAAAAAAAAAAAAAIJCOMMONACTVTqsNMBKKvavUKQVXRmQuABShDFUFmobFMdteJZORdUfITOCEQUebDo                NYSE  934220320    1860110718870914        2.28CVRXvUkWOxdMcWRMhABiVpiKwSnFEzHzbbeQ                        
19680326-155714SECAAAAAAAAAAAAAINCOMMONACTVyiNUPLDjrmPNOmRdYDbUOTCPRPXCNpFDSKcgUUjdguKHO                         NYSE  366266835    1928112619220302        0.22BzijSDvPCIJvDDDXrPdu                                        
19680327-030448CMPzIHLKvPBQrCTBYzpZzUJZwMrKqTpUZPyXUykkId                     0000000111ACTVCNBB  189209132755 Rodeo Court                                                                                                                                                37417       Santa Clara              ME                  United States of AmericaBreske                                        SrExCCQu PmhSmquEOIORRl                                                                                                                               
19680328-033113CMPFXFYeNQJTmypAWxzHPOBgNFDcXaQQFB                             0000000112ACTVRPBBB+1942031224697 Florence West                                                                                                                                             73104       Lansing                  RI                  Canada                  Dreier                                        mJcAMRwyrzk LELRDmqcYbjusnZIKMmgg                                                                                                                     
19680328-153548SECAAAAAAAAAAAAAIRCOMMONACTVITQEAZqklDQXssKHOzfCeOwbKLungMCIyixIJEyPRIsEWszUSonsemPGrMQMrSHFfcVkW AMEX  388543111    1964112419340619        0.560000000011
19680329-032256CMPjLCjOYaAGVEUrxGtMU                                          0000000113ACTVDRBB  1952122315645 Sabine Rue                                                                                                                                                19131       Costa Mesa               NE                  United States of AmericaJarrett                                       WRWqASEhYkEWATDnOaTyUKPpOCGpRSYKGQERkXieEBpHGcDQE                                                                                                     
19680330-004107SECAAAAAAAAAAAAAIVPREF_AACTVIkFZdCICYFgXcEPYbrauANwKZMYHghFdN JGJoOcOXGNhQrWdPFCUHlCmMaHYFxNojf   NASDAQ632785701    1915032918681112        1.370000000044
19680330-161840SECAAAAAAAAAAAAAABCOMMONINAChLGaxijgkBZAvvYVHVMmOFN fMsFAbbAYlYRHEeYVAkDrIhJMkgIDB                NYSE  720090211    1871123119500327        0.510000000051
19680331-022937SECAAAAAAAAAAAAAIKPREF_AACTVwuZJmTPQyjpNeHRLyYCjQLuUNAQh                                          NASDAQ76693014     1898052519320721        2.460000000022
19680331-235958SECAAAAAAAAAAAAAIOCOMMONACTVPcuHGuGaVfKZiokEPXGkIALxEOZFRiQ                                       NYSE  372719370    1901040918900305        0.91sOinkIiTdaWTBlAuXFDL                                        
