19730101-133942FIN197311973010119730101    3783940436.67    2422846094.87        3.29        3.15        0.64     259720361.28  536569157467.70    5731407749.31    736320225    769552081XUhuCIMVvmnSqMBPsPTqVPeOhOJjWFWHqbzvsVmNTAFOvA              
19730101-184632FIN197311973010119730101    5313290463.44    2869068811.48        5.98        5.07        0.54     246097417.61  791311817287.64    3844863229.66    479470979    565922448XcxyxkqjaesCOVlDpRLKOSaaUSDCxuJjG                           
19730101-202028FIN197311973010119730101    4515167626.07    2509527763.29        2.94        2.61        0.56     912618336.79  102422092503.42    2389791673.02    854227157    960020212LKCNUwwVcHHCDVwSxILaphVOqaSQACIMfdTAl                       
19730101-215852FIN197311973010119730101    2880669426.76     938753413.30        2.14        1.93        0.33     103896403.44  345102078151.04    5470933149.58    438005717    4856048900000000288
19730102-074357FIN197311973010119730102     283073292.79     178137932.59        0.21        0.20        0.63     422802422.05  851877384303.80    8578710950.07    857239792    8696653960000000143
19730102-165140FIN197311973010119730102    5970323276.81    3415581909.97        4.43        3.83        0.57     257411051.67  164125284306.62    7857005820.69    770764378    892235491DhEFIsYSMqHQmxAANGFHPWdKF                                   
19730102-215943FIN197311973010119730102    2715423744.55    1100341860.90        1.23        1.05        0.41     193743255.46  474233746109.93    1892115888.30    891385146   1043628540nUSbwozHKnjEMwDGEwifsBDVkWMEUCXcZRAlqaRyXugMDSPCvILEtSe     
19730103-092032FIN197311973010119730103     271223720.02      15912195.87        0.02        0.01        0.06     440063146.40  118809540111.48    2973644378.51    967551605   11160060640000000137
19730103-183918FIN197311973010119730103    7189470113.28    2148659903.06        3.67        3.48        0.30     509750681.12  374588533495.75    6069985497.98    585763316    616808316QrkRxvbadKcPnWFcOeDWQVadFphGPSbdHFKZstApXDFQCJWWQxhWQGQHgC  
19730104-004031FIN197311973010119730104    4568158058.91    1567993351.05        4.94        4.25        0.34     461561225.63  837485951765.18    5728877683.22    317299612    3689100300000000064
19730104-021828FIN197311973010119730104    5223385185.48    3609239087.49        5.52        5.20        0.69     371168365.17  751649101420.34    3938719366.48    654302736    6943634540000000254
19730104-042551FIN197311973010119730104    9939513695.99    5889770794.23       16.83       16.23        0.59     404746509.28  915768894290.21    8794241467.01    350009854    3628147550000000034
19730104-125900FIN197311973010119730104    3905362406.33    1376535333.09        1.64        1.47        0.35     178709132.67  152716635366.82    1243926752.44    840563229    9335878200000000136
19730104-202616FIN197311973010119730104    8911702305.06    4948800705.91        8.35        7.08        0.56     962384659.12  307967780976.46    8789306323.66    592751504    6989605240000000229
19730105-053516FIN197311973010119730105    7108911427.89     292063960.30        0.29        0.29        0.04     659314874.00  300219801580.10    8963672323.53    998795400   10159695810000000290
19730105-124515FIN197311973010119730105    9040001279.59     960809842.59        1.08        1.06        0.11     521875884.39  576310954979.69    4658472718.74    887342504    9080241250000000018
19730105-125628FIN197311973010119730105     127864829.24       7272790.00        0.01        0.01        0.06     415385815.94  513636067627.71    8008177479.97    772800393    8085080830000000048
19730105-164843FIN197311973010119730105    7396738893.51    3663691886.30        8.09        7.12        0.50     656738225.40   92106955444.29      91095369.13    453002865    5145853980000000016
19730106-014814FIN197311973010119730106    8467451488.24    5400303209.23       11.67       11.63        0.64     199043765.17  216733202107.01    7691611389.33    462923180    464460014HlQPdCFlfEZpMPIC                                            
19730106-090603FIN197311973010119730106    7333287092.18    4480826681.78        4.73        4.29        0.61     773578709.11  331210703684.53     967126705.93    946652985   10437435440000000208
19730106-215103FIN197311973010119730106    3499645350.71     991041552.49        2.05        1.99        0.28     213802717.87  235757540220.36    4038687935.57    482320437    4969750570000000198
19730107-004921FIN197311973010119730107    5604102913.47    2019013660.47        2.06        1.76        0.36     279818544.69  222950634278.48    6637261371.52    978700501   1146282768eMeEGklgXHxDbHmSKMgdNjtvbmqrnPkesDKCAFGtvoUrQw              
19730107-115548FIN197311973010119730107    5753424983.16     122235158.96        0.44        0.37        0.02     868390000.05  306392261719.85    9475599711.10    278885331    329215574sFUPMbMzZhWukEqBOFVslISMGF                                  
19730107-140432FIN197311973010119730107    6345534667.27     453775536.94        0.57        0.52        0.07     612134237.39  201065588854.72    1905246546.58    790732846    881058286estGmMJWXVNYIvVp                                            
19730107-152521FIN197311973010119730107    9504939251.02    5133499217.13        5.20        4.62        0.54     434629983.55  705068854423.88    7730144558.07    987782894   1111317000sPFpJfRunRmoHacLH                                           
19730108-014905FIN197311973010119730108    6635982833.41     117788450.17        0.49        0.47        0.02     950244615.01  337803035202.52    2995524536.03    241102823    249906767YNouztDEEgVJnWzrV                                           
19730108-032135FIN197311973010119730108    1920112066.76      78097050.36        0.10        0.09        0.04     308751648.92  927396359818.90     386278616.39    752323739    871186257BJzgahGWDZISSTIpwXQgYzlwMGvKWH                              
19730108-153650FIN197311973010119730108    3974167691.97    2584195585.41        7.05        5.88        0.65     641179924.48  295823152659.75    7879551624.47    366313211    4394426640000000171
19730109-045614FIN197311973010119730109    8245378677.40    5052600233.35       15.12       14.19        0.61     462058634.45  812036939599.26    4801204248.92    334250429    3561405670000000303
19730109-093707FIN197311973010119730109    6778755697.43    1069835241.45        1.22        1.20        0.16     292353956.10  658470836602.06    6931259627.44    876970570    892114356LRYKYZXBcxmTSSowQAFUfTJRSoIvPgvimQgPedHDROTgzAImiQMWqxVFPKu 
19730109-180342FIN197311973010119730109     831267031.51     100042171.28        2.49        2.23        0.12     791204013.49  746793074961.67    4692204520.32     40150061     447987140000000040
19730110-031427FIN197311973010119730110    4089721743.65    2033528226.72       10.70        9.94        0.50     346188499.72  226965686527.97    1558177476.92    190101269    204581359CVRXvUkWOxdMcWRMhABiVpiKwSnFEzHzbbeQ                        
19730110-122123FIN197311973010119730110     844036444.89     155965054.26        0.27        0.24        0.18     525637370.96  788863701682.00    6037301989.12    578355045    656105810olGIXXQFLdIHXDEuMLdDVNJbXfMiSChBOXXHPRgqQfvPMFOMefo         
19730111-014340FIN197311973010119730111    2708788084.36    1016685744.20        4.97        4.94        0.38     119683362.51  760815725369.73    9687815876.00    204434230    2056827500000000293
19730111-055514FIN197311973010119730111    2495283011.33    1139751013.19        2.77        2.41        0.46     204425530.65  779226334591.78     460278996.55    411100599    472026678FCOCNTOPibcmwDBHblaHXU                                      
19730111-182053FIN197311973010119730111    9415546641.36     353862934.88        0.50        0.49        0.04     424517399.74  837673583169.27    2331145721.35    709884106    720798040uBBFBUhgSRFtzQIYXtbEFRe                                     
19730112-055729FIN197311973010119730112    6910210129.81    1309673275.47        1.58        1.45        0.19     785086976.14  533518598522.63    6620628976.24    830172930    9029493840000000220
19730112-104132FIN197311973010119730112    6492671738.79    2480257765.34        3.40        2.90        0.38     707862700.76  505230823890.93     198560862.39    728717298    8553143430000000105
19730112-191112FIN197311973010119730112      19858229.61       9545224.24        0.01        0.01        0.48     995121340.28   85260109468.41    4304715341.10    657829864    784924925FEJqDJbFBHFbMSWLMHkubadniLCUCNTSGIPYDVhVRqNYCB              
19730113-065700FIN197311973010119730113    7161251572.21    1560606893.10        1.56        1.42        0.22     109099556.83  599187109184.52    3470689648.30    999876690   1102226684NexjEKvgkViOeaMXWULcs                                       
19730113-124735FIN197311973010119730113     407911492.36     104036061.63        0.20        0.20        0.26     286063783.83   43404003100.17    8567411241.46    524557283    5271087270000000151
19730113-201830FIN197311973010119730113    2376260183.02    1200351263.89        1.22        1.03        0.51     352154277.56  554950543377.88    5315325478.20    985495171   11613310110000000049
19730114-044612FIN197311973010119730114    6642001937.12    1101909152.35        1.69        1.51        0.17     101080498.94  273573206743.54    3748389684.41    653348168    7293419630000000187
19730114-054018FIN197311973010119730114    2279419022.34    1323016373.57        4.26        4.17        0.58     930210234.58  594995985158.67    8320494436.94    310357427    317524702sRWWIhWVTcdKuZKNfeibPUSU                                    
19730114-105109FIN197311973010119730114    7273646845.11    4452319901.05        6.48        5.95        0.61     428296744.20  533951414705.09    3511740801.03    687012750    7477150570000000295
19730114-214706FIN197311973010119730114    1835528368.48     106745296.14        0.13        0.11        0.06     337979220.23  474116840796.51     444655716.43    799446833    9338664700000000074
19730115-123336FIN197311973010119730115    5116543292.04    1316492408.35        2.08        2.04        0.26     732660080.50  544250448779.18    8340464936.28    633317222    644340272EsHPWeZIUldfxNQnmwk                                         
19730115-202858FIN197311973010119730115     725594697.84     155877304.64        0.26        0.24        0.21     505470841.06  176499113600.71    9623112541.99    589449398    6398898410000000051
19730116-075956FIN197311973010119730116    8599996836.67    4754965861.05        7.39        6.87        0.55     729733507.79  204275065686.36    7660019463.79    643258977    6920877320000000222
19730116-165528FIN197311973010119730116    7662946915.90    5130043950.62       14.01       13.37        0.67     809517748.95  120972606904.78    5606145540.74    366135570    3836661140000000279
19730117-001033FIN197311973010119730117    3698031361.64    1926748591.12        8.13        7.66        0.52     198412671.05  646250750340.39     308878180.53    237045750    2514304330000000173
19730117-103311FIN197311973010119730117    2423888658.62     409017958.68        9.56        8.47        0.17     863674020.88  525106007954.03    2212078253.43     42786885     483094080000000073
19730117-141525FIN197311973010119730117    4995556986.97    1656710064.50        3.74        3.35        0.33     918134213.30   51448456982.37    3872843020.67    442855732    4945090590000000099
19730118-041422FIN197311973010119730118    1292541937.32      81615883.32        0.19        0.16        0.06      16937592.90  886999453279.01    8667390016.05    428270957    5122033730000000157
19730118-070200FIN197311973010119730118    8393395367.23    2415391089.76        3.22        2.89        0.29     297805248.15  924307962822.61    4812067050.32    750988933    835134578VIwCayPvwhogOnJYXzNaeJARKVRQdTJzLSKMYmjqiITvCVKAMRRJCa      
19730118-132422FIN197311973010119730118    8802108728.89    3113794462.85        3.66        3.24        0.35     737496989.41  658625260297.25    1902601448.10    851583463    961392385aoTgMQQOVPapOXWxUW                                          
19730119-003231FIN197311973010119730119    7627935156.49    4165025790.25       16.32       15.76        0.55     936449455.51  678923911205.76     703817370.13    255165770    2642363860000000192
19730119-024001FIN197311973010119730119    9253909989.41    3692244111.58        7.29        6.20        0.40     920746035.34  209552361208.73    5084161798.21    506623097    595793361CJDIgUzBAIqWZQVUTlyQjQGEMKgPacOT                            
19730119-060239FIN197311973010119730119     604941147.40     298287365.21        0.33        0.28        0.49     564527323.40  903225175994.57    1329804008.43    906046468   10805283840000000026
19730119-062746FIN197311973010119730119    1351929243.27     738835279.41        5.13        4.48        0.55      71505028.84  914720737917.95    9853655806.93    144145901    1650491090000000102
19730119-133117FIN197311973010119730119     170539625.59      52275993.67        0.10        0.09        0.31     822998281.45  820598872434.06    9721903910.79    517828237    6036259980000000071
19730120-021902FIN197311973010119730120    6422203221.36    1382593803.63        1.53        1.31        0.22     440682834.90  720715639082.72    8633335115.36    903694184   10523360110000000164
19730120-042948FIN197311973010119730120    5928484541.28    3846616479.11       74.56       63.21        0.65     433491256.79  562331484432.61    5166149918.27     51593756     608558190000000186
19730120-165403FIN197311973010119730120    1201130513.46      43410629.04        0.09        0.08        0.04     918934805.99  439843135072.89    4688910042.98    465212594    5495376100000000082
19730120-190927FIN197311973010119730120     548257195.44      58499928.75        0.07        0.07        0.11      29312180.71  389217543819.88    8668852034.88    811110857    828704479PozAgYtmghzwqacMhOFSFF                                      
19730120-210403FIN197311973010119730120    3885051141.96    1064141255.61        2.34        2.15        0.27     259714573.13  251450386956.44    6577081107.80    455144717    4958210760000000154
19730121-073610FIN197311973010119730121    4542185030.10    1285759581.87        3.67        3.35        0.28     397860453.93  913014060028.40    9334740015.57    350800476    383491407tECVFzaZYGOIcLqmNMn                                         
19730121-152418FIN197311973010119730121    8625347575.81    4291733821.90       11.12        9.86        0.50     379514509.46   56444699377.94    9509989104.06    385853426    4353722240000000158
19730122-034304FIN197311973010119730122    1501711675.70     628030671.47        0.84        0.72        0.42     315699595.89  941415686866.06    8882188573.79    747763689    8743633700000000266
19730122-092352FIN197311973010119730122    4155642846.96    1936237397.62        4.79        4.66        0.47     598597634.37  703567317266.30    1880151411.51    404173954    4155864190000000298
19730122-175315FIN197311973010119730122    2636699448.93     279531608.71        0.32        0.29        0.11     212008175.67  638939202649.08     452451321.02    862692241    971344870PjlPgtyXFQMaQwoAnVgbUFMVCFQGEgeGVOPIPEPLwBmXWxRK            
19730123-070304FIN197311973010119730123    1197040360.54     645237345.87        2.77        2.44        0.54     716856012.31  102409800559.44    7177737825.00    232660286    264534448EVnyFUGFEJmFNaFNVU                                          
19730123-154359FIN197311973010119730123    4318512330.42    2775150040.51       10.03        9.95        0.64     866723384.78  698598584103.44    7492816270.67    276774828    2789626930000000213
19730123-225433FIN197311973010119730123    2581808190.99     485173479.98        0.54        0.49        0.19     162733392.09  347728600593.51    2847150292.26    893928561    9921183330000000270
19730124-102306FIN197311973010119730124     365722084.89     170858743.35        0.63        0.56        0.47     347481603.75   92277760151.20    5594710967.58    269622390    307170507VRCqMDchijxAuePBgjywAGgqrVRBEFpiTlAyRVbIdJsaEVtlYWHXc       
19730124-185044FIN197311973010119730124    9355225162.07    2557988387.59        4.57        4.15        0.27     951863601.71  509979322471.56    5610587981.75    560277947    6165169230000000091
19730124-195349FIN197311973010119730124    5535669430.28    1020310987.26        1.28        1.13        0.18     925158257.38  129258934843.40    9785355292.20    796357235    903623206OKehKyGaHgbEeBcBDAnFaXwXmCfzDCIig                           
19730125-055739FIN197311973010119730125    9846976927.08    4856183349.73       18.92       18.52        0.49     676603863.49  470249438300.76    5588918176.89    256673254    262224548aaCRGOKapDAmHhNFT                                           
19730125-101816FIN197311973010119730125    4244225822.07     297857847.31        0.53        0.47        0.07     446482021.62  476781578454.31    6898069758.31    559080200    639976551XEYdozBcEbPhRFHwKiUQyBWXKiOSSZlHFtNCTxUNaBRyBgaISh          
19730125-114321FIN197311973010119730125    2814851147.07     346682816.95        0.53        0.47        0.12       5974433.27  382562704273.69    5237923069.50    658150431    7376442190000000204
19730125-185612FIN197311973010119730125    3493336251.12     914200805.25        1.14        1.00        0.26     668817042.94  147700496906.60    1243463206.31    802824963    9144441540000000024
19730126-002341FIN197311973010119730126    6478862203.04    2887083913.69        6.20        5.98        0.45     758452418.79  894439208751.20    6542910028.04    465415480    482810931FQCxtQRoMnVlnjwEERVRrjOJDAIyWTEKGCbBNsvTNBMQXXA             
19730126-022358FIN197311973010119730126    5756125508.30    3655679392.74        8.28        7.39        0.64      21073221.61  425789636076.50    6748640421.67    441546116    4948119350000000285
19730126-094902FIN197311973010119730126    7142330519.67     390263497.96       41.55       40.22        0.05     939833434.05  120561926012.87    1972000614.00      9391864      97023390000000172
19730126-205735FIN197311973010119730126    3004308808.99    1952254636.32       13.11       12.97        0.65     705098232.47  511352564584.86     430257087.23    148881369    1505770400000000205
19730126-223442FIN197311973010119730126    1721751560.63     893139829.69        1.93        1.71        0.52     135981150.38  218933791041.02    6390451456.99    463553260    521363050NBlLFolAbmXBmOMhThAUqP                                      
19730127-042416FIN197311973010119730127    8354304136.90     710975114.55        1.35        1.13        0.09     919188998.20  244850638161.59    9752900277.07    526202205    629401815gSPTnEYnBdFkIWPfTapBoPBM                                    
19730127-173950FIN197311973010119730127    3691439805.72    1592977573.37        2.15        1.82        0.43      18298133.63  238752252608.84     272168778.92    739931861    8765357950000000217
19730127-225004FIN197311973010119730127    8762783297.26    4066077816.67        5.33        4.79        0.46     671536845.43  649055742827.93    5933000078.23    762887210    8490642900000000156
19730128-110822FIN197311973010119730128     138611012.17      88639489.53        0.17        0.17        0.64     459203168.07  650029141015.74    6227424022.30    514603266    5320495010000000127
19730128-131556FIN197311973010119730128    7620078223.07    2531695843.54        7.86        7.59        0.33     523793816.39  734963994201.65    1674554628.00    322083689    333386650WCJJAitQbHnCKfmKEVEELEBjYtHsVGTBpOMMCLXEadMPRGRTA           
19730129-014139FIN197311973010119730129    4636425315.49    1776205788.53       15.02       14.61        0.38     872488651.70  606316224020.21    8556736907.47    118269112    1215687320000000287
19730129-020946FIN197311973010119730129     884303100.28     614587256.41        1.05        0.90        0.69     683455289.10  774151439696.50    5335963556.49    584042574    6852174190000000223
19730129-055419FIN197311973010119730129     759271303.89     151340333.08        0.38        0.35        0.20     640975571.71  254276453040.79    8210019420.81    400207156    428397071rkWTCsQbCPAUfRcKLCwMGTdIqvRSpGXQyDXxU                       
19730129-064428FIN197311973010119730129     606389887.37      56722424.17        0.08        0.07        0.09     368593451.83  118689855067.78    4837267087.26    712634856    784942657EOMpasJigJVvYQGKVcDPddEniaOUaTojpCAmYQrUeZJEGo              
19730129-085658FIN197311973010119730129     391828994.94     221915446.41        0.30        0.26        0.57     648417757.37  436490532162.66    8907463947.98    745949778    8658066070000000232
19730129-105825FIN197311973010119730129    8303691916.54    4726086701.24       49.90       43.32        0.57     657256248.71  581039625143.31    3452804952.59     94710175    109091760HEGOhdnxjYISpGXhRRUQahEU                                    
19730130-013653FIN197311973010119730130    6835179817.23    3773415783.36        4.53        4.05        0.55     887786638.64  993399387954.05    8694431337.29    833730294    9321650750000000189
19730130-094747FIN197311973010119730130    1919340034.02     643778995.35        3.52        3.13        0.34     329724723.72  481457884942.84    8570653058.97    183022547    2055000460000000039
19730130-105046FIN197311973010119730130    5310061830.26    2243992054.54       14.37       12.25        0.42     254749033.46   90203959956.30    5430865666.31    156164777    1832328990000000163
19730130-190827FIN197311973010119730130    1633892017.31    1131369133.10        1.27        1.07        0.69     310110798.58  319784696705.54    3689582693.73    893294505   1054689500imdafqhUOHJJweSjJLCsJtrIwQTHOvwNcouZrYzKuEbA                
19730131-064031FIN197311973010119730131    2214690004.20     189649382.48        0.64        0.57        0.09     617878293.91  220271766344.15    7111263382.20    294860991    330456513YpbHzwUNEAFRSRGDoObqLpwydBbHFFewWSzCrbAQkJqTTzimOZOBxu      
19730131-152034FIN197311973010119730131    4151812993.26    2187463503.12        2.97        2.65        0.53     520947845.78  915894486541.53    7667112069.93    736806499    8264793570000000185
19730131-214248FIN197311973010119730131    3906023059.65     327623148.13        2.03        1.95        0.08      80306944.85  261069866841.29    8008373034.18    161462547    168095567TGCJKTzuEdhxAvEJ                                            
19730201-081923FIN197311973010119730201    7008005273.93    1883934910.27        3.31        3.07        0.27     238761888.63  441235264921.16    1321379299.11    568426964    612981597qNiTaifXkCYIMerIPWjQOUJQOrpXZUVLYpDp                        
19730201-124414FIN197311973010119730201    7345759216.69    4494099338.18        4.75        4.28        0.61     834841126.15  571321827259.97    4874456669.62    947080833   1050644825GzDXOWXDABSzNrogrDpc                                        
19730201-162129FIN197311973010119730201    5696543583.17     813849901.48        1.18        1.06        0.14     268814474.30  468869482252.66    9519339112.35    691094474    764319754CKqQGzXcNXMPWzzEAqHxSpCdCwJEirgSInSJOMkfzMBleWwhgbxmoVEVYU  
19730201-205008FIN197311973010119730201    6504405153.40    3604385030.29        4.71        4.16        0.55     414245849.92  152779564365.60     548933687.33    765077424    8658789840000000197
19730202-002048FIN197311973010119730202    2864998364.01     754025914.76        1.13        0.97        0.26     445578760.63  799886162258.17    3227828124.24    667531179    7776422130000000251
19730202-114929FIN197311973010119730202    3427894765.44    1904163792.12       12.43       10.66        0.56     819087219.85  956629533196.71    1959145909.13    153132311    1786786240000000033
19730203-001919FIN197311973010119730203    2823178058.06    1035846798.35       41.94       38.19        0.37     281234479.56  689231003131.14    2861878023.00     24697162     271250830000000130
19730203-102056FIN197311973010119730203    7362041213.57    1957125425.47        2.47        2.39        0.27     581726111.39  382815268611.87    4320634121.60    792674392    8185304960000000255
19730203-153801FIN197311973010119730203    8419846544.76    3201252751.44       19.35       18.86        0.38     336646423.07  584995088569.36    7971101394.56    165423478    1697400720000000096
19730203-171051FIN197311973010119730203     517978640.65      85302387.69        0.19        0.17        0.16     438964528.20  905895492962.30    8801497035.92    458491735    509335663OFnTuxOMWDUHOSyWOVCiEosNDI                                  
19730204-053135FIN197311973010119730204    3727435681.16    1585782744.56        2.26        1.93        0.43     103778671.01  227199777708.90    5854781148.98    700861791    8227213400000000210
19730204-105627FIN197311973010119730204    7869433334.25    4736574425.52        8.52        8.48        0.60     698614288.11  252798392060.36    9089564871.79    555867074    558433169ILluFBdLbXRPNPnaiojyEqsGqUArncqWACvKTGoQnLdlqc              
19730204-160623FIN197311973010119730204    7859147614.61     368454880.52        3.07        2.68        0.05     738648542.44  842873917574.55    6225997770.88    120064245    137611373rBMPHLouqFXXMgNIhGTqVDHGAsCbGzEmOWSDGxBXmbKbrEI             
19730204-235849FIN197311973010119730204    6528672729.12    3315280440.67       38.08       35.68        0.51     230986280.84  656060857041.51    8010853479.54     87064653     92921468ZQTjEUONCDrpaHYvA                                           
19730205-002236FIN197311973010119730205    1994833503.45    1375039269.17       39.31       35.68        0.69     985316894.84  719262024011.33     223888380.58     34981437     38540878gIOONPxnQUwBdFNEMLBUXdUbFPDWDVOVnWIIMRpOMbaMGipmCAICpjncsHs 
19730205-135108FIN197311973010119730205     241244280.53      21111418.41        0.03        0.02        0.09     842179936.15  686544202637.71    3173706976.50    805626385    8691938910000000041
19730205-144822FIN197311973010119730205    9880522060.34     937013078.89        6.96        6.15        0.09     323204051.13  971792767469.09    5689278423.43    134642488    1522412180000000236
19730205-151847FIN197311973010119730205     589623483.25     237948783.98        0.68        0.67        0.40     664332502.54  342439748054.69    3719154378.34    348763257    357610392hAZTeeUwWHJnxVqOIIMdOeIUXVFVRVcjVxkKbHSX                    
19730206-052934FIN197311973010119730206    5237722298.56    1869311093.99        5.48        4.93        0.36      10739946.80  601297730310.34    1627185054.96    341160253    378842223DIPPjcmxrwIwYNRnOzSotzgUkufjD                               
19730206-180447FIN197311973010119730206    5239520693.71     585128738.82        1.82        1.56        0.11     760779285.21  529668472862.17    3487751491.29    321333791    375604671XjSxlGRryfrgvCMaReGMEXLJuiXaSRQMSTRccKTbdXRVwcSDVVf         
19730207-064007FIN197311973010119730207    2498569438.75    1010826645.92        1.44        1.34        0.40     629425272.17  505058871963.17    3011826654.86    702198584    7517340260000000281
19730207-073250FIN197311973010119730207    1526382069.01     285343342.28        0.39        0.35        0.19     452628149.04  760354459461.79    1285625300.81    737385885    8066275730000000181
19730207-172329FIN197311973010119730207     682331204.08      39878537.55        0.14        0.13        0.06     714080301.57  237643859815.10    6360099742.16    286872961    309552483tDPWLFEtBmpAwavVQikXwNpRaJ                                  
19730207-215000FIN197311973010119730207    3831454845.85     545063055.40        0.92        0.91        0.14     110715652.06  996119806637.59    1869391250.54    589421569    595768380PJfOlXRPMTdOuTIMAy                                          
19730208-022851FIN197311973010119730208     461858432.39     115224005.73        0.18        0.16        0.25     847723700.82  534204581044.38    2645967218.62    628444232    7347538340000000153
19730208-060001FIN197311973010119730208     444345040.59     280714713.49        0.34        0.30        0.63      36931285.29  794277177215.64    5376762093.57    815128285    926349803lSBXSwESnnboFFeSvHxFjlfxrwIZABfGMjiWUbhTmnRHnPFOTMlMAQnZJA  
19730208-095331FIN197311973010119730208     362120849.41     144050208.81        0.15        0.13        0.40     442566653.98  185857509260.08    6507341418.49    956983262   1142074315oHqcAiSKTrHsULLyJUDMmFLLtVnVfUxPcpvknqfqbnhFycoSbFZvePIdVmZ 
19730208-104407FIN197311973010119730208    3484286649.81     725397893.50       22.10       21.69        0.21     482054674.05  779127611794.53    6249295951.53     32827409     33438239GQgODZYcTEajaEMYDrWGoMdiJOENBaMGcnwYwuNTRPoOXXVjWD          
19730208-151317FIN197311973010119730208    6587310268.89     758940992.70        3.54        3.06        0.12     620177897.62  663331617197.30    3641027650.26    214290972    247720822RMTnrMvVJASTKHRLEbVigGiqmMcuEfgORmhMFOQrbUUDPpoBC           
19730208-204955FIN197311973010119730208    6853034019.06    2839956423.35       38.31       35.26        0.41     906156899.83  884491420276.77    1826647857.30     74140154     80549227maNnBELccTuKDXojbbmSqMAOzQwExqMJWPLSOAAZCgXQxjEfFORZfzbxQ   
19730209-081948FIN197311973010119730209    7988192969.71    2648911040.11        5.53        5.26        0.33     601031182.80  917424770470.15    4793183243.25    478843799    5036500780000000043
19730209-091103FIN197311973010119730209    2895861081.97     139614032.49        0.39        0.34        0.05     682443447.94  234758035171.48      91437945.94    356368775    4109322020000000138
19730209-201202FIN197311973010119730209    7435429755.97    2129930052.49        4.60        4.38        0.29     175455215.19  790354120923.50    3217309404.28    462670952    4866543010000000069
19730210-094659FIN197311973010119730210    5687227228.53    1625822321.54        4.56        4.48        0.29     704488250.86  428377029936.83    1448681083.15    356821784    3629217950000000239
19730210-101930FIN197311973010119730210    2780075219.99    1362600990.90       86.78       75.41        0.49     544376724.39  119954648864.89    8152652623.63     15701131     180703370000000165
19730210-110447FIN197311973010119730210    1561245143.36     794361961.67        0.88        0.79        0.51     150846853.60   78537041720.23    2385751756.39    902353760   10082811550000000237
19730210-153049FIN197311973010119730210     185209208.35      19096703.20        0.03        0.02        0.10     183288344.15  720904117129.27     162576698.45    719890754    770355498mBRtpjNBECQCRiWtjEutqI                                      
19730211-040133FIN197311973010119730211     915128939.67     344592622.67        4.99        4.70        0.38     311696990.22  804788481404.83    5123101213.20     69045398     73382724qRPVVdOiHOaRcVTAInDgjliDRKxjgWiFKZqiTVfCOkJATvp             
19730211-134544FIN197311973010119730211    7432935483.58     212651837.23        0.67        0.57        0.03      93925938.54  643842938213.85    3447897638.92    319687815    3707937350000000296
19730211-184614FIN197311973010119730211    4427726012.12     807388546.74        1.15        1.13        0.18     823305749.19  531226229802.63    9183234631.64    703313518    717016996xItpdiEnJJAMNVucbcMCrZOxGKVLQtYwdGnBtSGBDqMTsWQhoJxXwANLFnQo
19730211-213311FIN197311973010119730211    6757911085.90    3245197656.20       27.19       23.00        0.48     827641868.58   37792609005.56    4645407293.21    119363917    1411199380000000117
19730212-113616FIN197311973010119730212    3076469666.50     925285527.46        6.68        5.57        0.30     995395516.16  198413629422.50    3814744148.50    138619008    1662588820000000263
19730212-175754FIN197311973010119730212    5534396942.01     161822500.66        0.18        0.15        0.03     835916230.05  252758672570.38    6241409369.26    905115422   1052514099RIoafLXyzvuVdAypgRHDbVyCNFqJLTgbS                           
19730212-185343FIN197311973010119730212    1158757040.85     174537818.58        1.25        1.17        0.15     449072562.72  326138617804.04    2863818857.23    139457475    149640292YtvHEQBjudJlIIctWcFxmnzyLLXwZIjQbTYYSJjShQPPW               
19730212-212841FIN197311973010119730212    8026229841.73    2267465619.88        3.17        3.09        0.28     370553044.81  968603630214.20    7342952883.56    714583911    7330402930000000121
19730213-091135FIN197311973010119730213    8641814519.37    1837067637.51        5.97        5.06        0.21     443895440.43  452820087652.47    4899672208.96    307784682    3631407190000000218
19730213-230223FIN197311973010119730213    6690385230.93    1568239283.49        9.81        8.91        0.23     362986301.99   45492816635.57    8727850426.04    159852734    175911779iygCnruNmmiRZKrPxEHpuLAIrZIVgBcvWJzjzMNW                    
19730213-233755FIN197311973010119730213    2823781882.34    1245223658.72        1.26        1.10        0.44      92517915.13  295879896886.79    7462248302.04    992204083   11323708160000000228
19730214-092657FIN197311973010119730214     960095776.88     210699919.29        0.45        0.38        0.22     462797510.71  333435200743.41     444351766.94    471606260    558438504yURWxInlVahogpZHAunTIhWpDHUoQwnugkGiHKWVDOnuTAuSApjDJaf     
19730214-211810FIN197311973010119730214    3095549056.38    1349826356.79        1.45        1.43        0.44     518812228.60  877692379095.84    6492231893.47    928199496    9470252670000000145
19730215-033344FIN197311973010119730215    9510982554.12    3148261568.05        3.42        2.91        0.33     371992573.82  192373082544.86    2679931257.68    920533125   1080421836fKTWdFNbJFpYzsgNOKBALRptDJzAgeGSPxIBaUpK                    
19730215-074821FIN197311973010119730215    6218037197.68    1370714103.52        5.81        4.87        0.22     786536910.59  590228803087.60     462604439.82    236086791    281346578YGODXTYUYQHKSUzVdmTrHaaZEgiuZLXAwzvjFZMnWXdUSECjfiOJYU      
19730215-142751FIN197311973010119730215    9652204075.04    4571762426.07       10.45        9.90        0.47     147770487.08  289259335429.39    6913312818.64    437321110    461958623qRAMrJWYRgHUIFKxEZjraB                                      
19730215-190926FIN197311973010119730215    3684131440.43    1781216293.60        2.11        1.98        0.48     308037777.43  402128937526.08    8424931028.64    843782766    898536633ziJohMcvsgUVqHyXNSwWAqFRxoSF                                
19730216-025004FIN197311973010119730216    4522144050.74     459452664.88        0.48        0.46        0.10     394486789.38  483076241408.55    3154808607.53    958852795    997142536sEdXWlAyBGoFClpXvyNNafsKbfeEnSrT                            
19730216-054012FIN197311973010119730216    9385582337.22    5351341212.89       10.89        9.77        0.57     223519260.44   76186684509.09    1958005886.52    491507328    5475419030000000196
19730216-180051FIN197311973010119730216    8834862199.76    1918868770.42        6.42        6.00        0.22     879729067.95  988406872971.40    3796098768.53    298689386    319802353VSvMNAtEDeXQNEDooBurhHTZUGXzfeRCZXFKsELbuDdCGvFheOL         
19730216-182419FIN197311973010119730216    9941415066.05    5808353390.33        8.02        6.77        0.58     482864613.73  911417897585.11    7314940382.80    724204091    858444178dGTSaPOJMHvtCCHelvrPOQXnY                                   
19730217-010536FIN197311973010119730217       6242951.03        752311.41        0.00        0.00        0.12     869944816.51   56444173853.11     185487023.52    835928429    9234695750000000248
19730217-032911FIN197311973010119730217    8109589727.72    5331599621.86      187.88      158.05        0.66     706759855.91  689729424020.25    7376595473.36     28377162     337337700000000180
19730217-094107FIN197311973010119730217    2829505647.38     564475823.21        0.57        0.51        0.20     803732814.82  855267856399.28    7931210137.98    982702513   11118984620000000059
19730217-215602FIN197311973010119730217    8003598685.07    1829437656.92        3.47        3.08        0.23     735432939.32   81977373077.08     980781769.60    526465229    594671008UKFcnKTFeKKrDiCQaSvHKASfMHqqwaibByIFXMzCNUKdDSAl            
19730217-221748FIN197311973010119730217    5072938487.98    2651639022.57       31.79       27.14        0.52     766035527.74  196279330803.45     947519264.03     83419616     97715559UOiPPAqTHALSquMEWyPKUQDUMJVXvMfKqTZ                         
19730218-080600FIN197311973010119730218    5618459713.74    1526721057.25        1.89        1.67        0.27     995162432.54  752724217146.88    4206444384.95    808075989    913465931WKHSDaFEDSYXOynePKHWBGLeJ                                   
19730218-140756FIN197311973010119730218    9598733863.00    5354437271.51       10.01        8.88        0.56     544848697.32  322221425647.89    6411592622.90    534696004    6029585010000000203
19730218-195902FIN197311973010119730218    6934594089.61    2216979727.70        3.44        2.99        0.32      50447383.81  392737669085.55    6593273029.58    644195887    7410401110000000246
19730219-094318FIN197311973010119730219    3218018079.37    1398163700.11        1.58        1.45        0.43     500457285.93  121252882464.30    2512483863.35    884109882    963014751WAUYdXNERWrDlFxcxhSWqEIJvzOFNSKbuUHsrWRIRHHkQpsvEXCCZHBCM   
19730219-190248FIN197311973010119730219    2279254141.73     394872370.89        4.67        4.06        0.17     186915421.44  280675591605.25    8027655701.68     84558149     97234506xtCKWBjqUKBQIRxNAFhHNGkothLlKEOJLIDZHCCNWPKwSBnHHcnYM       
19730219-234208FIN197311973010119730219    8410753958.44    4944364368.18        5.13        4.85        0.59     119782086.57  586012637862.03    3385514711.69    963639240   1019520157PAKPEEUQmMEQCIiKNBmUEBtPfusQRkopGWWnKXMrfXJjrgUvxcuTzMgPK   
19730220-063344FIN197311973010119730220     600280922.83      62914550.77        0.13        0.12        0.10     858274090.02  527402195620.13    4134470692.95    481299633    546301083bqxEENiCeuJtRlUKFwhdKteH                                    
19730220-092509FIN197311973010119730220    3676916973.17    1511390962.70        1.52        1.36        0.41     601156478.83  720465371916.78    1016271525.63    997313490   1109321530dLhVWzazSySPNOSRlJUZTKAqSudRG                               
19730220-142559FIN197311973010119730220    8849476560.56    2248944589.70       15.52       13.88        0.25      33787288.91   95963792525.47       7264155.35    144887679    162084535eJrkPOGbPloJTlEKCMUyNKBpvGpCjXvROvjLfKTOvLUUcv              
19730220-215757FIN197311973010119730220    5386545440.80    2654198036.33        7.60        7.10        0.49     920209664.14  194659315582.02    6963028472.46    349388307    3739527260000000020
19730221-102341FIN197311973010119730221     525134320.29     299168539.94        0.46        0.39        0.57     356219160.47    3148009173.04    8939325275.72    653092023    7621658950000000221
19730221-213245FIN197311973010119730221    7478361335.33     626459224.60        0.96        0.84        0.08     442490197.67  285370630131.87    4256893046.40    655378623    749346113bDehSFMUUzvBayHEfHPXduNBnPkf                                
19730222-032019FIN197311973010119730222    7582563722.35    2769320691.54        4.93        4.55        0.37     314232774.36  448023247101.36    6635583942.54    561351673    608860577IHAiIELZmpMXSKIrRVovqarZpwJMeyEpSwQWmbjcix                  
19730222-073604FIN197311973010119730222    3329965088.06     317307553.85        0.60        0.51        0.10     858961703.00  880652474899.52    9269634675.51    532330489    6215566230000000076
19730222-160652FIN197311973010119730222    2566810915.75     107499774.04        1.55        1.30        0.04      70020134.03  700651166018.88    1604603578.80     69337789     825094870000000013
19730223-030308FIN197311973010119730223    9791606169.48    2528119100.76        8.27        7.02        0.26     187240211.14  998836222304.19    8302285491.05    305803518    3601372480000000009
19730223-083454FIN197311973010119730223    5378974755.12    1739760774.95       13.33       11.21        0.32     717436022.68  817543598181.62    5732977262.52    130537092    1551328170000000129
19730223-140154FIN197311973010119730223    4235323743.32     399520193.55        0.51        0.47        0.09     613687924.12  291421006626.30    3239063372.38    784620884    846433024kdkMSIAUXjfEwPBQSgTKSIKmszCtWWXwKGVRUzPODH                  
19730223-214804FIN197311973010119730223    4069897620.12    1143560160.55        1.19        1.12        0.28     773907152.71  668587399808.17    5535705387.67    959554778   1021375429kBFzLPYLDHAuIEHlgFFBqUhnO                                   
19730224-082327FIN197311973010119730224    6699941085.48    1892972522.54        4.39        4.08        0.28     534027029.04  865035813703.06    4637061279.36    431591584    463945532DGDgbyTniJxSJJPHLVwwcatOfVEGLQJcDCwMnGNsQnkAvm              
19730224-191758FIN197311973010119730224    2719281042.58    1375964991.48        5.81        5.06        0.51     923980816.87  503969641496.37    6980363018.25    236640093    271747871KRtMROFTkhVPydRKxEDtVV                                      
19730224-221207FIN197311973010119730224    2330558242.77     489051690.56        1.14        0.98        0.21     608189863.20  813524510632.60    1614186609.89    428082162    4985127470000000058
19730224-222013FIN197311973010119730224    5838606206.36    2987171344.35        4.35        4.31        0.51     460464697.98  880695436649.67    6368715927.65    686704018    692496176ONhcAQwlnmqCCWDoczkXiLhbZXsEJrEEXDUBOGQFbkIMJyvn            
19730225-021925FIN197311973010119730225    4820693080.75     448661725.27       10.50       10.30        0.09     888037561.44  791347623348.55    6357680459.79     42714872     435479220000000167
19730225-132828FIN197311973010119730225    6632965018.02    1581789243.56        1.88        1.70        0.24     649276291.60  437608277983.63    4320652593.90    842609593    9296777920000000238
19730226-023304FIN197311973010119730226    5763512119.13    1741528358.60        2.08        1.85        0.30     714528562.01   10494638174.24    9883295417.43    837435760    9392334050000000090
19730226-094756FIN197311973010119730226    3185264214.45     158891117.99        0.22        0.20        0.05     136882166.63  320537630858.39    3657255675.89    724702290    7760579990000000211
19730226-160857FIN197311973010119730226    1782062672.94     247565021.69        3.33        3.01        0.14     105441687.27   93291582210.33    5927755857.95     74280678     82129658WqeiYOFGTjVEbfOBYccBfxuAwwzR                                
19730226-230458FIN197311973010119730226    6591459947.62    4231090482.27        5.63        5.05        0.64     884408833.79  817376337918.23     537273531.91    751948007    8373389660000000006
19730227-052350FIN197311973010119730227    1831607199.71    1220241565.07        6.47        6.13        0.67      11126534.56  112752425194.02    9456817017.91    188522138    199211697jmClCXBcZwINVyetRxHbWYRbsYBIFkuIGtecXWIN                    
19730227-060542FIN197311973010119730227    9364484682.00    5639807386.84        6.52        6.01        0.60     355925936.30  252919412195.16    6115110601.76    865301724    9379916060000000056
19730227-112749FIN197311973010119730227    3002721216.73    1441957174.56       17.26       15.65        0.48     812271067.05  137536543226.12    1460443764.35     83542755     92109525qjSaOCoSjvkDDsGBRSZtQArhIwHqECVHSANLKMfXfgkBvoVykkPSLPYv    
19730227-213644FIN197311973010119730227    2164739437.11     517313992.05        0.85        0.82        0.24     316960979.43  369246397173.81    7723991738.16    605147243    6273057300000000084
19730228-010524FIN197311973010119730228     196800244.06      10307774.30        0.67        0.61        0.05     512350037.66  405013347106.08    6981067723.55     15452451     168256420000000233
19730228-113002FIN197311973010119730228    5688490022.52    2393567581.88        2.53        2.30        0.42     199452297.84  848929628866.31    4683913065.32    947331683   1039213265OVJLucFRYBOGFvuGZWfrWIXkXlBAMCEIbLeGWNDEcqjSGqJQxkWjJNbeHGX 
19730228-171714FIN197311973010119730228    1470938157.08     172496402.71        0.58        0.48        0.12     441681577.11  164874182788.73    2062579400.71    298453271    358142313MCUMedIwKXKWmxZtjKLGmNhZVZwXLheDyjZaNegMuWB                 
19730301-013856FIN197311973010119730301    6768687061.55    1777463257.10        3.03        2.86        0.26     459052978.21  374124917777.79    7576134566.72    586747851    6204819550000000206
19730301-033302FIN197311973010119730301    5900567001.70    1846285846.46        2.27        2.21        0.31     898145614.06  198760234310.72    5520093366.14    812473978    8340142840000000215
19730301-051857FIN197311973010119730301    1799047623.40     278633198.44        0.36        0.34        0.15     575612957.41  871908447697.89    4659755337.81    781471001    8118885700000000277
19730301-143206FIN197311973010119730301    3945633575.52    1541727157.05        9.32        8.00        0.39     909971067.61  232649745867.30    5458231842.49    165413694    192679501cueBOSXRqjBKnILfnUEqfKSObBJCCMj                             
19730301-195916FIN197311973010119730301    1632676596.57     194996722.41        0.49        0.47        0.12     339565575.57  299732071163.20    5772156093.58    400847044    416693103FXFYeNQJTmypAWxzHPOBgNFDcXaQQFB                             
19730302-071615FIN197311973010119730302    5428221750.83    3779463826.00       17.79       17.21        0.70     330095377.45  657815817446.73    9333686029.78    212438665    2196469470000000022
19730302-083713FIN197311973010119730302    8028175413.63    2003487449.12       63.06       62.94        0.25     369124976.94  253360106233.08    5721767484.70     31772692     31829807vYoIOxDrItARtHaxNNHDZTFUGnBCypH                             
19730302-133432FIN197311973010119730302    8161330010.57     516643089.46        0.72        0.61        0.06     936446049.36  773029610259.90    2469672661.34    714104859    8419797100000000128
19730303-032000FIN197311973010119730303    3655705685.58    1923439542.01        6.51        5.92        0.53     568235393.79  442025330199.01    6029547997.28    295684086    324758566JySpXSUPXXRQAhXZYVXuSJeBKDIpCmynRTiStS                      
19730303-040007FIN197311973010119730303    2344027206.15     947777949.10        1.19        1.00        0.40      92701669.84  413558671012.49    4035512632.73    797360390    9500128800000000162
19730303-140332FIN197311973010119730303    5542664383.76    1211959150.54        1.32        1.25        0.22     131083100.76  246544713728.70    4299967998.45    918138856    9668701500000000003
19730303-143607FIN197311973010119730303     935468483.93     244733331.78        0.34        0.34        0.26     317618464.91  925626349869.21    2231337242.58    711550867    716390137JaBRAUCPDCLITNXXrADVCSIopfxogeRFkYFvBVlr                    
19730304-043232FIN197311973010119730304    6690221680.86    2621699435.48        5.98        5.44        0.39     651760576.76  366962625087.41    5761042387.25    438670857    481847891GZYLRjrimaTBIzBBifAOowqfEgITGEQXq                           
19730304-180936FIN197311973010119730304    6479393165.99    4444996383.93        4.50        3.76        0.69     703719398.99  565154539053.88    9025084529.95    988328446   11836386440000000234
19730305-041742FIN197311973010119730305    3576834392.39     283482944.70        6.02        5.77        0.08     321583704.57  366198428625.36    4260826675.39     47106824     491640960000000077
19730305-162543FIN197311973010119730305    9495162134.47     682399259.31     1444.58     1220.21        0.07     135788055.97  109696246401.83    1417671225.62       472385       559248hJTjBraMaWddGWF                                             
19730305-185043FIN197311973010119730305    5073975352.23      79320460.85        1.46        1.37        0.02      95150548.22  283822536208.37    6985571442.89     54441686     578259090000000175
19730306-092211FIN197311973010119730306     342141024.27     203839442.55        0.28        0.27        0.60     826443900.62   27085523580.70    4912723837.47    727798200    766269036PGDBgEZqRneMoLzzQWIWKPqUm                                   
19730306-190246FIN197311973010119730306    9056180393.77    5571258910.08        8.52        8.00        0.62     644459814.55  380159578222.50    7873029549.96    653549382    696689843COuSdFGyHSPGOUhjCwiAIgrW                                    
19730306-194453FIN197311973010119730306    7579393339.32    1391703820.70        1.95        1.79        0.18     815991079.62  503273947288.55     393225626.08    713691349    7782388470000000035
19730306-195344FIN197311973010119730306    4870177812.21    3007221119.54        9.67        8.31        0.62     555333777.76  963955521866.19    5466416713.72    310985017    361975554HazhIGPeCVSzQZwuNFJTfJUbhYdYFIlCd                           
19730307-022554FIN197311973010119730307    8614280083.71      45021095.31        0.17        0.16        0.01     812692125.87  283377836573.13    2439502188.03    259190925    279525219VxmNpSrxEBXnLfMwj                                           
19730307-044057FIN197311973010119730307    6173338028.73    2715280251.44        4.10        3.55        0.44     414488039.86  991526581765.78    8140125656.38    662113079    765806282nJeCzbUuGqxTKWAoQUAHEtBPtJA                                 
19730307-074927FIN197311973010119730307    2434002345.47     268518515.13       42.41       35.83        0.11     603553121.41  732687474140.18    7771466802.71      6331979      7494746APFGGKwGWpknVSryuSjfSQJ                                     
19730307-114811FIN197311973010119730307    1277320851.48     614521543.23        0.83        0.72        0.48      23461001.76  289651305673.66    8835771288.10    736547256    8516025780000000147
19730307-225106FIN197311973010119730307     503397976.22      16574351.61        0.02        0.02        0.03     270628916.53  790777230835.89    9681321120.37    797943212    8926845460000000025
19730308-091017FIN197311973010119730308    3179283952.71     800487610.41        3.56        3.26        0.25     973804586.49  337882945171.87    6124237994.48    225031645    245281823FoiDMNiXljBZZGweXAmRCDAhyKWYoHvrqIuKiGTUpRJxfQVZpYCLhDclRIv 
19730308-160406FIN197311973010119730308    1826702950.13    1145423097.43        2.25        1.88        0.63     563030593.45   70437102969.52    5652641545.71    508909437    6096132130000000177
19730308-193211FIN197311973010119730308    7508662408.80    2602677348.68       22.96       22.43        0.35     907105319.40  563120266702.60    2426146740.28    113364921    1160273620000000134
19730309-022958FIN197311973010119730309    4654239139.38      58324915.97        0.07        0.07        0.01     473556201.91  396163187205.90    4939861343.85    834161310    871407757BRtMqXSsBDukvVHTiOgEMWtHXrYWlFJqYAkUUXXEpmmWVYnGCknscAOAskMP
19730309-090901FIN197311973010119730309    6473606725.51    3070682496.27        4.11        3.44        0.47     167080259.12  916923375170.52    2352252383.18    747542422    8924171880000000002
19730309-183122FIN197311973010119730309    6680597628.07    3998264845.80        9.68        9.40        0.60     862545625.01  508151549755.97    9967012284.19    412926407    4253114810000000268
19730310-053337FIN197311973010119730310    3914563384.74    1152651279.01        1.69        1.50        0.29     308614600.32  219380017762.74    6591097778.06    680980367    7709758480000000063
19730310-172705FIN197311973010119730310    8755222119.00    2508046361.21        2.56        2.40        0.29     981163556.66   22226826349.05    8339237138.84    980849165   1043418563NiBcGbDvQsFXSbRxOUPzUvEKLCXRVlDFrhOUHduBWHC                 
19730310-191443FIN197311973010119730310    8940235309.46    1153562338.59        1.50        1.27        0.13     663020035.61   27305485369.83     146635682.99    771194032    908445630zScyndwxOcLUXIwtrdKPFPDeQiYudN                              
19730311-042955FIN197311973010119730311    7319300831.93    3865195480.95       12.14       10.43        0.53     576532286.38  710587853266.04    9675765445.73    318414567    3705279240000000305
19730311-104041FIN197311973010119730311    3251519400.99     622335382.63        1.01        0.85        0.19      38980887.16  413355277388.20    9719313095.74    615623496    732910137WaPVywTQRRwsTRQ                                             
19730311-192940FIN197311973010119730311    4553781018.82    2080601442.46       11.54       10.53        0.46     358695139.07  724904033946.81     822040316.67    180337348    1974943390000000095
19730311-201924FIN197311973010119730311    4628925247.79      38799867.58        0.04        0.04        0.01     980998797.63  421727112511.32    6156915802.20    893116687    925977996RhUQRxcjdEgKAzNIHpMnLOkaWYvDQqHM                            
19730312-002522FIN197311973010119730312    2498463100.29     366905818.69        0.80        0.73        0.15     607469839.87  731494745133.97    9425001426.07    458675368    502975680DcixvPMjYlaZGygYVQDbBjxviLTHeYsokWRRkADUoia                 
19730312-141616FIN197311973010119730312    8817488755.82    4841853760.26        4.85        4.06        0.55     585768962.23  333742119332.13    7883458530.73    998100620   11933167680000000000
19730312-153249FIN197311973010119730312    8805682861.20      99083933.58        0.36        0.33        0.01      31902841.51   50381882210.47    6944856920.01    278670384    296020318EHhVHPSQttYrETUxcMnrihIePeOLrTFUmdIKeQiGfzuibJwRV           
19730312-154118FIN197311973010119730312    3372334747.95     169962400.99        0.17        0.16        0.05     904612367.90  917215431833.61    5317158947.36    986327928   1035773453BCRRYMzpoAimKRITzLWLsoomeKjnZvguJDE                         
19730312-201110FIN197311973010119730312    1938092486.22     319010610.45       11.58       10.38        0.16     702527598.70  380422087125.95    2027505114.83     27549595     30728922zIHLKvPBQrCTBYzpZzUJZwMrKqTpUZPyXUykkId                     
19730313-064340FIN197311973010119730313    4155435432.26    1412170427.81        2.17        1.92        0.34     425612188.40  223706659214.56    8029016018.27    650324815    735944731FhhfrkesbFUwpaFPO                                           
19730313-202956FIN197311973010119730313    1052300868.85        144751.48        0.00        0.00        0.00     651663156.30  857574967461.15    8486473022.49    923590516    9687194170000000132
19730314-081045FIN197311973010119730314    3085673843.63    1745885290.45        2.27        1.97        0.57     106674047.56  223209700750.00    3245868583.75    767923741    8840778260000000075
19730314-132709FIN197311973010119730314    2022553546.07    1097014808.99        4.15        3.61        0.54     329532675.41  527064458050.39    9521013528.42    264615550    303574608gPTmHDJTicoYfqSbnVEHCVRwvFTKJwFmBdaoQOUBGlNRgAScbaW         
19730314-234954FIN197311973010119730314    1790589209.41    1018757447.92        6.05        5.96        0.57     520647750.47  732669814696.36    5948593512.94    168454194    170919651rflAKFDXHCAcNmwLNJTMIvxdoAJIIC                              
19730315-093746FIN197311973010119730315    7198476215.74    3086957148.01        3.31        2.84        0.43     451614562.12  463953960801.06    1681475327.95    932037384   10854854930000000062
19730315-165707FIN197311973010119730315    8661311664.96    4031359965.49       22.54       22.09        0.47     602140232.41  227882252879.64    4555039481.89    178886419    182475063JCFOaBxNVpRmAPrlOMHhDbxMXtDSIqOWAypHKArsJlVKEInHOA          
19730316-032334FIN197311973010119730316    7348284403.44    4302476963.02        6.24        5.61        0.59     695933036.31   76594022332.72     948430100.71    689930854    767287868SLjJLcNoIZTAyGyOAtNtTFMQNEKksLfngTYwlVSjEZSFXAXKeoBI        
19730316-043513FIN197311973010119730316    4630334155.84     698754543.10        0.92        0.81        0.15     677621227.74  958765491878.56    2582948768.10    757758885    862765015OhGyMTcWMJdQpJQZIiaxBfCuXgKBUhaQsuoACPYaXpbjkXNDZMmSDD      
19730316-043841FIN197311973010119730316    9813498824.08    5101136921.41        7.87        6.97        0.52     296252679.46  263136932217.41    4957378982.21    648451534    732391226jnhGOQaSGPLzBRc                                             
19730316-114056FIN197311973010119730316    1098897795.46     411629609.86        0.71        0.61        0.37     827370299.99  963457668994.08    7843021530.62    576586019    6700691670000000011
19730317-012001FIN197311973010119730317    2636915230.40     394014777.69        1.16        1.04        0.15     695885401.42  461100819233.61    1593595810.76    338847436    3805808930000000053
19730317-102559FIN197311973010119730317    6751584920.94    2763011229.42        5.94        5.34        0.41     641172722.57  937990345364.60    4363225944.34    465068325    517540164KmmVMAnFFPQmIEPRJFeYqLOdwxWQuDObsQcTKGNrrp                  
19730317-221638FIN197311973010119730317    5213269113.64    1612662893.01        6.25        5.79        0.31      17135338.44  587786422522.31    8520156322.93    257945610    2783741870000000284
19730318-070641FIN197311973010119730318    9677629984.88    3508298971.78        4.72        4.45        0.36     323589561.16  552574314868.95    2009303393.26    743147191    788870359hcPDGWJeqNhVOJEHQzDTICfkFUCNaLlcnCkzQvSJALfIzRb             
19730318-103300FIN197311973010119730318    3482319313.80    1454353320.53        8.69        8.35        0.42     781547255.77  770582673454.35    2004936991.89    167364161    174168938xNZnDTSoUVPNSoYdgBUPLqzOHFZzrIJQNLRxXgjb                    
19730318-183609FIN197311973010119730318    6303770127.28    2856405990.86        5.18        4.64        0.45     573911698.90  791229833993.82    8913846506.78    551317567    6156189440000000249
19730318-200913FIN197311973010119730318    4030932945.06    1477344987.30        1.53        1.32        0.37     846898106.90   69311133899.06    5944205595.83    964258957   11194467460000000216
19730318-201631FIN197311973010119730318    6378597372.36    2320682031.70        4.10        3.86        0.36     430550647.06  878946603392.20    4667701540.78    566237326    601655944AYrIhMoBIgUBkRdxKABPjIIShjxFyaWTAsK                         
19730319-104505FIN197311973010119730319    3783666967.00     526739285.31        1.66        1.53        0.14     934005316.44  349924528857.08    1575881732.16    316387628    344016558VPfRrzGJDSXFSOgYEIxOaJaDXEAMCqvMuZEQm                       
19730319-141953FIN197311973010119730319    1493354881.64     641114526.33        0.83        0.80        0.43     719161132.98  906627735177.13     447518343.34    769509759    8051945430000000045
19730319-215645FIN197311973010119730319    2593388248.29     306770218.51        0.40        0.39        0.12     860497142.42  887233350846.56    4711259264.03    767015994    790304965tWwKapCDGKDqBvwDJQvKfXxUMzFDUXQBf                           
19730320-123157FIN197311973010119730320    3151922445.62     450288500.31        0.56        0.47        0.14     410817000.85  957001062698.40    1770585074.59    802943127    952176456JNrlzArRLtDOXxp                                             
19730321-020617FIN197311973010119730321    7705078313.98    3251333242.78        6.23        5.69        0.42     637759445.54  794813625833.50    2721356147.29    521712413    571654594KwGGHtkLxtWGPwoGFVBKTqHdHhmZbSsgyyHfJEsFJbOuJAQfYzTNZNcIDF  
19730321-155205FIN197311973010119730321    7230849385.69    3806142692.10        8.51        7.87        0.53     126142662.91  627696118208.14    2735780628.62    447180630    483832076IYXYDYXzMPNoklZTdipMzRqgCNIOKJHazWaAqvQYkNmrDITClMRGjaTm    
19730321-182648FIN197311973010119730321    8462177375.16     906248166.34        4.38        4.16        0.11     939069914.84  233082947651.52    5291132855.36    206701972    217598329zCNcUXNeZAUXsHb                                             
19730322-012534FIN197311973010119730322    1855023370.62    1266296625.77        1.30        1.17        0.68     188572033.52  411533316499.09    4216533498.15    977130584   10827945580000000066
19730322-143634FIN197311973010119730322    9835040469.86    5253137115.74        8.16        6.84        0.53     344468478.67  162216023076.84    7548153479.71    643427791    7677127930000000242
19730322-174030FIN197311973010119730322    3736993955.39    1118670535.37        2.00        1.90        0.30     100008139.00  292920466449.07    4085248397.50    560073069    5902284950000000286
19730322-175238FIN197311973010119730322    1690870916.99     143758308.92        0.16        0.15        0.09     596908005.37  858967607112.41    7579509097.50    902229045    936884079PTNTHCLWsriUMNBFhDQDGtmBPPNiLOSaNy                          
19730323-024544FIN197311973010119730323    7594497640.40    4985966875.66        5.70        5.17        0.66     505297919.32  126221067322.78    5981936535.64    874597137    965282885MsyYBSXNmpCCDtQsKITr                                        
19730323-115609FIN197311973010119730323    7366917044.60    4645025710.63        9.23        8.52        0.63      56167554.62  698535182397.99    1415319313.62    503393859    545378928QTlJJPTwTIKGjWucWLFdQIFqUFDViLqZHmopzBSaxPctxonmQDYpdPzwRDD 
19730324-021339FIN197311973010119730324    8253244265.61     117633621.44        0.17        0.14        0.01     247177792.76  387898839013.99    1963781354.29    708451400    817185885gAWYCbVKcVlXGvfZ                                            
19730324-055645FIN197311973010119730324    9307983019.43    1087976398.16        2.70        2.28        0.12     216344400.90   92132168078.01    5697388792.91    402718799    4772191100000000257
19730324-093604FIN197311973010119730324    9861009374.92    1241824931.83        6.86        6.07        0.13     169408569.71  876471549810.32    9511009425.34    181153793    204646216RzFPWFvwZRrSBSctRiMfHfNKAAwdNTjFVMI                         
19730324-103501FIN197311973010119730324    4004807355.14    2178019595.37        2.27        1.97        0.54     935635855.03  273167088152.83    4698487533.24    961054081   11077460280000000199
19730324-140351SECAAAAAAAAAAAAAVUCOMMONACTVmYxUOHpLkysZAHxGcrtVRrGIsUKKTYUNXvUiXpiJqmuh                          AMEX  969270832    1936122719371112        0.330000000064
19730324-173852SECAAAAAAAAAAAAAVNCOMMONACTVkdEvyLipaJWOIlbJTgOVkngaDnpZeJBmIjyaPujvBPSCnYzvLmaqNLR               NYSE  23617296     1950062918640325        2.920000000058
19730325-011807SECAAAAAAAAAAAAAVZCOMMONACTVAFGaYpLeAuVGdWEDirbEYHjSIESuz                                         AMEX  513820398    1893072119380628        0.820000000205
19730325-073508SECAAAAAAAAAAAAAVSCOMMONACTVOIiAxciRiRtLLAyIGUxBgxHjXrUEg EfUPzJcQvPkxOCNzHFqRyIQUMPMGzfu         NYSE  41150628     1855012718910326        1.72XpkDkREvygUBRrUJBn                                          
19730325-110341CMPyCYxzdCtKDVDKNxAugXBOfBjJNSubdTVTPNMQGEtO                   0000000315ACTVAVB-  192806188155 Storeywood Road                                                                                                                                            32303       St. Louis                NE                  United States of AmericaHumason                                       pHzjoidwAZOPMmQODrPaBUHioBomdPWFnwSoCZAFQVWILrBLCIx AHdSwqoiLOkrCIdVvovPNDFRUDvsRtLEyXSrsJEsVtTAqXSzCVaMJOqPGfMpLxfaUCVUmJUwcasFPGUPWojLQHwq umb koCO 
19730325-141214SECAAAAAAAAAAAAAVLCOMMONACTVMCAoTqStSViMYIYTfPokeQQJA                                             PCX   144852140    1960061319260710        1.48eMeEGklgXHxDbHmSKMgdNjtvbmqrnPkesDKCAFGtvoUrQw              
19730325-222307CMPipGPpjSzklAwtYTOkpejjCqMTFZmYMLKAaNNWQWFVSOOytWbSM          0000000310ACTVMPCC  1912021711469 Fairmount Boulevard                                                                                                                                       90284       Las Cruces               NY                  Canada                  Suder                                         nObNUBWJUjgIWucOStExCzTvIgpjAFDtMROBXedVsNFrEQhSVFWLQREYBPFORqKvRBGcdADtSK                                                                            
19730325-232812CMPcueBOSXRqjBKnILfnUEqfKSObBJCCMj                             0000000302INACCVBB  19250608564 Hylan Boulevard                                                                                                                                             43610       San Buenaventura         NC                  United States of AmericaSansbury                                      zwS FGkFRkJjrwlMRE JAFbtcULND kzttMOCId LXRSCBGZHREIELyFJlOMuMvThGXYwswyDwbugQBEnzCMKbxqrbtBUHU bseBIgmNFuUlRFUAUG                                    
19730326-102715SECAAAAAAAAAAAAAVXPREF_DACTVYckVQcUrVVeNLwlAgQnPWjMpNOnTTrEAcCIgjNPWOJPYlZCpgRggFbdmUT            NYSE  596491555    1882082319550831        0.290000000046
19730326-104052SECAAAAAAAAAAAAAVQPREF_DACTVsP YjWWNAEOPzni YSmRhQVIzbUsKSBBilLJRDbNOtEU                          NYSE  294546778    1927030718760207        0.150000000227
19730326-141500SECAAAAAAAAAAAAAVJPREF_BACTVcqtMMHvMlQSFVvOCnSUlbQHomWVTIEpbGTSTHVArdRZXeTVLwbbQQvCMCIGpxEopFpq   NYSE  553596207    1879111319230315        0.640000000260
19730326-170947SECAAAAAAAAAAAAAVVCOMMONACTViRIDDJCSaTxOjLnUkeMZPy mbDYOWHFsWykgdscveni ZA                        PCX   332984935    1866091819560820        0.940000000026
19730327-031736SECAAAAAAAAAAAAAVOCOMMONACTVgfXGvahUAnPZR                                                         AMEX  672130062    1902061719030627        1.810000000174
19730327-140640SECAAAAAAAAAAAAADRCOMMONACTVtVegqCMpQREVCeYGcENbbhS                                               NASDAQ867901580    1901011519011227        1.740000000196
19730328-025120SECAAAAAAAAAAAAAVTPREF_AACTVIHHXlVlmhhvPiUWXHHFsCjqyDPDUhAYZhyzVsbZLnLNn                          NASDAQ410858425    1871110418550530        1.480000000249
19730328-104848SECAAAAAAAAAAAAAVMCOMMONACTVPEDlzrVEYColBLOQNRVV                                                  AMEX  400660422    1872021318891212        1.51cPOOydoHzXLJKVJoZqQOPxiAbZSEOCBSZFKLwPxTGzZgA               
19730328-211557SECAAAAAAAAAAAAAVYCOMMONACTVlMkkLPPSfIHiLHMTDwJbCGHOxY zoxOCOnos                                  NASDAQ705920515    1882060919050125        2.450000000263
19730328-230648SECAAAAAAAAAAAAAVRCOMMONACTVDhEMO tIyICCWoyv O hYCvAwGfnwCsOSEFPVRJJSVrbEpQVIuyQeUqLUDMhDakOWNm   AMEX  437024757    1955020518740128        2.85RLjhtKlUmfoJhUDVTLrWpRzHYfKThEqzhoWNaWCnyGIpnDFEVgaiwbbY    
19730329-011334CMPkdvQFOkTaRvHCXSCLaPlNRXoWjrExnrSRpYQlXqFQvRky               0000000312ACTVMDN   1938020512921 Gene Way                                                                                                                                                  45235       Iqaluit                  MA                  Canada                  Cheeseman                                     zsPFfbmobxxwLQqjDVRzyGZSBKHprwEOHIusRioxPURnQyAeHJPpDaciFQINbXPw                                                                                      
19730329-094355CMPFytIPQGtkNhoLCspegYgupGffphSskKfYOcWwWMGCbMMWKkmCuNp        0000000307ACTVMTBB- 1958121119248 Shadowbriar Boulevard                                                                                                                                     48918       Laredo                   HI                  United States of AmericaCogill                                        nPMFFUA WlpaFlDyInkiXVa                                                                                                                               
19730329-221830SECAAAAAAAAAAAAAVKCOMMONACTVOJGXKSGXFLcgxfJKIuMViJUleK                                            NASDAQ46923425     1953092418950113        1.870000000238
19730330-043128CMPSOPPuOMCTbeveWIKDERTzYxQZoJMLnCRCTOnPlMoXbgwuX              0000000314ACTVTIB+  194308149818 Pearson Avenue                                                                                                                                             V6I 1W3     Columbus                 GA                  United States of AmericaPullom                                        oudzdNIfVTkNcXGLKpwNClfyngCVdXZyHFZQLFFHBsjnUy daIQZPySAvTOKOEKIsExpkRhNiUhDKbdXdpNhGDIJoNaYFXxGVQ NHjlVTdUZwn LVGxNJRsFkQJRQVzQ CraqafIMv SyLEsBLGR  
19730330-052019CMPxmDrKxzvaIXsTFOMpTzYAMbnGGKMgDKzDxVLwGQZItIKENHjcHYWSGGeBQ  0000000309ACTVRRCCC 1925022217973 Scanlin North                                                             Apt. 508                                                                        89149       Moncton                  AZ                  United States of AmericaPennisi                                       TVgkfDyMsuUWJxBnuhJVduGyqMCiOFturCIsmIjWJTtWgPNmzmMPWKPYszAcOBtMUB FXjiSnWgVmUrvGlsLqyrDOobyYfDMvQISBeITNMYFpCJR ISQKNpwbWMuidMAFSQWEgbQLoD           
19730330-170743SECAAAAAAAAAAAAAVWCOMMONACTVtRIuyBGoysMkaNHKEdZkShpOo                                             NYSE  14746124     1928110919711102        1.70kkhSvCsfgbDUvsiZWtPQwjkYPwKrfTUFMGMCWCBXBcOcTkaLSudO        
19730330-174405CMPqRAMrJWYRgHUIFKxEZjraB                                      0000000212ACTVSPw   1892062919381 Towerwood Crescent                                                                                                                                        85088       San Bernardino           PA                  United States of AmericaAufderheide                                   bYlAWMtVCrstquDVrVVHIdDURA IFXuJdtvHoiVYSEwRiVNGkpNuiVKTALHmJWQIbMIHAsGrlBhuoYfOEiBJOvELIKShXvvEkYBxdJxnTHECOFmGbEYRm RVQkIMtWQKGzU                   
19730330-194505SECAAAAAAAAAAAAAVPPREF_AACTVFw lcIWdUQfQiDTrhPMzBLuwNzWAHIXyblAROfavZvKGigQOAGKgsWRIL             NYSE  466860005    1908042918900527        1.270000000248
19730331-050404CMPbVdysLBHshjuPhsNYkHFNjcUcvqFIGJCdTiXjgeSviTyXxtbw           0000000311ACTVILIbe 1852101524888 Newport News West                                                                                                                                         V5B 1P3     Simi Valley              VA                  Canada                  Montesino                                     JtFPsDmNSBCSvfnaSndFvzU TcXLnCKbDwxBZWFAmgR                                                                                                           
19730331-100008CMPBeGOWxPTEYMAIQhKJtpUTqYu                                    0000000306ACTVMHBB  188211108161 Pinto Road                                                                                                                                                 37422       Fremont                  AR                  United States of AmericaScheuerman                                    VDWSipCpOOPL                                                                                                                                          
19730331-100112CMPIGdiEywJBcATiQxUreXhZFNmItSTGTzCWbMRFCVCvGNDFskCX           0000000313ACTVCSBBB-1937101622085 Travis Road                                                                                                                                               21259       Austin                   WI                  United States of AmericaHartle                                        EXptqNkVlfGLDOv   ItfPpHhvqOzyLVfwCzxFDDKtGQUQEIuBQsqBCkiCIuWvUedOkbBsnELxCh                                                                          
19730331-111115SECAAAAAAAAAAAAADFCOMMONINACVggeEkcloKgvwjLOBtPSqNMfKiEHslXJUMfKUbTBavhwOCn                       NASDAQ350739172    1907040618791031        0.390000000027
19730331-235958CMPUeizQETXIKRQQajgPixNtKPPJYjnaOANfKTiKleRGQ                  0000000308ACTVOWCCC-1898100919015 Chennault Lane                                                                                                                                            V6N 1W6     Vallejo                  WV                  Canada                  Dammann                                       GmdjlYorFxzlHHnNHhaisyVtDEUoopndcIAXDXHoJoZQFuuWBXRPDUdBTQaoqLRKDzsG YULIYBFxjmmjqUjYKSzUrwMkIzLCLoyvV                                                
