19760401-040338FIN197621976040119760401    2013182314.92    1087283437.35        3.47        3.23        0.54     964541805.59  631758881721.35    6778075385.02    313243676    3365914450000000379
19760401-081748FIN197621976040119760401    9873995125.18    5674922921.50        6.01        5.86        0.57     662060964.93  723621042879.03    3403221212.65    943929299    9676535490000000266
19760401-160353FIN197621976040119760401    8407484645.10    4554015416.41        8.78        7.73        0.54     510079656.05    4935734124.21    2847984956.31    518393229    5889891380000000105
19760402-015945FIN197621976040119760402    7866054055.03    3412638972.82       12.02       11.06        0.43     968012714.65  344326328388.71    6999423376.43    283943764    3086493710000000284
19760402-064746FIN197621976040119760402    5878974343.81    2703664856.48       17.17       14.58        0.46     959485231.47  503254449141.28    3610208642.36    157479930    185415921vtxONKEUgRnPmIoUdpfrnHZ                                     
19760402-161219FIN197621976040119760402    7287040674.03    2320685775.95       20.04       18.13        0.32     214243030.59  742483238152.02    9561353333.89    115812962    1280268800000000015
19760402-204036FIN197621976040119760402    8515486597.05    1252515843.91        6.71        6.65        0.15     254597174.86  967740097340.19    9854942573.81    186580653    188370315DqBocwuofuCIqGFcSsnDIIJAHebRp                               
19760403-054530FIN197621976040119760403     639218449.46     225859719.64        0.26        0.23        0.35     988837621.21  943444320182.22    5592741753.61    862426096    977257746goSRNVUkcPXyQRRlpYlGSMEPGClsCMX                             
19760403-091420FIN197621976040119760403    3432921661.78    1648834525.49       19.48       19.13        0.48     391996810.16  912425525730.62    6808397722.46     84621050     861762760000000084
19760403-132411FIN197621976040119760403    3066186074.47    1288728662.54       11.60       10.28        0.42     855539533.48  129352131328.47    6639992315.65    111143188    125416430KystGlBRwWHnygomAkGxXAAHJowCiGoTIuBrJfHMDMYlMVI             
19760403-133335FIN197621976040119760403    4938290368.70    2775343114.40        2.78        2.33        0.56     104298653.55   11622959409.40    7810609522.45    998796238   11918552500000000393
19760403-135904FIN197621976040119760403    4416633147.20    2717898646.76       18.53       15.57        0.62     699743613.27  965911351792.43    7598138111.83    146695748    1745048240000000025
19760403-180003FIN197621976040119760403    5408953039.91    2989587383.03      296.76      284.40        0.55     867313240.75  769418702152.01    7450369303.76     10073953     10512022SAFZEJLLiMLuOrGrCmR                                         
19760404-025012FIN197621976040119760404    5014247404.99    2708716086.52        4.72        4.27        0.54     951157380.56  472776292739.08    7232173970.55    573352229    6344899270000000269
19760404-055636FIN197621976040119760404    5380671874.29    2509925120.93        2.71        2.54        0.47     203392975.34  150292810426.68    8580854582.38    924707717    9894551480000000388
19760404-154256FIN197621976040119760404    5173670932.06    3492666301.73        4.69        4.03        0.68     362298548.67  744251511010.45    2539290782.60    745378364    8663732330000000431
19760404-203825FIN197621976040119760404    6624228364.77    4495809863.12        5.16        4.58        0.68     782897214.02  288622412502.73    4490104080.18    871529545    9817597990000000219
19760404-230125FIN197621976040119760404    6004312156.38    2487718442.51        4.02        3.87        0.41     458323899.86   67062476428.93    3442471948.89    618729032    6422548930000000158
19760405-061635FIN197621976040119760405    4681351165.79    2741431538.35        7.13        6.26        0.59     729061886.62  676508774364.68    2086846491.38    384409495    437767661qNBRLBcNHRMNCOGgoLutSmLjluU                                 
19760405-081317FIN197621976040119760405    7546834276.99     831308574.11        2.93        2.52        0.11     526777728.00  492040085079.28    6356841575.45    283973998    3298924450000000132
19760405-115624FIN197621976040119760405    6072263984.88    2532289879.02        4.21        4.14        0.42     857071412.89  479984033431.47     310018758.14    601528814    611870321mRkaSTdQLaAmtCbOhhWUDjaSpJDSMzunhtbLMIypoSnLFzQYmeCeUpuWd   
19760405-142415FIN197621976040119760405    1684237540.55     480887636.22        0.93        0.89        0.29     510614534.73  169722334501.87    1054869457.24    517068324    538381548aJnupDvnaiBqYlvlJdvOTCGVuaVkoH                              
19760405-215100FIN197621976040119760405    9703214780.39    5034504231.24      429.11      380.26        0.52     902331660.56  310345197841.24     476937121.37     11732537     13239793XRHEsIMnqEiPOnfAJBLTVbfGKETfCFVYROPP                        
19760406-051613FIN197621976040119760406    5567418591.22     129786074.96        0.29        0.24        0.02     912729260.15  180747264648.56    1851095655.14    443738833    5322644690000000383
19760406-124408FIN197621976040119760406    4081188096.65     162506900.33        0.29        0.27        0.04     580006938.45  669554361328.49    5580703733.43    562605559    612931881GcOZWfgNzDuOjKAXcEZk                                        
19760406-191442FIN197621976040119760406    2619874334.77     193245488.56        0.28        0.27        0.07     737298809.60  516856668371.33    5624827116.10    691189669    7281179140000000259
19760406-221918FIN197621976040119760406    5259191203.18    1878509631.47        5.48        4.59        0.36     637867408.41  145535419943.91    3777375128.24    342996939    4089056740000000193
19760407-045533FIN197621976040119760407    6382265138.28    1471236921.88        7.14        6.34        0.23     545579853.58  550140335097.86    3521478220.78    206176026    232083982DPmKKcNEbqMJTBUZZzGREJXQQyzNIBlMf                           
19760407-045955FIN197621976040119760407    7505937378.93    3151176196.79        5.65        5.11        0.42     616496776.80  781158388036.87    4088520921.30    557782105    6172621730000000160
19760407-124232FIN197621976040119760407    3641301224.37    1570011136.28        1.69        1.55        0.43     429900699.74  929202699464.10    8801175851.93    926662581   1014907202uBBFBUhgSRFtzQIYXtbEFRe                                     
19760407-143807FIN197621976040119760407    3417634801.06    1320860652.67        7.95        6.85        0.39     533044826.39  437375888114.73    4078802024.56    166047515    192937368AYrIhMoBIgUBkRdxKABPjIIShjxFyaWTAsK                         
19760407-210017FIN197621976040119760407    7905835214.77    4162995627.03        6.75        6.23        0.53      27494188.29  856990334170.26    7206464804.81    616457175    667955586dTeGxDjIdTKaDZkEQ                                           
19760407-225409FIN197621976040119760407    3607376139.82     423270965.16        1.15        1.12        0.12     643653788.31  963679245656.70    2731817314.31    368269516    3769288160000000414
19760408-084453FIN197621976040119760408    5819957397.43    1085086021.64        1.43        1.20        0.19     657346092.31  988132955141.06    4555284563.11    759818837    906056060vyTDfqipWGWxVaqrlSLwEsgtkcrVBDweTYQXhVJWaSrEOAunHKWFPfAXhQ  
19760408-094508FIN197621976040119760408    6561228012.92    4577463533.66        7.52        7.16        0.70     276231384.36   42336956141.91    2974621628.62    609030310    639130037reiXxzjRuPXPXrZpVKbnvJ                                      
19760408-135003FIN197621976040119760408    2567746933.85    1760381242.63        3.43        3.35        0.69     709508919.16  474903168358.04    6890354620.90    512649834    526235350mnSNZsOOTQfGeTtBmUNXOdRKTXHPDQHLYzLOmgJhpjXennHqIMZ         
19760408-171337FIN197621976040119760408    4388629270.94    1785662507.88        2.60        2.54        0.41     461111545.83  405187095153.59    2512730958.18    686352305    703208790BELJVClFSUDWQNFrxaHxDDEMSOMNqTeWbFtIh                       
19760409-014519FIN197621976040119760409    8697422956.11    3114451238.70        4.62        4.46        0.36     433343813.71  749395882163.55    1628892108.15    674115267    6984607430000000082
19760409-020200FIN197621976040119760409    5689144971.86    3929227839.30        4.15        3.90        0.69     482259208.28  147846870213.72    5044718984.31    947427226   10075256390000000103
19760409-113249FIN197621976040119760409    1415121198.34       8696355.08        0.03        0.03        0.01     175247263.56  678555141661.59    2070115237.90    255348626    3001248320000000384
19760409-153958FIN197621976040119760409    3018938415.18     443908441.26        0.51        0.48        0.15     527780360.45   54778822964.50    8944221976.47    873556023    926497802pYFBZnXNInPnlGsIKS                                          
19760409-192325FIN197621976040119760409    6047684387.68    1931113698.41        8.16        7.39        0.32     960161981.46  126863696207.41     741506467.83    236688098    261376466xVzRAyCWGZWMRBEWHTIJvWhjsjmPOom                             
19760410-011820FIN197621976040119760410    2640132340.47     751115359.15        1.11        1.00        0.28      92242232.30  725948625923.57    8922603976.48    674401096    752937487XRRaoTGVkESYUzgHljeXSSJwJXOeXA                              
19760410-105657FIN197621976040119760410    7335671836.54    2393595805.93      149.79      134.01        0.33     786948451.45  157239203879.01    7634211246.82     15979489     178607840000000012
19760410-113715FIN197621976040119760410    6943449973.10    2611619389.97        5.39        4.84        0.38     670485039.79  469352023942.84     763738237.26    484591975    5390485010000000134
19760410-194424FIN197621976040119760410    7502009277.51    1570459176.66        2.55        2.34        0.21      69423142.91  592810705907.87    7845254326.90    615487296    670234783NvcsQmlNGvrUpHVMNMKHzdZhzXKERsNxWKMVBzKlsSBM                
19760411-032048FIN197621976040119760411    5307047229.85    3399651395.11       15.90       13.60        0.64     167089693.41  563972159922.16    5803608794.84    213863531    249987572OFnTuxOMWDUHOSyWOVCiEosNDI                                  
19760411-110038FIN197621976040119760411    1527351287.91     968779039.63        1.20        1.07        0.63      57194747.04  957873550282.92    1813204228.83    809050267    902403980WAUYdXNERWrDlFxcxhSWqEIJvzOFNSKbuUHsrWRIRHHkQpsvEXCCZHBCM   
19760411-134453FIN197621976040119760411    7763290703.77    5213621465.30       62.24       56.20        0.67     740675271.77  248888597834.16    8298381174.58     83764834     927665430000000423
19760411-161627FIN197621976040119760411     400053129.73     197494187.97        0.28        0.26        0.49     312841234.79   59846284303.35     544289767.71    716093433    749040533NkpmsBILljFbVIAskKSudkLAIHYbeCnBzSVbIcIypZcePYIXqxdlNs      
19760411-220513FIN197621976040119760411    7761994745.88     469916941.16        0.51        0.46        0.06     773531990.51  762329828789.33    4223050097.77    914856103   10284119710000000155
19760412-022814FIN197621976040119760412    3008353633.08     696936909.47        0.72        0.65        0.23     474582445.97  338012705279.50    9259539119.36    961960690   10799784100000000385
19760412-044817FIN197621976040119760412    9624764822.79    5299497252.89        8.03        7.98        0.55     506216545.44  273675535172.01    8805721158.65    659659718    6637524550000000195
19760412-102850FIN197621976040119760412    8663663816.61    4244645105.51       27.62       24.45        0.49     462531258.20   95172047530.35    1808712053.54    153659160    173629229ASbGTNXRFSOYSfTSaVbYApEoKYKyPDUCfmKoywwEshF                 
19760412-184408FIN197621976040119760412    2423863209.69    1491172007.42        3.17        2.90        0.62     433643849.72  290660547263.17    8138602102.31    470476397    5146165990000000386
19760413-040456FIN197621976040119760413    2571209538.47     577895753.03        0.81        0.71        0.22     705073384.88   76578650451.00    3694397637.25    713579502    8141361360000000289
19760413-070933FIN197621976040119760413    9219135750.18    2303815582.05        6.85        5.87        0.25     922574495.50  828780692765.31    1719820421.83    336264826    3925309700000000318
19760413-103013FIN197621976040119760413    7509752844.80     268314972.82        0.36        0.35        0.04     162010223.44  246093158976.39    4452098324.41    738948727    7722692820000000277
19760413-181245FIN197621976040119760413    8182638238.77    4191081899.46       32.96       31.45        0.51     223746057.40  903610567435.50    5311630075.13    127154998    1332798910000000200
19760414-012442FIN197621976040119760414    1250074420.63     346519700.39        0.73        0.68        0.28     465663158.70  972268968671.27    4061366134.46    476736386    511843011SSJOBDXDRsHzABekVNkjWVKgMlVw                                
19760414-084035FIN197621976040119760414    6080781457.85    3253504582.80       48.92       42.48        0.54     698472281.96  182247257700.86    8700325213.52     66505468     76596922UOiPPAqTHALSquMEWyPKUQDUMJVXvMfKqTZ                         
19760414-130048FIN197621976040119760414    2771319029.96    1799842121.81        2.26        2.03        0.65     278719407.99  124352731266.58     813959822.34    797380266    884595269EKxtQJAcqNDYsGjPTVlSMPKGHLQauQwSokAAzptqRDUgdn              
19760414-133405FIN197621976040119760414    9875493892.94    3416024493.79        6.60        5.57        0.35     648868062.94  523201955057.24    2556075768.16    517512283    612855360nFkXCFIQQcAPOHRuYtieKkGSZpAdCmvxWPuheWUSLiFkN               
19760414-133437FIN197621976040119760414     260936616.84      82168146.26        0.09        0.08        0.31     699800818.86  882702390802.92    3143488718.17    900560216    9961499520000000108
19760414-215428FIN197621976040119760414    3147556876.75    1792319149.94        1.92        1.78        0.57     729445287.13  763870548659.28    9422285507.41    931559762   10049653860000000314
19760414-235110FIN197621976040119760414    1059697217.68     481216373.39        1.32        1.14        0.45     295665984.56  193399892971.51    5248432770.63    363221735    420615109iNHnTftjXfvHrITLJdLaYdULuwCuiDvUOwI                         
19760415-002528FIN197621976040119760415    9055824545.97     177562854.79        0.31        0.31        0.02     683755725.81  642318880862.79    3843765069.24    568710702    574779185pEGIPCsKwtTHCezUJixADHRHcVKNIYrTyyOPIF                      
19760415-004915FIN197621976040119760415    9294303271.36    3361453826.73        6.61        5.73        0.36     260643875.28  117970297477.58    7880251917.02    508760172    587146868ZQTjEUONCDrpaHYvA                                           
19760415-052209FIN197621976040119760415    2932997468.05     885684679.68        1.08        1.05        0.30     219940120.47  486529658149.15    7181512285.52    816303346    8422247510000000297
19760415-132628FIN197621976040119760415    3723217418.26    1944942711.47        2.02        1.78        0.52     857895683.74  147024828693.33    3988721707.87    962162518   10928085620000000424
19760415-202416FIN197621976040119760415    9542170219.11    4681601471.00       10.35        9.83        0.49     776489541.73  729442709680.23    6734479278.52    452181249    476248582eNVEuhGtjVFOeaxSShmAgVEwrtbpRJelgzytPiOodxcVKqffUJ          
19760415-214707FIN197621976040119760415    1490816073.25     241742404.53       22.76       20.98        0.16     536457963.34  739085507458.79    6210280852.60     10620646     11523414vrgJXrrDqYMHGmKLJuguAOGzQyGAZjXZEgWvPnFNSMEEcERsNHAVTXi     
19760416-052736FIN197621976040119760416    1763863264.17    1095866587.60        9.65        9.23        0.62     320898465.69  950139321046.61    2023699801.51    113544789    1187312420000000432
19760416-120731FIN197621976040119760416    2625858835.04     121791898.62        1.35        1.22        0.05     640960759.13  729990690238.17    3833321804.41     89891500    100165710VxhJFCbVNWpWKaEImA                                          
19760416-141845FIN197621976040119760416    1691318556.59     125493269.36        0.44        0.38        0.07     280537898.15  789467822261.33    3720379602.50    283770322    334549086PGDBgEZqRneMoLzzQWIWKPqUm                                   
19760416-174339FIN197621976040119760416    9273276401.50    1322194322.20        1.43        1.21        0.14     807540561.38  573292106598.19    5336377856.43    923382018   1092818704XiKcfZmoGQnBHAdYEzmdTwSdbIDPEXDvLJbgRSdkrsLGrsJIESgMl       
19760416-191059FIN197621976040119760416    3646540867.60     514462546.90        1.06        0.93        0.14     887848775.18   31018453823.24    3441718260.42    485903127    5544154310000000398
19760416-203244FIN197621976040119760416    8444936331.02    5555608308.69        5.79        5.63        0.66     405178590.99  443117645879.88    9847956830.20    960316871    987071476cBPFDVJUBWNWdcVjOlAnHZjwAXy                                 
19760416-224312FIN197621976040119760416    4156956205.58    1704911009.74       22.62       20.42        0.41     284253467.94  612766718805.68    9057682930.80     75366122     834991730000000231
19760417-042321FIN197621976040119760417      16735687.73       8999336.47        0.01        0.01        0.54     903163109.92  518184760256.16    8876064730.66    647134257    711192005RoWWWWjHcEnPEUUWt                                           
19760417-055028FIN197621976040119760417    3846022725.92    2664719855.08       15.09       13.78        0.69      49674848.40  448964801922.34    2537438749.78    176548845    1933231620000000256
19760417-061620FIN197621976040119760417    4820766129.73    2047581799.78        2.36        2.06        0.42     706407428.63  972291493863.57    2726515223.10    869428332    993955526sqfpzvcTSDkTDRCPSWYJeVZtTRcjNsMaE                           
19760417-151003FIN197621976040119760417    2014880088.10    1006393404.11        3.05        2.74        0.50     621610846.32  163356579095.75     780986520.06    330228324    3675355730000000076
19760417-181342FIN197621976040119760417     568867573.72      19859436.99        0.03        0.03        0.03     943148516.59  231571005295.06    3134563629.25    696032586    7591382730000000150
19760418-001308FIN197621976040119760418    7610087123.33    4292653960.90       12.91       11.72        0.56     458450480.75  140781068186.96     895274552.43    332383851    3662304810000000058
19760418-054458FIN197621976040119760418    9470311344.60    4947940298.54       11.89       10.40        0.52     615086544.87  122822292649.83     480628464.68    416074276    475840250QuEuXKQCZYjtQhJBUrYgFEUsardMoZDviiKW                        
19760418-073529FIN197621976040119760418    7369243068.43    1938103952.09        3.56        3.03        0.26     209618792.24  990527903764.17    7540225293.11    544445047    639279694WkpXrjqzVKYWoORXgeENMSywSdqIIZBO                            
19760418-130256FIN197621976040119760418    4937337584.41    1614880638.48        7.84        6.61        0.33     101212602.14  908170650171.27    4318944234.06    205874725    2443726530000000178
19760418-134432FIN197621976040119760418    6392527914.65    3300982069.29       40.43       38.99        0.52     598572354.96  823792363207.35     811171757.56     81643070     846610990000000041
19760418-224957FIN197621976040119760418    3844934412.56     211712161.87        0.28        0.27        0.06     372700311.61  740739958753.09    2305918436.70    767088990    770790701MDjVavoVSMeRlCAiXqmFZzvARFaNTAslRoYCUeWRGOXU                
19760419-055329FIN197621976040119760419    3877118795.57    1366591911.26        1.51        1.49        0.35     528217412.82   87668950468.34    2788441696.23    903622055    915334279hcPDGWJeqNhVOJEHQzDTICfkFUCNaLlcnCkzQvSJALfIzRb             
19760419-104903FIN197621976040119760419    2020132718.42     791280856.07        0.82        0.81        0.39     469269433.27  768066572141.98    3234707405.42    968477979    9785250270000000347
19760419-185527FIN197621976040119760419     271445475.64      79788268.63        8.41        7.20        0.29     991247415.03  978893955920.15    2897019285.69      9490471     11081658pmVFtISJNicSLMLBUTybzczhOfHObPpMYpBqjAaxrDHJ                
19760420-013507FIN197621976040119760420    8061507111.49    1341892379.38        2.73        2.38        0.17     625584358.32  805220302880.49    6271048847.42    492374905    5633078040000000004
19760420-054608FIN197621976040119760420    2231928072.60     666104082.64        0.70        0.63        0.30     508499825.89  135727188604.99    8786311432.37    947172096   10518040980000000370
19760420-065313FIN197621976040119760420    8685688319.08    2591165192.69        7.78        7.43        0.30     460973451.32  367780010785.35    4096442336.73    333060272    3486521020000000313
19760420-120750FIN197621976040119760420    6596434782.26     518557616.88        0.54        0.47        0.08     901186778.44  641214694780.17    7209296054.44    961953237   10957707890000000072
19760420-204752FIN197621976040119760420    3815687261.38    1902876255.96        7.71        6.46        0.50      58893884.14  968882475741.67    5793350261.89    246935552    294721273WzOtPSWtykNIHobQCFqQBRbotBuTKxcwgtMGZlvSuzkznMNrJ           
19760420-235128FIN197621976040119760420    8925651404.21    1248722970.98        1.65        1.48        0.14     499119556.96  885943302197.38    5613084476.83    757747320    8425617070000000420
19760421-063552FIN197621976040119760421    7462297066.08      64384795.96        0.16        0.15        0.01     803769782.12  866015259112.53    4975087193.47    396676992    4343404720000000335
19760421-155352FIN197621976040119760421    7606450672.95     220545306.80        1.46        1.29        0.03      17346269.94   88351135785.84    4612732914.55    151516460    171386328sFUPMbMzZhWukEqBOFVslISMGF                                  
19760421-220131FIN197621976040119760421    2577978533.06    1150331909.22        1.15        1.01        0.45     460729249.27  673997205147.55      31302896.49    996885584   1142616673YNouztDEEgVJnWzrV                                           
19760421-224143FIN197621976040119760421    3526159348.05    1278355595.85        2.68        2.34        0.36     528646164.09   61240059145.93    2604623805.17    477871558    546507927XLTxGrTTSMIeAKqzJEDWF                                       
19760422-072924FIN197621976040119760422    2329124040.84     254377402.31        2.98        2.62        0.11     730471098.88  295421077695.75    8068804378.12     85356043     972574570000000264
19760422-091528FIN197621976040119760422    7724867494.41    4136752540.37       15.32       13.44        0.54      92839715.28  283021125470.11    8821211168.70    269975972    3077994200000000340
19760422-185655FIN197621976040119760422    5823891404.25     936619447.88        1.38        1.30        0.16     779381548.48  741023159996.74    2160285686.52    680632762    717803619ILluFBdLbXRPNPnaiojyEqsGqUArncqWACvKTGoQnLdlqc              
19760422-222509FIN197621976040119760422    9438208163.34    1521254345.13        1.95        1.71        0.16     706469438.86   65547141213.22    2746135901.26    779295188    8917426450000000210
19760423-035438FIN197621976040119760423    3270313021.13     348167696.13        0.46        0.39        0.11     478949022.59  701766687563.78    2570813360.29    762225548    885161331yAaPIZLjnktMGDnaPHmiXRjhRSBwqIPaZVgHEETIGwboUTm             
19760423-122403FIN197621976040119760423    5489655503.31    2642181206.17        3.70        3.37        0.48     599696392.61  472879904733.36    9485418676.87    713199521    7835486690000000283
19760423-141613FIN197621976040119760423    8900787492.17    5303358819.88        5.33        4.95        0.60     826459678.45  369949316249.12    4441859680.88    995727629   10703395950000000056
19760423-200007FIN197621976040119760423    1662388899.28     360037383.78        0.46        0.45        0.22     126393363.71  705530341557.71    8738538721.08    782246052    807148703GidZUqrCDURnPxkVcQLUZHoNkSljfGvxVi                          
19760424-033404FIN197621976040119760424     824651736.87     161469591.09        1.79        1.67        0.20     507471350.30  391604985972.33    6023857413.54     90367779     964589500000000387
19760424-094102FIN197621976040119760424    4051764574.88    1362187818.36        3.15        2.87        0.34     742260553.77  529984559732.57     925200019.58    432689221    474693273RhUQRxcjdEgKAzNIHpMnLOkaWYvDQqHM                            
19760424-154125FIN197621976040119760424    4605255526.09     778571696.00        2.39        2.33        0.17     979057600.10  902873965471.09    8062945632.93    326364519    333479234UeizQETXIKRQQajgPixNtKPPJYjnaOANfKTiKleRGQ                  
19760424-191832FIN197621976040119760424     751886511.85     364160443.39        4.15        3.71        0.48     120846144.18  326772256102.44    9977165500.07     87712962     98158849diqlqOsDpYaNQhSPBbXhMXocCDXEfNMfLDMDHOdpovsklTN             
19760424-210054FIN197621976040119760424    3328606950.73      67866205.38        0.31        0.27        0.02     750677500.38  579428539546.95    3879905084.04    219330713    2522399210000000071
19760425-064056FIN197621976040119760425    6127706420.01    3315758443.02        4.59        3.94        0.54     690223024.80  291643913465.59    3915154559.93    721966812    841801885lKuICZZKIDMXlDyhjCaIFqBluEJVAjYEB                           
19760425-115715FIN197621976040119760425    2680270503.75     941951974.11        6.01        5.20        0.35     999117440.66   82938455209.92    5154240027.64    156786909    1810124850000000410
19760425-183816FIN197621976040119760425     119605429.20      81756917.05        0.13        0.12        0.68     195510263.60  699485424037.39    4721666677.77    636870672    6863212870000000089
19760426-021651FIN197621976040119760426    5968279236.63     506560239.05        0.72        0.66        0.08     734093437.58   99178092367.87    7335215709.57    704886365    773151148BnEVHVwAVhMCJCSSJsRQYVkIWPcALsANPwp                         
19760426-042845FIN197621976040119760426    6855280488.91    2871923900.01        3.63        3.14        0.42     451487743.91  914035490883.40    3564612037.95    791123459    9152193820000000357
19760426-051221FIN197621976040119760426    6599656733.73    4116881247.86       11.10        9.53        0.62     971996832.26  831530015509.96    3646060371.48    370890919    4321821250000000307
19760426-102223FIN197621976040119760426     966114285.81     136649766.22        0.43        0.39        0.14     689030646.12  667727692311.18    1215271590.99    317953872    3489417610000000260
19760426-143940FIN197621976040119760426    4876522852.61     378481826.01        1.79        1.75        0.08     413590374.84  934801262493.38    4160786684.99    211394193    2166007820000000326
19760426-225100FIN197621976040119760426    3179779395.15     640249799.50        1.49        1.24        0.20     837058120.86  523986191401.77    3718445582.43    429810396    5155527290000000311
19760427-074609FIN197621976040119760427    7461804750.95    3825001808.16        6.44        5.87        0.51     902657171.41  992538068948.27    7570028849.50    594188657    6514887660000000177
19760427-080203FIN197621976040119760427    2776923289.65       6867826.31        0.03        0.03        0.00     805653404.33  707825271192.80    3618124926.04    213212788    252893765jUcWBvgxKjCwRpvXoIjBbXiBA                                   
19760427-142203FIN197621976040119760427    5438161700.10    3325690560.39        4.91        4.37        0.61     939789000.91   76652818327.84    6729312094.50    676662054    761231725tWwKapCDGKDqBvwDJQvKfXxUMzFDUXQBf                           
19760427-232556FIN197621976040119760427    8545314183.01    3047613744.92        5.16        4.56        0.36     158366654.73  413725383699.17    7668382748.63    590564251    6685984850000000032
19760428-025223FIN197621976040119760428     279996976.96     130919023.18        0.33        0.31        0.47     277601457.35  692895918971.71    2223369684.45    392002129    422097272PnXvOcdgWFenJEXQ                                            
19760428-124449FIN197621976040119760428    7234887087.15     189303935.46        0.23        0.19        0.03     644789605.52   76050714346.19    4244293693.66    832785865    987213338AvCbuYoNHzndoNzQcpmWOtTFhPTPHG                              
19760428-181409FIN197621976040119760428    2159622850.73       6471743.28        0.01        0.01        0.00     299590297.91  433767645168.82    2605346126.50    697347981    727311060OnvOwiVZXgIReEEmKJUSnXcnThQEHWzos                           
19760429-033044FIN197621976040119760429    6562804142.35    2234094474.98       20.36       19.28        0.34     926548059.64  567227260140.59    7243283229.25    109702664    1158881670000000115
19760429-055147FIN197621976040119760429    4177457844.21    1615388661.93        6.93        5.84        0.39     434633982.30  400155833819.54    3563206659.14    233057083    2768373300000000270
19760429-151908FIN197621976040119760429    6912692315.46     944700089.65        2.85        2.53        0.14     761894972.60  829396821730.73    8390196859.99    331375461    373659907olGIXXQFLdIHXDEuMLdDVNJbXfMiSChBOXXHPRgqQfvPMFOMefo         
19760429-235347FIN197621976040119760429    5105521865.99      43873209.17        0.09        0.08        0.01     993480102.60  179537124401.92    6347805147.21    493472005    5341529930000000250
19760430-040928FIN197621976040119760430    2729706880.31    1842153304.24        3.40        3.24        0.67     825934152.76  303037914218.77    6448428359.67    542092820    5692556510000000104
19760430-084124FIN197621976040119760430    9954947505.66    3872786547.32        6.07        5.95        0.39     771061208.33  226343263642.39     572673651.99    638066177    6503844540000000118
19760430-131848FIN197621976040119760430    2870235376.37    1643252494.30        2.45        2.06        0.57     682637545.92  812122848375.41     374810589.76    671326775    7977853100000000390
19760430-173842FIN197621976040119760430    5019987174.73     911604806.41        1.89        1.86        0.18     575176639.05  812024736740.38    6412208302.11    481576359    489956180BlzKUNpcdbxQGHwUAaQlIXGgyZmHnyRREOKBwpXvXwwWEOWiNJVMXWALS   
19760501-023845FIN197621976040119760501    4912079423.63    3106098799.56        8.79        8.46        0.63       1913432.87   45796009366.63    2403639005.52    353345063    3669361330000000110
19760501-095620FIN197621976040119760501     768064919.99     195876828.88        0.20        0.19        0.26     191287397.72  677969223709.42    7568889833.46    975624373   1054192708SLjJLcNoIZTAyGyOAtNtTFMQNEKksLfngTYwlVSjEZSFXAXKeoBI        
19760501-130258FIN197621976040119760501    3545641196.66    2047658956.27        3.73        3.61        0.58     598734192.03   59287948760.46    1267052241.19    548972360    5669984590000000140
19760501-154521FIN197621976040119760501    1690756392.71     283396051.83        0.61        0.57        0.17     216935400.37  626229133061.50    1689660393.61    462751729    5007857510000000412
19760501-162942FIN197621976040119760501    1103030605.02      11964379.40        0.09        0.08        0.01      26403345.15  451806562408.33    1779696169.57    127437533    1501719250000000157
19760501-205900FIN197621976040119760501    3821757043.76    1423455740.86        8.16        7.71        0.37     505462549.34  769362102692.55    4416499595.34    174429103    1846469160000000221
19760502-022202FIN197621976040119760502    3332277703.21     705160550.47        2.66        2.35        0.21     642300058.57  911815650519.98    4080745009.79    264817150    3000447280000000038
19760502-062920FIN197621976040119760502    1784289468.64     572610159.64       10.50        9.08        0.32     431164002.25  197396696571.35    1283185883.37     54534888     63049057qBMMQLoTVJXYOWHbqUadsqhStqZmMDQEYnX                         
19760502-143429FIN197621976040119760502    5208435395.64    1797847066.13        1.97        1.79        0.35     654999877.82  877968778079.12    5200574905.73    914655338   1002382413PtkhYEKCAIopXOowBJbKCkVze                                   
19760503-000501FIN197621976040119760503    2356914292.32    1527258661.30        3.73        3.12        0.65     519042645.85  343376090108.56    2720927925.12    409303395    489869064BGNkHkSVFBdTuPfNoMIAETucvmJKkQhReFVyGfvjpOOsNPR             
19760503-092135FIN197621976040119760503    9353602136.13    1818349726.13        2.02        1.69        0.19     585599093.13  534581332448.41    6695554520.23    898439127   1077078438SOHsouEIQhzIAMeFABDlHzVVpeXiHlUsEEOxcBPIJW                  
19760503-130711FIN197621976040119760503    4272883962.15      90608464.64        0.10        0.09        0.02     477378912.27  933676543817.15    1648136335.69    871442278    9998009210000000397
19760503-222017FIN197621976040119760503     108348851.84      23592759.54        0.04        0.04        0.22     986064388.51   90508124197.40    5828429670.77    610469544    662471850FQCxtQRoMnVlnjwEERVRrjOJDAIyWTEKGCbBNsvTNBMQXXA             
19760504-022447FIN197621976040119760504     901011123.40     436893207.95        1.83        1.55        0.48     754701589.25  902627390286.78    8993455863.97    238976569    282562814RLjhtKlUmfoJhUDVTLrWpRzHYfKThEqzhoWNaWCnyGIpnDFEVgaiwbbY    
19760504-063911FIN197621976040119760504    2581689898.89     762295301.82        6.25        5.66        0.30     774474735.75  288501256400.97    9022946433.01    121884359    134600066LKcmIFGIvNgAcvIcDsIfLSTCBTFZvyKmVsXmANBQQ                   
19760504-120046FIN197621976040119760504    6448996961.18    4239758370.22       39.91       37.11        0.66     888528698.31  577226056311.09    8886554744.74    106245600    114260169COuSdFGyHSPGOUhjCwiAIgrW                                    
19760504-185711FIN197621976040119760504    3294888025.34     833117725.43        2.34        2.09        0.25     836129388.88  981593223013.65     882041511.06    355732233    398965360kBFzLPYLDHAuIEHlgFFBqUhnO                                   
19760504-224142FIN197621976040119760504    2451992148.12    1017247548.82        8.29        7.86        0.41     993588704.37   89330802107.13    7022755903.01    122693674    1293516680000000341
19760505-013406FIN197621976040119760505    8005901070.16    3632987546.75      324.28      309.69        0.45     420179258.35  402671097369.21    6889801424.53     11203136     117309950000000400
19760505-111144FIN197621976040119760505    2953975940.12     988936756.78        1.21        1.04        0.33      25698296.87  202596490294.22    4230683432.38    819044043    955395222EHhVHPSQttYrETUxcMnrihIePeOLrTFUmdIKeQiGfzuibJwRV           
19760505-203041FIN197621976040119760505    7167823171.83    3253255948.73       52.50       45.00        0.45     955448319.54  477827161798.80    2118203913.59     61966051     722866070000000159
19760505-205451FIN197621976040119760505    2772784570.92    1581163469.60        2.40        2.18        0.57     595644934.27  986378579766.43    8150405572.47    657890409    7253935700000000096
19760506-060248FIN197621976040119760506    2216574209.16     518650215.32        1.42        1.31        0.23     122982823.26  845082341157.45    2184503073.93    365306037    3964137580000000230
19760506-105220FIN197621976040119760506    1447442685.48     179212987.35        0.23        0.21        0.12     182903526.20  483440128785.07    5534010229.26    777078980    863656966estGmMJWXVNYIvVp                                            
19760506-165907FIN197621976040119760506    6332169130.17    3043790875.74        4.54        4.10        0.48     454437308.96  552889314130.23    1099961372.65    669941465    742037367aJZDEsbtUZIVIFHQlUkKimBOIJCkSOi                             
19760506-232213FIN197621976040119760506     958349106.51     352521776.73        1.43        1.24        0.37     282107545.65  959500468993.01    6263011540.95    245932574    284179868XLakKuKldHjriLNJejHKPkOHDSKHByPKVYctaSGJljgTVz              
19760507-034153FIN197621976040119760507    1576487949.39     330009697.94        0.43        0.36        0.21     655298669.03  219594322937.16    3148414999.38    771361555    919624798hSAOpCrPCpgAkXnAJGTxFjcuADeHUaavHTPF                        
19760507-060248FIN197621976040119760507       1802911.80        807000.70        0.05        0.05        0.45     475960654.46  967757797338.02    7181999778.46     15908178     17858845qRPVVdOiHOaRcVTAInDgjliDRKxjgWiFKZqiTVfCOkJATvp             
19760507-084746FIN197621976040119760507    6210061697.76     218881813.72        0.28        0.28        0.04     406712791.89  147848849049.56    4048201657.98    768539669    768768854MdcCChWJrnnJJXGaSMxGEMVNtLDSRgHEATX                         
19760507-102933FIN197621976040119760507    5536823653.47    2842774477.58       15.56       14.03        0.51     528724885.06  594911646716.18    5345152217.37    182697422    2026304270000000418
19760507-194010FIN197621976040119760507    4832559389.93    1845859035.84        1.86        1.62        0.38     307378264.55  118999519044.13    6911406931.64    991524368   1136948217rqMbvwSCBGYCGMEPKQeELcTKYUzuwRMWTqYPIirIgRbOCStxEXLeiAEZJCb 
19760507-203154FIN197621976040119760507    9293172171.93    4930961645.18       20.98       17.92        0.53     476798094.55  326043987751.03    9681771904.68    235054424    2751319010000000123
19760508-060523FIN197621976040119760508    6824695737.20     124726168.02        3.08        2.58        0.02     860288718.65  163968575903.85    1573371132.73     40479985     483999260000000101
19760508-135356FIN197621976040119760508    7952094872.81    3515494785.30        5.11        4.78        0.44     316544956.17  229724620826.08    4769569729.72    687822051    736023525UJvSHHJxMUEYmrOEqYVQ                                        
19760508-210939FIN197621976040119760508    1228317568.92     778521879.67        0.96        0.93        0.63     412465859.13  721712807165.91    9380240801.27    806861215    835391697QvlaxuqiNVtNVWlBOlQEiRKoaUgAX                               
19760509-045409FIN197621976040119760509    2460011156.62     817128515.62        2.59        2.53        0.33     150111983.80  707633850851.72    8219173216.99    315172484    323583213rBMPHLouqFXXMgNIhGTqVDHGAsCbGzEmOWSDGxBXmbKbrEI             
19760509-131757FIN197621976040119760509    4266029081.73    1447297311.17        9.56        8.61        0.34     298778132.40   90462265318.56     256174552.86    151380789    1680024170000000194
19760509-195003FIN197621976040119760509    3222623701.50    2035836891.63        3.45        3.02        0.63     272183472.10  852356241203.82    4651565284.17    589623867    674567490nUSbwozHKnjEMwDGEwifsBDVkWMEUCXcZRAlqaRyXugMDSPCvILEtSe     
19760510-012207FIN197621976040119760510    1126202497.33     395346658.09        0.71        0.68        0.35     914648400.75   78617411497.78    3929748217.57    554528287    577836148QrDjsjjfXYcImGGENLZci                                       
19760510-041338FIN197621976040119760510    3712410916.40    1716406024.37        1.94        1.73        0.46     537307286.70   70903401118.44     984385468.39    887002866    9938862370000000409
19760510-080706FIN197621976040119760510    1217937531.24     219827190.92        1.05        0.89        0.18     609187563.42  963332301316.54    1176521570.56    209156435    2483173430000000007
19760510-162619FIN197621976040119760510    2009861339.71     784724533.22        0.89        0.77        0.39     747081589.23  877113396208.15    7281425223.63    882470520   10241308950000000320
19760510-193820FIN197621976040119760510    2358592625.25    1035545276.91        1.26        1.09        0.44     124540686.55  451611112451.29    2427961805.45    822674982    952412553jlkBZXPcVEbEkvquHcRWHHHVGNQxJWnBWpCCCKENWGMjHFABR           
19760510-231201FIN197621976040119760510    6831807996.32    4468241129.39        4.60        4.12        0.65     972697168.31  157910470031.76    2010379734.67    972380526   1085474049IBCqnhGjFJlbBaLpCfWlwAwAXuFGAsRugroSvLEF                    
19760511-034239FIN197621976040119760511    3415977909.66    1378603481.03        1.58        1.41        0.40     223486496.44  293515952830.70    6089774765.12    870107478    978418271sPFpJfRunRmoHacLH                                           
19760511-120231FIN197621976040119760511     910658371.04     570208745.58        0.60        0.54        0.63     336136421.40  634708596074.22    3486322783.63    952612355   1059264573PTNTHCLWsriUMNBFhDQDGtmBPPNiLOSaNy                          
19760511-124303FIN197621976040119760511    7122468093.44    2751477371.01        8.46        7.39        0.39     824689902.82  619248902632.22    1590440078.93    325125776    3725233730000000434
19760511-154410FIN197621976040119760511    7405580072.43    5098668548.75        8.65        7.99        0.69     806152016.14  612162572143.72    7187831702.59    589775393    638308155KXURuEhUIwPPexJHYIiHTBspFanGDCqu                            
19760511-231707FIN197621976040119760511    5843958385.77    1281351725.20       12.41       10.82        0.22     620730315.87  261961227266.30    5632110479.26    103281606    1184284480000000209
19760512-080244FIN197621976040119760512    6160337610.89    2921950196.76        5.70        5.04        0.47     197451481.29  901902060829.67    6040029124.08    512775432    5801109090000000362
19760512-115357FIN197621976040119760512    6776135187.09    3247610573.63       11.59        9.94        0.48     599512469.09  286506112520.35     418026893.73    280242567    326799912yRPdOOYwDRIgGtBTaFzyuaZQ                                    
19760512-131519FIN197621976040119760512    2694355679.65     894737513.23        1.22        1.20        0.33     754291755.48  404667558893.91    6518242459.57    735500402    744979744RwMVIveGZUngCTRjOjhJsfVt                                    
19760512-182208FIN197621976040119760512    4719107550.05    1721567733.01        5.26        4.75        0.36     705943721.45  439424537302.28    3465919393.19    327012193    3626145770000000365
19760512-191539FIN197621976040119760512     949751595.52     542775402.22        1.19        0.99        0.57     122599658.10  404432902195.73    3703298697.80    455724146    5460510760000000186
19760512-204823FIN197621976040119760512    5581697364.08    2129873519.37        2.27        2.21        0.38     284399935.89  228833764877.07    6039970670.48    938237618    9651069980000000301
19760513-001214FIN197621976040119760513    1735366409.64     493201240.79        1.52        1.33        0.28     959744824.20  832782926811.62    6226088435.68    323758671    371874364WOeORZjONJrMMFhfyOvFLmfqNTXNJnHMAmZRQXyYwksVOd              
19760513-022024FIN197621976040119760513    2889166140.14    1595300588.96        3.29        2.93        0.55     555761872.57  642505640499.13    8332222947.81    484917805    5450881750000000138
19760513-080153FIN197621976040119760513    7458188099.20    4787706335.28       12.20       11.85        0.64     106679936.08  863619495948.34    9220897728.81    392546110    4039222160000000031
19760513-173116FIN197621976040119760513    7259799503.14    1700640773.70        6.30        5.73        0.23     271474595.30   61961724769.60    3950528369.46    269869416    2966630290000000223
19760514-015249FIN197621976040119760514    8905165223.62    1599231324.71        2.14        2.02        0.18     872845226.14  117482373316.26    1684885575.82    747286313    792399719xNZnDTSoUVPNSoYdgBUPLqzOHFZzrIJQNLRxXgjb                    
19760514-055130FIN197621976040119760514    1858556521.16     528102971.97        0.85        0.84        0.28     422182707.17  126073734056.07    6482135621.29    617778762    6306377200000000323
19760514-065729FIN197621976040119760514    3909399450.75     718959984.26        1.67        1.55        0.18     225550505.70  665037486421.22     236564154.40    430342298    463484830HQSomNnImHMmdRDYNPNRfwVyMKUAVMlSvTbZnNezGMUJSTdgdELs        
19760514-150903FIN197621976040119760514    4258078760.35     480226655.12        1.37        1.21        0.11     560531929.06  577696299744.87    1974046537.28    349914907    397043130wGdVXrkktIjHLmLGSuJmmZ                                      
19760514-174106FIN197621976040119760514    8667155063.54    3471661446.65        6.40        6.05        0.40     328728541.42  935140084327.05    8897383624.26    542332856    573909670RIoafLXyzvuVdAypgRHDbVyCNFqJLTgbS                           
19760514-185323FIN197621976040119760514     549340874.30      19103774.02        1.16        1.10        0.03     831853567.36  111273446007.51    7805639879.14     16485042     172956320000000232
19760514-185954FIN197621976040119760514     597215006.83      88256855.96        0.63        0.54        0.15     848260920.00  714456286355.20    2038299940.10    140641987    162623664KCAQyxiZXoJdqKDEQYobKyFIDOjTuAXaYXNcpSHBpXYaEVEJiQphzVsDQo  
19760514-225407FIN197621976040119760514     429960937.67       5391965.99        0.01        0.01        0.01     193903622.65  332272641747.67    1442269070.99    791791852    897397590VRCqMDchijxAuePBgjywAGgqrVRBEFpiTlAyRVbIdJsaEVtlYWHXc       
19760515-022135FIN197621976040119760515    3402962277.99    2136606394.73        2.69        2.48        0.63     543618215.67  212129571458.11    5759092776.49    794897660    8606042220000000081
19760515-024630FIN197621976040119760515    8141498669.83     811239008.14        5.25        4.82        0.10     748085167.74  378661818163.62    2925796664.47    154439274    168456186HTVgzOLbcXLlFrFJcvEFRXR                                     
19760515-100749FIN197621976040119760515     103827862.49      52701175.79        0.93        0.82        0.51     891741981.88  857645706304.28    9741307404.41     56792125     63894933KwGGHtkLxtWGPwoGFVBKTqHdHhmZbSsgyyHfJEsFJbOuJAQfYzTNZNcIDF  
19760515-183341FIN197621976040119760515    5219128531.79     770270375.85      926.78      863.50        0.15     369346678.91  581171351679.95    7720367709.66       831129       892032OCuNrytyPITVDUziIzC                                         
19760515-221056FIN197621976040119760515    5104744099.24     237416395.47        0.34        0.29        0.05     878715922.16   94947400309.27    9150224208.25    697791201    8062694960000000137
19760516-041248FIN197621976040119760516    8542461421.94     995907208.58        4.89        4.28        0.12     968154810.81  330906558346.75    7386733128.42    203816926    232911561dfFANecQKvrSQgzQKpIQVdGVbtGsTGppLzsrQESzNGrlVGjjGlGEuMtSRXwM
19760516-112657FIN197621976040119760516    2657612795.84    1241721589.23        1.85        1.62        0.47     559159040.07  348144110739.79    4687820332.87    670947805    7665059460000000044
19760516-200947FIN197621976040119760516    5769509136.24     102929946.97        0.11        0.09        0.02     441491685.03  649266747202.21    9267497564.85    937687997   10950055290000000343
19760516-215535FIN197621976040119760516    2339492809.58      53114226.78        0.08        0.08        0.02     956847319.39  405520205690.01    2049626078.80    668841291    688867151KRtMROFTkhVPydRKxEDtVV                                      
19760516-223419FIN197621976040119760516    1542701523.68     133227227.51        0.18        0.18        0.09     909340354.02  251841203319.11    4273753916.05    730691455    756899677KJhQqvrlpQBidNaiKSbeNNikTGFNyqfAokZNpWiMnQ                  
19760517-043304FIN197621976040119760517    7322156427.88    2683058884.03        3.98        3.71        0.37     898249009.11  111753428108.87    3312241943.23    674808007    722469893tMxRtlNQsLObcjH                                             
19760517-061546FIN197621976040119760517    1406441364.57     934790566.59        1.79        1.75        0.66     457134265.59   64823742400.83    8133939785.41    520786899    5329287310000000234
19760517-145632FIN197621976040119760517    3359290165.64     287022390.63        0.57        0.50        0.09     271059318.45  109009793209.75    4306354222.48    503486292    5788122170000000124
19760517-232233FIN197621976040119760517    9805649162.56    5943324388.49      134.90      113.86        0.61     410064542.89  544994740877.32    4495127088.42     44055890     522003460000000133
19760518-012318FIN197621976040119760518    9207948610.49    3790719958.40        4.53        3.94        0.41     691310103.77  200357265119.72    6414699120.67    836829204    9611429710000000173
19760518-052142FIN197621976040119760518    2918913342.75    1061184245.80        1.61        1.58        0.36     854107464.83  230536701980.93    9731363375.02    659109440    6708587040000000247
19760518-112108FIN197621976040119760518     725769727.40     135230315.26        0.45        0.40        0.19     440040943.70  711353641114.84    9755355665.77    298255500    3423481080000000339
19760518-175027FIN197621976040119760518    6225883667.76    3344334989.71        5.08        4.53        0.54     228508615.54   46244193534.38    7848321527.98    658102736    738567497maNnBELccTuKDXojbbmSqMAOzQwExqMJWPLSOAAZCgXQxjEfFORZfzbxQ   
19760519-014354FIN197621976040119760519    6337972964.15    3194666380.58        4.54        3.87        0.50     443580653.19  485169483027.35    1000850057.96    703207370    826272997sOinkIiTdaWTBlAuXFDL                                        
19760519-074012FIN197621976040119760519    2338344668.10     621149140.98        2.19        2.01        0.27     666532524.03  263218112444.01    5695877942.78    283695795    308304092cPOOydoHzXLJKVJoZqQOPxiAbZSEOCBSZFKLwPxTGzZgA               
19760519-135216FIN197621976040119760519    5854020272.16     340619844.74        0.36        0.32        0.06     157417372.19  582335371870.90    5804796611.09    935562123   10512054310000000092
19760519-220225FIN197621976040119760519    5474682581.39    3366893714.00        4.79        4.13        0.61     348786119.35  976749174333.70    3752556983.91    703606397    814463769rkWTCsQbCPAUfRcKLCwMGTdIqvRSpGXQyDXxU                       
19760520-053903FIN197621976040119760520    6648619444.61    2872991124.85        3.71        3.10        0.43     175422343.28  647490874849.85    4916890781.04    774871260    925792933GQgODZYcTEajaEMYDrWGoMdiJOENBaMGcnwYwuNTRPoOXXVjWD          
19760520-134713FIN197621976040119760520    2618264451.70     818925450.03        1.98        1.83        0.31     816002452.12  547484528009.78    3689261352.10    413532683    446545986gDqcCBxupXLOeBnjyoDuJKKpXXazMTBejzLaoxVkzpfVHbeQYNnEL       
19760520-195356FIN197621976040119760520    3774810834.88     568375919.95        0.96        0.87        0.15     823809881.14  709757764026.41    8948394329.13    590904653    650300375eJrkPOGbPloJTlEKCMUyNKBpvGpCjXvROvjLfKTOvLUUcv              
19760520-232303FIN197621976040119760520    9933538193.83    5964161664.60       12.37       12.13        0.60      84830356.60  329648591611.25    1077722435.48    482049973    4915750600000000060
19760521-062148FIN197621976040119760521    6100888585.85    2036152573.30        4.34        3.88        0.33     862895516.50  582901510304.63    3195049747.64    469632999    5247243530000000399
19760521-111823FIN197621976040119760521     121022840.91      49230138.93        0.16        0.14        0.41     473175962.65  589953188148.04    1504359424.46    315421112    358365528SHuHLFwNwXBOULlQFbWKYVBrKPnFoRtjcMFSgqzBsfWO                
19760521-192558FIN197621976040119760521    5026762649.40    1967567742.35        2.57        2.46        0.39     478539101.02  488353166670.38    2301141832.05    766436452    7987011360000000143
19760522-014705FIN197621976040119760522    4231014129.59    1287879907.93        3.12        2.75        0.30      90961310.05  421368668061.35    2195903284.32    412878954    468654759dLhVWzazSySPNOSRlJUZTKAqSudRG                               
19760522-022044FIN197621976040119760522    2527570192.77      10208708.75        0.01        0.01        0.00     865724731.67  934021475072.51    4013106821.10    792563587    9141307030000000164
19760522-105645FIN197621976040119760522    2974310094.19    1130899792.18        2.49        2.28        0.38     120464280.11  979738918465.54    1075744851.54    453870384    4954605040000000378
19760522-124634FIN197621976040119760522    1958014309.62     258966146.05        0.28        0.26        0.13     878007018.96    6606498138.69    1778813732.86    938887070    989171390KwEuePbqXSKWLGKXUZjUklpgUQeBiAT                             
19760522-214929FIN197621976040119760522    3629420882.34     133934052.36        0.22        0.20        0.04     338050319.92  725459155947.50    3005948024.53    609664887    668042353rvAVWdPVTunQSZzOYjDYsGwWMYXjBJVnLeRwbiMTRnNBlj              
19760523-015816FIN197621976040119760523    4655370552.23    2784640281.86        5.04        4.22        0.60     744095199.20  531992408947.94    4382104673.92    552084101    659106584URZBtUKnpDKKHZbOejdWhikbEaSqvjzvEtNLbCtShSSaX               
19760523-041549FIN197621976040119760523    9093513064.28    4814480547.55        8.82        8.21        0.53      23111204.42  130909358264.01    6244811043.91    545947038    586685776EsHPWeZIUldfxNQnmwk                                         
19760523-051438FIN197621976040119760523    7298535807.36    1274514432.83        1.57        1.48        0.17       3864346.39  845466044169.83    8616469615.16    813590160    8590505770000000435
19760523-112153FIN197621976040119760523    2253238685.85     939204646.74        1.53        1.47        0.42     816669551.35  180807263429.68    3098417071.31    613243983    638779285pIcNfPPBGvDFpVVzFYMOIINuDPrXwOTebCLY                        
19760523-175953FIN197621976040119760523    5423405688.90    1135796808.77        1.31        1.10        0.21     629365021.09  257570329942.87    5520981249.65    865207603   10284610340000000344
19760523-233045FIN197621976040119760523     485281252.73     227624099.76        0.25        0.22        0.47     614083428.10  586708827947.95    8192315754.81    924766235   1056854823rflAKFDXHCAcNmwLNJTMIvxdoAJIIC                              
19760524-024432FIN197621976040119760524    6318832037.97    2074319187.75        2.69        2.45        0.33     248917532.12  750359664907.04    9903857484.42    771482981    8456276760000000019
19760524-063320FIN197621976040119760524    1421950490.62     317975348.97        0.74        0.67        0.22     126727182.73  719543969805.82     461123140.45    427810443    4717013280000000280
19760524-142804FIN197621976040119760524    6080900841.52    1319268785.26       12.30       11.79        0.22     754291706.77  307208021375.41    7362583909.05    107241010    111850338OWhkEOObBxFJLmuCTofocjzocIKbNsmlUvpBNaiWNzJI                
19760524-205235FIN197621976040119760524    8956512494.60    5007558472.97        5.52        4.74        0.56     337963517.67  150363975070.33    1768756430.85    906510774   10568677090000000122
19760525-012636FIN197621976040119760525    2107705933.49    1334826090.85        2.10        2.02        0.63     284538808.83  383082470629.87    5305564295.62    636353773    6604557410000000228
19760525-015001FIN197621976040119760525    9844436694.56    6388672467.89        6.60        6.48        0.65     343910813.09  990895189925.06    9641622821.77    967381963    9854761200000000287
19760525-035816FIN197621976040119760525    6304782896.94    3378701935.17       43.00       36.52        0.54     819825246.75   17931537286.82    5181033999.02     78576902     92507501BEFZxtnCCsYnsAWxOEIimDUoQNDibMTFBcr                         
19760525-101653FIN197621976040119760525    1096728145.05     469502848.10        0.56        0.50        0.43     510021314.31  810699298138.07    4677170130.39    835120334    9302316110000000336
19760525-133015FIN197621976040119760525    9576196283.71    1165851678.84       14.99       12.68        0.12     556542499.76  313224585617.96    5639540677.63     77786379     919286480000000331
19760525-134253FIN197621976040119760525    5263332537.87    2350356053.14       13.32       12.45        0.45     450321508.79  982352232579.11     859711803.19    176414074    1887987710000000069
19760525-164423FIN197621976040119760525      29689987.61      20119512.60        0.02        0.02        0.68     834388948.75  208949733373.22    3982593563.03    983794270    9859380350000000254
19760525-171338FIN197621976040119760525    4659029501.99     823038471.36        1.19        1.17        0.18     907724933.20  806164726427.16     268158355.14    692285327    706156754MPXsEKBfxnGLiVsxypP                                         
19760525-223506FIN197621976040119760525     813078318.95     109431429.34        0.14        0.13        0.13     415671682.95  346904649970.19    9075614933.31    808704806    874710792UKFcnKTFeKKrDiCQaSvHKASfMHqqwaibByIFXMzCNUKdDSAl            
19760526-070341FIN197621976040119760526    9286639003.31    4144982861.24        4.41        4.27        0.45     705991565.31  685240125260.94    9838520610.80    940630526    971582609RSWvpXShAohbCnBYubXQUbMLtPavDHUQn                           
19760526-131933FIN197621976040119760526    7904590382.15    5040614790.45        5.13        4.41        0.64     985420863.75  189085172971.72    2308515896.46    983045600   1142588541HlQPdCFlfEZpMPIC                                            
19760526-185852FIN197621976040119760526    1272040697.12     140378454.76        0.40        0.35        0.11     312539164.72  604948064778.25    7086156050.97    348709348    397036616QPoUnLDTrDgYSUKWmSCDOMHFQOuOStATjAIXdgAbzman                
19760527-013649FIN197621976040119760527    7809215300.20    1961629329.07        9.15        7.89        0.25     797440465.17  212471943115.88     687678189.25    214416890    248621583OhGyMTcWMJdQpJQZIiaxBfCuXgKBUhaQsuoACPYaXpbjkXNDZMmSDD      
19760527-023305FIN197621976040119760527    8068497147.85    1442456997.63        6.21        6.08        0.18     978939548.45  287702820168.43    1393286101.79    232196798    237056066OHzaLyFKQkeISJnxSTeShaOv                                    
19760527-094750FIN197621976040119760527    2051924648.31    1153799646.23        8.88        8.37        0.56     197687517.31  858766136190.42    1164004688.30    129994102    137767372IVBxurMKnJbFCkiInnTeIC                                      
19760527-153423FIN197621976040119760527    8154742113.51    5587770699.64       27.15       24.57        0.69     525177915.72  456276542467.28    9232366526.71    205838195    2274449990000000244
19760527-180255FIN197621976040119760527    6745907974.24     872592738.33        1.37        1.35        0.13     995439615.44  439532862048.05    7642199564.11    635374374    6449462850000000111
19760527-190852FIN197621976040119760527     812287324.59     133832882.00        0.27        0.25        0.16     966000422.22  335491409933.05    1244822970.91    496057663    531444934NexjEKvgkViOeaMXWULcs                                       
19760527-192304FIN197621976040119760527     465194759.39     109352488.39        0.24        0.22        0.24     893586345.00   53217565618.74    6993623289.10    449486150    487549745PAKPEEUQmMEQCIiKNBmUEBtPfusQRkopGWWnKXMrfXJjrgUvxcuTzMgPK   
19760527-220038FIN197621976040119760527    5355336621.75    3640134393.64        9.39        9.09        0.68     346096673.25  670494271623.75    4048423737.40    387664814    4006106380000000018
19760528-000437FIN197621976040119760528    5011703033.57    2846858075.99       18.92       17.85        0.57     429361212.25  945548196741.42    5784636483.42    150447971    1594671590000000292
19760528-055338FIN197621976040119760528    5585954924.66    1586698094.99       24.71       24.60        0.28     803301648.44   40039461402.64     640183397.26     64202835     645099880000000319
19760528-064412FIN197621976040119760528    5086866579.10     391206164.74        0.61        0.52        0.08     906927640.91  578255994466.24    6269506602.97    641977188    7466609780000000294
19760528-104604FIN197621976040119760528    4880484874.97    1965779576.10        5.18        4.53        0.40     628568704.62  895199611503.09    2458107057.27    379816397    4342186480000000374
19760528-182954FIN197621976040119760528    3988191536.13    2734016157.14        4.61        4.60        0.69     390700582.14  832886061939.85    2738301392.63    593125138    5943519370000000229
19760529-025457FIN197621976040119760529    1490003726.18     312177572.56        0.36        0.31        0.21     770138783.22  705909254470.37    1019005356.96    870502780   10193577750000000376
19760529-125212FIN197621976040119760529    3365721927.78    1090663982.85       10.17        8.74        0.32     342954018.62  533849324742.55     520261594.96    107236376    1248375440000000227
19760529-190304FIN197621976040119760529    3817265011.24     317183914.95        1.08        0.93        0.08     779779062.69  481660117036.47    6274139575.74    292707874    342282470WqeiYOFGTjVEbfOBYccBfxuAwwzR                                
19760529-195707FIN197621976040119760529    9785836038.18    5290077916.98        5.67        4.88        0.54     467727707.71  674258687167.67    7643658463.85    933209929   1083079337QAIfXCkZkcOUWysYZNIrQhFKChnxkXeYAlUVoUXQtalpMEzkjpnJDLQMx   
19760529-235835FIN197621976040119760529    8857647690.93     951823578.93        1.18        1.00        0.11     747725169.11  253241739559.03    5295809463.44    804222777    9565728620000000220
19760530-002657FIN197621976040119760530    9641895272.05     496216934.90       12.34       11.37        0.05     405471297.56  707724940928.22     833239636.75     40216650     436479010000000003
19760530-011122FIN197621976040119760530    2449030592.48    1370858637.20        2.00        1.67        0.56     270753902.29  494725257186.28    6624654543.73    686459928    8189915270000000274
19760530-104634FIN197621976040119760530    5414383644.37    3579028371.19        4.60        4.28        0.66     946228654.77  227344904391.52    6299865843.89    778773201    8365373040000000080
19760530-181736FIN197621976040119760530    3716494655.44    1901516085.21       14.46       12.13        0.51     234923188.10  721537018990.99    9668339402.74    131475852    156731727rPWbxnnUObMNJMOJlQGmL                                       
19760531-032755FIN197621976040119760531    3906927272.02      73321206.11        0.14        0.13        0.02     705644177.25  506043886528.17    2810449575.68    515895199    546364054zZCyFkqieiPsUGvBJwvhXNW                                     
19760531-063847FIN197621976040119760531    7490610457.35    2892945976.44        3.21        3.02        0.39     976268084.62  442007010307.95    3657186357.95    900954642    957763694imdafqhUOHJJweSjJLCsJtrIwQTHOvwNcouZrYzKuEbA                
19760531-124846FIN197621976040119760531    8033044485.86    1852585977.65        6.12        5.28        0.23     316846548.04  560956140123.96     406015318.94    302465855    350904992SvidWcyubUlaXFkZnmqETXvDJYaXITuhWLA                         
19760531-184525FIN197621976040119760531    5679242588.60    1533975984.62        2.07        1.86        0.27     658961622.94  959243702232.54    3389588759.25    740158500    825299410XFIdEwZygbPJVVwGVWIfBAXvHBXIOxdvsyIikUuSMNZsQaMY            
19760531-212836FIN197621976040119760531    7413641051.22     194154506.38        0.62        0.53        0.03     377900333.42  967747109760.78    7493754916.09    315226908    3675357920000000350
19760531-214514FIN197621976040119760531    7814342827.70    2656693324.01        4.55        4.10        0.34     735159034.25   29586169817.76    3300524599.75    584043746    6481508760000000065
19760601-005156FIN197621976040119760601    1665461882.29     550006260.35        0.65        0.56        0.33     543972408.42  521449144880.24    4846751933.35    839967054    985003865pJIzRZJpGSTuQYQXaVodUJTsvkryXgSHUyImKup                     
19760601-071219FIN197621976040119760601    3045297972.13    1775949368.09        3.70        3.13        0.58     457641985.72  588959955402.05    5359375410.26    480050383    567708482bLDfMCiYJfdEseRPOSrNilaE                                    
19760601-143551FIN197621976040119760601    4465058690.20    2889768232.36        3.88        3.46        0.65     667899339.67  882866814805.03    3475538066.40    745135043    836147722KfRERJQxDalgYSIFQgEiw                                       
19760601-232411FIN197621976040119760601    1415379780.54      54462112.62        0.07        0.07        0.04     991376427.93   17442997651.27    1003556361.83    751942112    820965703KoviRxUIRFITXCLew                                           
19760602-053111FIN197621976040119760602    7982100043.60    5239304822.63      106.00       96.04        0.66     135954072.84   10722518473.52    3974604588.75     49428103     54553625ELRDIvILDRFhUOPlOdBNRoJISmXZkKmyFIXaoT                      
19760602-105229FIN197621976040119760602    9438946443.08    5090374068.80        8.04        6.89        0.54     569478555.04  463337888296.93     490851216.51    633159905    7388016790000000064
19760602-140502FIN197621976040119760602    2856559579.59    1212963539.84        6.52        6.40        0.42     236739477.16  582998106559.70      84218853.60    185918767    189391676KsLBXnElVKdTMXGCGoOrJDQaBpHiZwbprNnHXjI                     
19760602-225926FIN197621976040119760602    4319148620.55    1465169137.82        4.39        3.91        0.34     448031300.14  324192450192.80    6846614848.67    334044543    374838424pArpWSNsgNKTOPAFFXMA                                        
19760603-013622FIN197621976040119760603    3099303831.43    2014564060.37        2.60        2.37        0.65     141608587.13  991467613248.44    7046219860.90    776072357    848340719XpkDkREvygUBRrUJBn                                          
19760603-020001FIN197621976040119760603    2316979157.46     118778754.72        0.22        0.18        0.05     793937543.95  590948710955.53    3041396132.30    550139883    6531952230000000050
19760603-112404FIN197621976040119760603    9652070398.37    1187446848.17       39.57       37.13        0.12     300172685.00  819857289592.10    1510370451.02     30008744     31978186nsUSMbYuOGhrdUDWlMOfj                                       
19760603-204546FIN197621976040119760603    6160317200.09    4253572066.69        8.31        7.38        0.69     898950731.46  675931322805.44    3974342710.75    511578352    576198545OqAIeBICyTDaCjYBokKBWwGIbTbHykBtzpJVuZzfWHKRHbYByNSoGLc     
19760603-205045FIN197621976040119760603    2003123250.69    1060130701.96        7.25        6.14        0.53     831912209.82  776313800431.56    9221529244.13    146312193    172618177CQGpvekRzqSfESwKURQOoomSanpImBHcOUixhL                      
19760604-033057FIN197621976040119760604    2720015950.07     489095620.63        0.71        0.65        0.18     980705048.47  197490941636.11    9177251217.74    691094127    754718041LRYKYZXBcxmTSSowQAFUfTJRSoIvPgvimQgPedHDROTgzAImiQMWqxVFPKu 
19760604-035719FIN197621976040119760604    1360621857.43     776087746.91        1.36        1.29        0.57      98490113.55  447992019832.55    2420602947.63    572287821    6031617720000000020
19760604-130821FIN197621976040119760604    8991790030.66     263435690.29        0.55        0.46        0.03     647081401.10  516878861837.17    7640756261.51    481763326    5690551550000000151
19760604-181257FIN197621976040119760604    5726258598.22    3406582245.52        5.45        4.56        0.59     315599510.36    5027811971.01    2766615438.48    625607067    7465353660000000026
19760604-193223FIN197621976040119760604    3061591791.31    1606421992.80        7.68        6.65        0.52     147188713.94  158680773453.88    5062152933.16    209070123    2414500770000000075
19760604-201350FIN197621976040119760604    3666510531.80     398713782.62        0.46        0.46        0.11     475417524.30  948181765052.61    5504148838.29    866011752    8674189940000000154
19760605-002435FIN197621976040119760605    5775896099.24    3176703436.33        3.22        2.88        0.55     562297265.06  388667315650.36    1828702315.09    987916313   11014597610000000148
19760605-073545FIN197621976040119760605    3636649231.56    1497462200.67        7.08        6.96        0.41     821067385.75  942995146649.72    6915510522.43    211491024    215249304eyGBByYTpoRbgjJdHtPbQdJTXrTbcWTJkSHlPvDAkK                  
19760605-152012FIN197621976040119760605    7904421529.64    3504806944.75        3.64        3.33        0.44     499044854.15  162134420971.32    7747656593.27    962427620   1051253252PJfOlXRPMTdOuTIMAy                                          
19760605-190104FIN197621976040119760605    7579014618.78    2412078877.73        3.35        2.89        0.32     823984540.02  145927229662.25    6834080122.41    719326353    833910194SJyzkTKNVmGtmiE                                             
19760606-022131FIN197621976040119760606     972469674.68     298273016.57        0.68        0.65        0.31     500515453.03  312422500876.51    3405521196.88    440090917    458618862DgCLMNjmKXvnbcxbsNRzicFHLhHVDWDkKUSGCEKJtTHOqhICxuVIu       
19760606-063541FIN197621976040119760606    2583255382.16     158916453.19        0.17        0.15        0.06     666358117.06  403317955606.28     640910326.43    916988659   10323191820000000381
19760606-114130FIN197621976040119760606    4156771522.06    2375631506.07        7.56        7.28        0.57     607148696.28  710679806099.22    5961209504.89    314058385    326536381MsyYBSXNmpCCDtQsKITr                                        
19760606-194310FIN197621976040119760606    5916884282.69    3261019503.86       15.88       13.42        0.55      71777438.60   13660961354.04    4770723313.71    205332933    2429185620000000180
19760606-201310FIN197621976040119760606    6715496110.38     900968973.47        1.06        0.90        0.13     906378874.80  914687396571.33    7814270468.12    852921692    9970437880000000057
19760607-051653FIN197621976040119760607    7144852353.26     769905419.12        5.64        4.70        0.11     419184680.81  236426542513.72    3341184998.57    136534628    1638211340000000202
19760607-072405FIN197621976040119760607     355334492.23     168598919.69        0.29        0.26        0.47     151320180.64  290932107108.65    4885386867.15    587920607    659532511daGGtcoTREcrZvEbKVXTGbZcgwEydZMugGTKPnwbTU                  
19760607-105549FIN197621976040119760607    7221518905.66    3584766773.00        4.08        3.49        0.50     621802865.79   27394254858.73    7648469533.18    879009495   10278266670000000246
19760607-130720FIN197621976040119760607    4716995153.23    1597623062.90       15.53       13.32        0.34     419323180.52  767784485350.75    1977107324.52    102888603    1199455910000000192
19760607-172705FIN197621976040119760607    4765241350.30    1750175878.12       84.73       74.46        0.37     119067065.85  947093050649.74    4787492766.45     20655104     23504545jEDMMMXIiuBzANZHiHyWmFFHVoTLvwUegqgIIMHlatdnrNCMwtJ         
19760607-225617FIN197621976040119760607    7250922559.96    3578132638.43       14.35       12.62        0.49     598235116.64  898713579976.56    6309792385.70    249401581    283574530RtViYFmrIsxKGEwUpZCHztOlYJbXJDNK                            
19760608-065323FIN197621976040119760608    7484659165.79    1579950074.18        2.84        2.55        0.21     328185716.41  904059887867.50    8928877537.43    557088121    6205380660000000238
19760608-111509FIN197621976040119760608    4455087867.90    1668575830.32        1.82        1.73        0.37     186582742.20  976263833587.46    4609933818.52    914393054    9630890880000000051
19760608-202039FIN197621976040119760608    8241790503.15    2213026585.19       30.32       25.30        0.27     337057275.57  217734201976.44    3454178919.08     72999433     874834700000000382
19760609-042413FIN197621976040119760609    9304532748.30     985493473.64        1.95        1.88        0.11       7383274.99  668057234187.67    3278866922.57    506121122    523629959hLJBQUzrFVOXJcPWoMTCtDJWVHTNVVRwBxaKF                       
19760609-082306FIN197621976040119760609    8831566657.76     557380696.52        1.08        0.99        0.06     812369636.09  883915857000.09    1652141261.20    514825148    5655917930000000098
19760609-161040FIN197621976040119760609    3351922985.17    1474285142.46        3.46        2.92        0.44     704308554.58  693260541197.18     783938248.48    426501879    504956116yJZRFbHLdseBeTnJIpEmTJtfrrDaEFBWyS                          
19760609-190115FIN197621976040119760609    7744719640.27    2773247170.94        9.23        8.16        0.36     651625165.46    7441857848.83    6057718161.98    300448493    3397856880000000182
19760610-034008FIN197621976040119760610    1902259860.00    1299495373.96       14.27       14.24        0.68     388392597.95  915678647900.39    3140249032.63     91041618     912705170000000126
19760610-102315FIN197621976040119760610    6994228915.03     836384999.46       32.23       29.25        0.12     725906654.40  894758570406.02    4850882119.33     25951880     285943990000000039
19760610-124009FIN197621976040119760610    5270545405.41    2832771108.29        4.75        4.39        0.54     598208415.58  796223977248.87    6819560771.54    596057278    6452391600000000239
19760610-193303FIN197621976040119760610    6896318391.82    4414517592.75       10.42        9.67        0.64     813315204.45  613503298473.50     873945229.94    423492422    456675181xbVeKWmFwIRwSgzjbG                                          
19760611-014140FIN197621976040119760611    7183162575.30    3386537743.45       11.35        9.86        0.47     384642850.99  779366026885.87    9770851605.20    298268943    343440304xItpdiEnJJAMNVucbcMCrZOxGKVLQtYwdGnBtSGBDqMTsWQhoJxXwANLFnQo
19760611-051359FIN197621976040119760611    4930735302.53    1184821514.71       11.05       10.50        0.24     100333283.17  805196747396.16    8467386945.47    107226315    112796085JmnZyvJNUAaGfANXOFMOuyDJFNiMeGrtTeYaLNPbiJyoUj              
19760611-140652FIN197621976040119760611    1125826665.91     650407495.46        0.65        0.60        0.58     992476842.31  798706727751.59    5665638323.90    996103290   10872041160000000189
19760611-193910FIN197621976040119760611    7858280206.03    4905670705.73       12.13       10.24        0.62     269580981.39  649262098950.71    6058248654.27    404554369    4790211970000000063
19760612-011637FIN197621976040119760612    1236194749.01      72917527.18        0.13        0.12        0.06     634194624.75  456545769465.88    4258759776.42    551741759    5923335010000000171
19760612-070206FIN197621976040119760612    1564363291.52     533252291.64        1.10        1.09        0.34     312597078.10  720881253641.61    9790338843.00    484942372    488435271tDPWLFEtBmpAwavVQikXwNpRaJ                                  
19760612-082947FIN197621976040119760612    1611029657.61    1026376278.30        1.67        1.51        0.64     407246845.63  835616225306.29    9777268627.58    613472450    677861886VikNJFYegVVQGYqpTEnxkClfSmGXAyLaNwsjSHKiUlJafPQsCfYY        
19760612-164738FIN197621976040119760612     353833276.95      14467701.10        0.04        0.03        0.04     995074928.55  293717396976.36    2612653906.85    412071590    414230480gDMXHLTeMJMEiSAyKEnl                                        
19760612-182811FIN197621976040119760612    5814234496.78    2725075393.12       62.32       57.42        0.47     523489140.25  604803696759.04    3879906118.83     43726595     474626080000000413
19760612-215016FIN197621976040119760612    6689870072.07    1926156489.07      168.99      154.65        0.29     680763051.82  168341901393.99    4398003425.88     11397857     124550100000000125
19760613-053014FIN197621976040119760613    1417736518.57     585024139.16        1.25        1.08        0.41     585516463.20   57551731181.36    2145891099.26    468115162    5439651780000000054
19760613-100522FIN197621976040119760613    6372877035.71     503407804.59        0.58        0.50        0.08     271446874.16  932492798370.34    4981602423.52    869587968   1008130474sRWWIhWVTcdKuZKNfeibPUSU                                    
19760613-102331FIN197621976040119760613    5718424227.99     979546587.35        8.22        7.07        0.17     451132992.12   68659828174.46     236720704.11    119196218    1386476160000000213
19760613-121918FIN197621976040119760613    4034178367.68    2274164817.93        3.02        2.72        0.56     109900906.14  432614932694.54    3844410893.33    753378890    8362227380000000112
19760613-173202FIN197621976040119760613    1390784812.23     858739919.23        1.12        0.96        0.62     893231517.54  913968726744.83    4731085972.88    768214895    8941605850000000271
19760613-193359FIN197621976040119760613    8847464336.10    4932379482.08        9.10        8.58        0.56     619135941.10   79275181758.94    3422713613.20    541931676    5751928260000000309
19760614-024227FIN197621976040119760614    4979280058.55     542678025.69        1.07        1.06        0.11     660777552.26  794413056075.75    9536643056.58    504827769    5109096510000000406
19760614-115022FIN197621976040119760614    2662361600.84    1409936591.70        2.49        2.25        0.53     350455812.57  898471686098.33    1752451621.39    565863849    627528922XUhuCIMVvmnSqMBPsPTqVPeOhOJjWFWHqbzvsVmNTAFOvA              
19760614-193027FIN197621976040119760614    3562644248.34     200682142.40        0.41        0.38        0.06     945618990.73  441074529376.70    3704838250.16    486772003    530394690kCGxWShTICEMykTPjwUmen                                      
19760615-023520FIN197621976040119760615    2866402053.98    1875555150.63        5.02        4.61        0.65     642807420.55  951405038999.49    4343609556.79    373956204    4069285070000000204
19760615-090251FIN197621976040119760615    1632852693.00     802742472.35        2.46        2.18        0.49     221152870.15  626761660913.59    2592480513.97    326723972    3681135710000000315
19760615-144936FIN197621976040119760615    5302650906.19    1712058550.53        1.72        1.65        0.32     969530435.33   22522977499.11    2830582166.01    993474358   1038991960sQMThSisLgECOomFbVEUzIKGRTZPMCUNaSOgnCBEpGlqPoZzsLVmKn      
19760615-145619FIN197621976040119760615    1652044727.48    1082259108.12        1.97        1.85        0.66     918311398.66  634365241479.72    5446607291.28    548599872    5838087610000000430
19760615-192058FIN197621976040119760615    9323292977.68    3150820004.82        4.48        4.31        0.34     287219548.79  418744499565.59    2121182330.89    702875558    7305580260000000181
19760615-235542FIN197621976040119760615    3435390598.17    2291903170.42       12.87       11.67        0.67     390196782.18  371076893239.85    7355146149.34    178048439    196316112VXpGhfFbmgISLSMZVQlpBtNxkRhiLKvoTFIEKvFgIOL                 
19760616-055937FIN197621976040119760616    5485975837.64    2705501370.58        4.77        4.62        0.49     901896765.23   65976321795.64    5938767949.78    567390752    5853344570000000255
19760616-073414FIN197621976040119760616    6995811778.50     187214610.22        0.61        0.61        0.03     712731703.76  650755776489.69    6992753467.66    305489665    309224786iXUGHHxqpzQXrsqqQTEnuXFxroDeijHhLDuSP                       
19760616-164458FIN197621976040119760616    8366945660.34    3056913738.09       40.67       34.32        0.37     757407884.50  425002634147.24    1768185350.94     75159775     890685760000000286
19760617-014916FIN197621976040119760617    3459031780.97    2302650480.99       10.16        8.96        0.67     642585907.66  302996499192.70    7142918874.05    226622684    2571288320000000248
19760617-050320FIN197621976040119760617    1766624088.95      42837346.71        0.15        0.14        0.02     619064589.08   83923103037.53    1361422728.88    288214211    3097975810000000212
19760617-122833FIN197621976040119760617    6542187904.25    4333341471.85        6.51        6.04        0.66     494558912.38  961543669733.43    6147190150.43    665524876    717257137UXGHkVXHONXySRVzmlfgOKLOPXECLsMMjGzHJnirREX                 
19760617-195532FIN197621976040119760617    2505475829.11    1452165340.11       21.65       21.51        0.58     526065495.76  817779794511.13    2527448173.68     67078562     67505784vnbESGDLPDBDVwsKNSXPqRYLGXjuxVJrQDsEcEVAYIyXWMFThaGbMIZNd   
19760618-052448FIN197621976040119760618     174774505.35       5603540.87        0.01        0.01        0.03     334202995.28  848082015909.42    9460501226.65    954164250   10462707380000000305
19760618-151251FIN197621976040119760618    2753524277.13    1063864847.58        5.32        4.55        0.39     322437517.29  937997002983.00    4571931188.79    199809819    233919482vYoIOxDrItARtHaxNNHDZTFUGnBCypH                             
19760618-173401FIN197621976040119760618    8507929442.41    1184145108.04        1.65        1.64        0.14     735506690.12  381173733509.00    5253933802.54    715905256    722446408UfcuAUDQZQksFjdfGJRrKH                                      
19760618-204925FIN197621976040119760618    8270337585.92    5608920352.16       40.16       35.53        0.68     669790716.98  927889455731.79     140334671.34    139672117    157865696gSPTnEYnBdFkIWPfTapBoPBM                                    
19760619-042544FIN197621976040119760619    3994327372.69    2518656578.71        2.63        2.24        0.63     479760737.07  739941531553.64    1895904853.84    957082773   11221276990000000000
19760619-063659FIN197621976040119760619    1507983531.38     673780070.68        0.92        0.79        0.45     413024980.77  940076685496.81    8160188958.44    734183742    8549222920000000023
19760619-082501FIN197621976040119760619    7748682209.94    4315970482.23       12.67       11.20        0.56     409800711.21  901174641616.80    8570280473.59    340533456    3852156980000000185
19760619-091732FIN197621976040119760619    9560685079.61     138806174.89        0.61        0.59        0.01     518560838.37  184759843620.71    1729872361.29    229260134    2360857530000000144
19760619-181818FIN197621976040119760619    4721271346.33    3198842662.74        9.98        8.95        0.68     765197864.21  294060991501.58    3618534810.22    320538390    357507194VPfRrzGJDSXFSOgYEIxOaJaDXEAMCqvMuZEQm                       
19760619-201530FIN197621976040119760619    5814511150.49    2209030518.01        2.32        2.11        0.38     607055915.26  819375471016.25    8826624218.31    950186663   1048455682DFtzdGBZQJGFCIiMNuICvvvwexqDuGZkDFHDeYcSUt                  
19760620-012013FIN197621976040119760620    8361350551.73    2991026219.11        3.47        3.24        0.36     903533108.51  266004312358.84    3076504397.87    860891025    9242223330000000408
19760620-065950FIN197621976040119760620     554655038.17     292122020.25        0.52        0.50        0.53     232244232.28  299686547592.19    6842206922.06    559398288    582898093oIQejJbSLBWXaQIsuHTVgYmfsffAYKYVcOoxXezynfpc                
19760620-144237FIN197621976040119760620    7242196155.64    3710768534.08        5.36        5.18        0.51     786801621.12  421800641682.94    5679232091.93    692878071    7166794270000000217
19760620-231415FIN197621976040119760620    2416135846.74     157837069.28        0.36        0.34        0.07     396655444.18   42109037698.91    2921975918.15    440900507    458962467gPTmHDJTicoYfqSbnVEHCVRwvFTKJwFmBdaoQOUBGlNRgAScbaW         
19760621-041932FIN197621976040119760621    7798167670.99    2691509947.44        4.68        3.90        0.35     665778769.63  924456789140.93    5333520949.15    575621327    6893060010000000129
19760621-055938FIN197621976040119760621    9264687817.43    1523893585.79       25.92       24.66        0.16     320147999.66  786023307541.55    4250899954.21     58786692     61786826WWZnPQCzopSOWpJARPzEqydPAK                                  
19760621-062507FIN197621976040119760621    6065152591.41    1758915849.67        2.80        2.71        0.29     593764576.23  313344718210.71    6757658867.25    628217666    6496719680000000300
19760621-112123FIN197621976040119760621    1686208049.81     376336841.17        0.44        0.43        0.22     619323529.34  213864720235.00    8256590892.53    849673514    866699816FkqRCPDzQSwBVrQO                                            
19760621-125931FIN197621976040119760621    3535775683.39    2381569345.88        3.06        2.98        0.67     517286222.66  755398502735.63    4660009525.92    778329335    7999829810000000002
19760621-224751FIN197621976040119760621    7785599869.19    4822989476.46        7.26        6.78        0.62     941639117.83   31292979979.76    3481512525.75    664221398    711010180qOdVHYxDVZvGNRKGYVTrFSwxPzXxkMvZgmZdThHHL                   
19760622-054706FIN197621976040119760622    2627993098.99    1750380035.82        3.17        2.95        0.67     463348983.12  928238979210.56    5900166875.01    552712958    5940765830000000395
19760622-082349FIN197621976040119760622     731731378.56     245904322.96        0.63        0.60        0.34     680324347.37  176311678021.27    2040125189.44    390778130    410753572QTlJJPTwTIKGjWucWLFdQIFqUFDViLqZHmopzBSaxPctxonmQDYpdPzwRDD 
19760622-141706FIN197621976040119760622    8530111258.19     118657133.72        0.32        0.27        0.01     601271749.09   22573700460.12    6545465475.16    366684905    439251814jmClCXBcZwINVyetRxHbWYRbsYBIFkuIGtecXWIN                    
19760622-215808FIN197621976040119760622    8806940129.32    5755619167.41       19.02       18.21        0.65     602433117.95  735191352786.66    6499896572.25    302530289    3160754030000000136
19760622-231948FIN197621976040119760622    6960674078.06    3882016922.11        6.36        5.53        0.56     179056181.41  735714649205.32    5172749611.41    610749332    7024473800000000168
19760623-005218FIN197621976040119760623     274097967.75      25326653.96        0.13        0.12        0.09     274037420.12  562710248728.59    2011621236.90    190812300    2164197640000000272
19760623-063707FIN197621976040119760623    7056643711.93    2237313043.31        3.79        3.21        0.32     256716406.66  367828115002.99    1037418692.87    590718865    6977657480000000055
19760623-124429FIN197621976040119760623    9312335636.40    5460913625.39        7.47        6.23        0.59     874716562.55  998135638182.39    6190598405.88    730852820    876688541IHAiIELZmpMXSKIrRVovqarZpwJMeyEpSwQWmbjcix                  
19760623-201324FIN197621976040119760623    7208332118.13    1708818754.10        3.13        2.62        0.24     305496807.93  282577067134.30    9702521505.96    545174718    651443149VJecwNGRKWWFBmyGzHnLJQDTAFYJSdZYFIIDBdQdB                   
19760624-042908FIN197621976040119760624     625984446.32     207604088.15        0.37        0.36        0.33     507097194.80  302480118562.54    2708015363.89    567336802    5723106700000000135
19760624-055634FIN197621976040119760624     269569593.29     108490864.76        0.25        0.23        0.40     569697926.75  513020224266.99    6821739391.05    427052791    4705289790000000306
19760624-075815FIN197621976040119760624    2191267109.23       4015064.89        0.00        0.00        0.00     727811305.28  145300561204.17    3776350969.47    949485936   1015608959nUdcNsETZCLxuPVMKh                                          
19760624-092515SECAAAAAAAAAAAABDZCOMMONACTVQtBVmhtIQyCVIdWpAhEDOeLDzUuCBFJOMUJUbHmxHuWXbzUtrsDhYUUBrZ            NASDAQ140095168    1942063018871129        1.490000000432
19760624-101336SECAAAAAAAAAAAABEFCOMMONACTVKJLoJBRcVQKz VWoBCTqHkfebJIRZuqjQoCjhBAcr dCcBBQFJOQQiBnYCF           PCX   52229577     1960051919101126        1.19DIPPjcmxrwIwYNRnOzSotzgUkufjD                               
19760624-154917CMPbtgZOqGEQnUCTEM                                             0000000442ACTVMPBB- 186808245902 Lincoln North                                                                                                                                              79935       Chattanooga              Saskatchewan        United States of AmericaInfield                                       fgPCRyQMvXLKofOCAinfdrdDwawDTrIFsbrXCQMyarffEbWAqwrVGZfGZDThbNJ wzRvYnogPGTUEGEbgDSJNgxNOfBdVgovCQtHTDjJAI iILMePSgmxOaHSSOdtPQPRMj                   
19760624-161044SECAAAAAAAAAAAABELCOMMONACTVXpcEmpVNUsfrbvLgWGhbGuSxC OrBBRRrINOALMEKzEIcLiRYLFMLymSRohOvGFmA     PCX   615415007    1880060319560425        2.99mnNgVrFLivNTSCpRnzfHJmqRcwjNTpSUAD                          
19760624-214241CMPOYXVSfKMOMIoqoqyViBQCKrMkjjkYFvMXfa                         0000000406INACMEBBB+193111017000 Ansley Lane                                                                                                                                                V6M 1Q9     Lakewood                 HI                  Canada                  Mechler                                       MRBBIaGEvXeOIRLFqHwPKBQTSyQzUgJeOWZoihPSagdRCAUxZHaVUJjuAUtIAHfZUJM                                                                                   
19760625-014014SECAAAAAAAAAAAABDYCOMMONACTVGoAOVP LBcXriQJqYJESGokMSAhelaKTqDitCvThtEvSlKAlDJDgjII               NASDAQ80264966     1949120918561202        2.250000000007
19760625-050025SECAAAAAAAAAAAABEEPREF_AACTVmgQMkttBFKUtbQUUdxnNkkazJBbEHfYKWPHPQIXVEEdCPnQILfRva                 NASDAQ120965724    1940090719221208        1.900000000217
19760625-132925CMPAMSFHeuTHMfEnoZTASlnzrGJxgxZQHFZmXwXOISqJdBTIUOcKzUUqtU     0000000440ACTVPAzaA 192705094861 Cartlett South                                                             Apt. 821                                                                        23262       Riverside                ID                  United States of AmericaGisi                                          QSnzUpvtWPkELkDYRgbA NfFK LPcWEaSMPiUAOkHP TeLnoVUjsfbJoLYglEATVUdZVeKtUXQJLUXWDIFvSADcdUeEGKMgOMuTvqGOCzSPbU                                         
19760625-184503CMPbsdekQUMqXLHtbqxHEGSQHWVQU                                  0000000445ACTVCRCCC 188604302378 Gaines Court                                                                                                                                               77040       Bakersfield              WY                  United States of AmericaHeter                                         wwYCLQHgdVjoVOMKLAgBRe                                                                                                                                
19760625-225002SECAAAAAAAAAAAABEKCOMMONACTVvtHrvlziIJWvPWmQpelLxYwCITeU                                          NYSE  409813764    1864110919150606        2.36HZexZLWkLQrVKlABNLmRFIEvUiOG                                
19760626-043822SECAAAAAAAAAAAABDXCOMMONACTVejCoCWIlXiTdt                                                         PCX   183061931    1894022619610609        1.41YGODXTYUYQHKSUzVdmTrHaaZEgiuZLXAwzvjFZMnWXdUSECjfiOJYU      
19760626-052946SECAAAAAAAAAAAABEDCOMMONACTVVTPgCDUKMCSCL ECGNJhrQhcVWGBFpPiJt TIKKwYFGdhSCPFumCuznGjHNpuWmKC     AMEX  495875171    1949102619501103        0.120000000151
19760626-141452SECAAAAAAAAAAAABEJCOMMONACTVtMpmHPsGgPcZtsrTsFysTQyPVEHCvbfUsHsJ                                  PCX   387453841    1909072219020407        2.24qKjXPsBHCteFFjjVUJyGXLGVDBNKBTSUHGZTe                       
19760626-232928SECAAAAAAAAAAAABDWCOMMONACTVTYhFCUFEMDsGoYDMSKVwyB ZJoPjQUVOCCCbEGKIgCKAWFBMUkicHjaQhCKefYz       AMEX  470672934    1885070218570822        2.700000000300
19760627-073246CMPBIAjLoQnvcAuTKO                                             0000000438ACTVCLBB  1971032615338 Hutton Upper                                                                                                                                              94090       Brownsville              GA                  United States of AmericaKolding                                       QFxJQMPChyoqiVzCn NsJZERdxmVDhTVbkHIwBpRAdSzPsuXCJJurAiJwTkDUBCxgSjhQYfDEf                                                                            
19760627-134617SECAAAAAAAAAAAABECCOMMONACTVtcEgKJPaILGFDRJLGcNAMGQdOAyS                                          PCX   529003988    1927121319651231        0.300000000222
19760627-230344CMPoRGNNrgThQUnEmQEBicROpjVRDHFEMrGWKzRmHkiLAnywZDjT           0000000443ACTVRSAA  1887052118179 Deerwood Lane                                                                                                                                             V6H 1S8     Waterbury                IA                  United States of AmericaSapienza                                      KfOZAJQFt Zb NJSqJVahnqrvjpgGIIwTelACyRNTIwNDDfrRSNwDv                                                                                                
19760628-051338SECAAAAAAAAAAAABEICOMMONACTVyMDuTPeMCJKiFrWHMKWmmdS                                               NYSE  891847457    1907101819681012        2.34GzDXOWXDABSzNrogrDpc                                        
19760628-072242SECAAAAAAAAAAAAAWJPREF_AINACXO msOuHLVl                                                           NYSE  132507101    1855112518960707        2.090000000158
19760628-142814CMPLKBVREITWAGdZFUEVUWVAjDmXCgNxcxktOKqRXyQwUWOU               0000000436ACTVBSAA- 1931082923750 Bellaire Lower                                                                                                                                            46214       Rancho Cucamonga         MT                  United States of AmericaLenis                                         IlWyMMZnMx                                                                                                                                            
19760628-155257SECAAAAAAAAAAAABEBCOMMONACTVBsRSBC gisUWAFNRvLBGEJHEmdz                                           AMEX  984986211    1878021918900118        2.540000000187
19760628-233754SECAAAAAAAAAAAABEHPREF_AACTVPJDaSdEPYhCSXhqMeWVItxnTULCGjArCsADVZIIfmlatGMEN                      PCX   459600840    1914031719020731        2.130000000259
19760629-055904CMPZXHASVkNUuzWWUkDqMZEMlGDXIINzaKCXYeheDKilklKo               0000000441ACTVDDAA  19101113685 Landmark Avenue                                                                                                                                             48089       Lexington                AK                                          Hawn                                          HBRHMmDAGtoIIsIRMQSWkIDYFiURHmYjRWEJNJGsmOifmDutf                                                                                                     
19760629-124337CMPvYoIOxDrItARtHaxNNHDZTFUGnBCypH                             0000000291ACTVOIBB- 1862011717343 Darlington Avenue                                                                                                                                         T5A 1N8     Rancho Cucamonga         MA                  United States of AmericaDaugaard                                      mEBHfjIPShXUMcJzdwkmTNCCLRDmTvyUUPhGysLlqBBHLCnJZcYvgyBNZjYIrrbaFrlQgBAuRuxAkTfHlblZoCdKMXPdbURafhMsfFMAVGOMY                                         
19760629-195659CMPDehMiKMfuqhYRLettJeFDmJyFhvPoULlPCYWFQXOtqAUCZZjwNgDZY      0000000439ACTVNGA   1905121515258 Winter Oaks Boulevard                                                                                                                                     77115       Brownsville              Nova Scotia         United States of AmericaBrandt                                        brNLxGDNWyYGMHfxNjTUnljdrEKodAxvQzzHUCuwaRrwwRDOuLBullbGUHNbBexRfSrAJAUEpEuPpgkwnZSxdVDLoWZXXOAMAesYMZ                                                
19760629-235718SECAAAAAAAAAAAAAYPCOMMONACTVFFXDPPqWoOTwxjLT                                                      PCX   318917577    1929122519330930        2.760000000323
19760630-023809SECAAAAAAAAAAAABEACOMMONACTViXoTtVBIpFbGoGXQIT                                                    NASDAQ327867589    1912121019300615        1.370000000106
19760630-040046CMPBSyEXoGLJUVuEPGkDYcDEHfyTqmVvWBdQUtUbuxlyCHjDSMlOz          0000000444ACTVCVBB+ 186601303020 Fox Rue                                                                                                                                                    90008       Amarillo                 DE                  United States of AmericaSally                                         JcZUTVzLlolJSttjGgPHUbedoJYKasAqdTgYsWwIbpTMBPCYClVMACpERUaN zRMa djVkQEQZYFgnAtLgVFGDDNoOp                                                           
19760630-094306CMPNSMEaFTccsKXzswgHvDqlMebgbwOBSjePUIhcmTzKWD                 0000000437ACTVADBB+ 1922101518335 Savannah Drive                                                                                                                                            V5D 1M3     Carrollton               WV                                          Matsunaga                                     TrFlrBSBHVkLUDxARrFabhwHwBBVIaUESNLSiDQwbNJn                                                                                                          
19760630-181057SECAAAAAAAAAAAABEGCOMMONACTVrLmzcfhKyhbkwVKrfXpLpGUebRLmsRjipYRUMAZqToHIDgQxuzoPeGBSqMQN JpEMuK   NASDAQ930616726    1969021719141227        2.45tqlRQYAzmtTPakQfMSMZlHg                                     
19760630-235958SECAAAAAAAAAAAABEMCOMMONACTVRDRhRkfRFsDlLHwvnTJa miujLcSNuygLkYsPjwsh                             NASDAQ939206440    1909082519020619        1.820000000430
