19741001-093008FIN197441974100119741001    5152444630.27     351109926.78        2.29        2.28        0.07     534520496.70  952084591902.84    6097148082.62    153255054    1536589950000000356
19741001-132302FIN197441974100119741001    2684744476.89     241944136.57        0.28        0.25        0.09     739234287.39  639862024420.50      34518485.39    857674430    972518468qOdVHYxDVZvGNRKGYVTrFSwxPzXxkMvZgmZdThHHL                   
19741001-220428FIN197441974100119741001    4616671791.16    3208005926.34        3.52        2.96        0.69     944584584.42  895402817190.65    6172701744.18    912424674   10840001140000000297
19741002-012445FIN197441974100119741002    2068164836.58    1424655923.21        1.88        1.80        0.69     575982515.51  682083566573.94    4425502040.91    756674388    789484004GQgODZYcTEajaEMYDrWGoMdiJOENBaMGcnwYwuNTRPoOXXVjWD          
19741002-021306FIN197441974100119741002    4598327853.68    2135474122.39        2.75        2.54        0.46     538181690.65  589538890617.07    1194992129.79    775423730    8397602300000000162
19741002-104750FIN197441974100119741002    6750959987.29    2857908435.11        9.44        8.86        0.42     499137375.25  629733262463.19    8215735310.66    302824797    322720908HEGOhdnxjYISpGXhRRUQahEU                                    
19741002-124144FIN197441974100119741002    1008969437.48      36514516.42        0.16        0.14        0.04      11707481.94  984582971241.46    3868323250.58    226554055    260682179qudERoimJkOWiyHWWzVJVdUHAjrTJ                               
19741002-185833FIN197441974100119741002      60860793.07      24977627.63        0.30        0.26        0.41     143101822.57  583451109751.43    5945138144.07     84490547     969979720000000165
19741003-041003FIN197441974100119741003    5585382270.09    3774819539.36        4.48        3.74        0.68      18098675.38  597647513359.54    6918595820.34    841684328   10092999460000000268
19741003-094217FIN197441974100119741003    3564759767.79    1791112043.40        8.81        7.81        0.50     100392876.73   42344712301.64    4953867004.15    203200458    2294534870000000004
19741003-204038FIN197441974100119741003    3071226854.80    1369128982.48        2.53        2.38        0.45     182080947.72  769953616955.68    6663448912.02    541819095    5749689660000000305
19741004-003348FIN197441974100119741004    4882255538.00    2952527224.37       10.12        9.01        0.60     274367103.18  781301460744.07    2538125298.90    291745893    3277537150000000215
19741004-051130FIN197441974100119741004    7686412337.57     317519445.09        0.58        0.51        0.04     256459713.27  436782924724.32    5181923506.61    545677850    626029907SOPPuOMCTbeveWIKDERTzYxQZoJMLnCRCTOnPlMoXbgwuX              
19741004-072758FIN197441974100119741004    1235898355.27     741443090.73        2.88        2.54        0.60     204310290.33  702068213419.97    6205656243.00    257718201    291829243sOinkIiTdaWTBlAuXFDL                                        
19741004-090246FIN197441974100119741004    5706154766.63     541606376.93        0.60        0.59        0.09     259764833.96  766621623587.15    8015875759.57    906074362    9254790800000000278
19741004-202828FIN197441974100119741004    6473307632.99    1754677339.10        2.07        1.73        0.27      45291010.15  976127443634.27    9910692899.94    848390790   1014454748jTZEOvrZoPvhHhEVycMTgdSeDAHkDvARlkstBVErphrWGVaKu           
19741004-234002FIN197441974100119741004    5831864235.62    1083378287.70        1.59        1.57        0.19     703742801.52  384366032908.91    4265298952.55    681264432    6891653050000000343
19741005-015628FIN197441974100119741005    9335443739.62    1472437132.21        1.75        1.65        0.16      18881118.97   64847484439.72    9038323332.85    842143619    890334402aaCRGOKapDAmHhNFT                                           
19741005-111735FIN197441974100119741005    6469426937.87    2803364213.69        4.99        4.37        0.43     711543372.87  528388043500.91    8023667717.98    561534286    6417889140000000143
19741005-200334FIN197441974100119741005    6790639327.87    4355992044.37        8.39        7.79        0.64      84923490.89   14383225964.02    9387146448.28    519048144    5594268520000000187
19741006-055214FIN197441974100119741006    4501955604.08    2472782430.64        6.78        5.98        0.55     502705199.27  955617666524.35    4414759164.88    364811575    4135648980000000248
19741006-133724FIN197441974100119741006    2489945959.99     140499935.79        7.99        7.27        0.06     523791027.61  753259345043.27    3296277758.44     17592616     193181000000000086
19741006-155640FIN197441974100119741006    7907993501.93    4855717581.75        5.21        4.49        0.61      33142847.52  391545216473.18    8012042365.96    932250839   10802787780000000296
19741007-004626FIN197441974100119741007     952413073.01     163894416.23        0.17        0.15        0.17     988346163.84  776246114712.03    3865109320.69    983400193   10585502530000000038
19741007-095717FIN197441974100119741007    6447896930.27    2299325141.68       21.01       20.49        0.36     646404288.12  188179206697.74     895594309.70    109433533    112198946kdkMSIAUXjfEwPBQSgTKSIKmszCtWWXwKGVRUzPODH                  
19741007-160107FIN197441974100119741007    1512926557.29     415903312.79        0.63        0.55        0.27     444814124.76  142261396389.23    8415248898.38    657499779    7495417120000000168
19741007-223038FIN197441974100119741007    2415189089.57     566448772.42        1.95        1.75        0.23     533472440.57  580755586148.81    2813992523.31    290504359    324046784VXpGhfFbmgISLSMZVQlpBtNxkRhiLKvoTFIEKvFgIOL                 
19741008-012412FIN197441974100119741008    8425530436.88    1766619583.16        5.25        4.52        0.21     666743045.21  477587680613.60    1428003504.18    336728059    3910390450000000203
19741008-065726FIN197441974100119741008    8147689788.84      13494519.99        0.07        0.07        0.00     677620671.29  784781177856.98    2284140059.39    189639452    2034558610000000225
19741008-135656FIN197441974100119741008    6056648473.82    3493954287.61        6.84        6.79        0.58     374711732.44  792907470719.92    5664552624.49    510780564    5147848030000000140
19741009-005510FIN197441974100119741009    5557160786.15    3005583936.66        3.51        3.31        0.54     887313896.67  272567690989.32    2729662241.90    855281363    906733929eZCQjyMmFdRWexdtIZLQhOOJyGrGYSQXYtwRPBLnMHEfMTMFz           
19741009-035700FIN197441974100119741009    3374553460.56     160504650.94        0.29        0.26        0.05     266601070.38  662264123313.82    9331236602.06    546908384    609915512estGmMJWXVNYIvVp                                            
19741009-122156FIN197441974100119741009    9604643607.33    1425698959.64        3.70        3.09        0.15      73918604.08   76679704743.61    9125063685.66    384877479    4616943030000000363
19741009-174513FIN197441974100119741009     358708238.22      48291170.20        0.14        0.14        0.13     859134711.06  643410043543.32    5653597524.35    339040525    3414200580000000015
19741010-015619FIN197441974100119741010    5765884701.44    2940540358.88        3.20        3.06        0.51     623634360.35  402065693274.07    8231610958.13    917871444    9609265070000000023
19741010-044907FIN197441974100119741010    3910381363.03    2546643930.45        7.06        6.29        0.65     952338209.56  290804465838.84    1817172945.45    360488244    404960478aEtoHCAkXxCAvEviwEhZNfiIcGEtFCUq                            
19741010-085616FIN197441974100119741010      45334712.41       5422543.56        0.03        0.03        0.12       1439286.18  228982930345.62    6333802825.93    184061749    2092558230000000226
19741010-094949FIN197441974100119741010    8664310690.93    2527613871.54       16.16       13.60        0.29     714734456.56  623480094842.13    9059329792.15    156374005    1857956080000000265
19741010-163938FIN197441974100119741010    3072748478.98    1821469790.96       30.91       28.61        0.59     712815981.21  315539147809.86    4301636583.85     58924308     636671320000000299
19741010-203842FIN197441974100119741010    9913476853.53    6901797261.25       10.26       10.00        0.70     821900089.11  722909280294.35    3755637822.28    672675046    6904980510000000327
19741011-045115FIN197441974100119741011    4147177059.12    2565349059.71       10.15        9.78        0.62     213466248.43   88202336003.38    1523755389.14    252831052    262297452jUcWBvgxKjCwRpvXoIjBbXiBA                                   
19741011-050754FIN197441974100119741011    5849342956.37    1166201006.44       17.86       16.86        0.20     312043357.77  512680208701.02    6435171216.14     65294370     691588800000000160
19741011-160116FIN197441974100119741011    8802580462.38    4720522702.99        8.15        7.80        0.54     685253943.89  412343973105.48    6084882758.62    579179890    6049894950000000021
19741011-185527FIN197441974100119741011    7766695082.01    1601945124.74        2.89        2.64        0.21     950354764.66  973403542752.83    7306215955.86    554828242    606929305vrgJXrrDqYMHGmKLJuguAOGzQyGAZjXZEgWvPnFNSMEEcERsNHAVTXi     
19741011-235837FIN197441974100119741011    2049469607.02    1092971799.68        4.26        3.94        0.53     273454807.14  626030285450.00     766867380.13    256523706    277557386dGTSaPOJMHvtCCHelvrPOQXnY                                   
19741012-014836FIN197441974100119741012    9377044270.11    3450531111.01       21.73       19.83        0.37     255781654.95  234219955403.03    1069651218.04    158774513    174046641pJIzRZJpGSTuQYQXaVodUJTsvkryXgSHUyImKup                     
19741012-124409FIN197441974100119741012    6303206760.38    2622481302.35        2.99        2.70        0.42      63235524.07   88319722566.46    8020007978.43    877013217    9721290900000000252
19741012-135038FIN197441974100119741012    3628924094.98    2241932929.68        3.88        3.42        0.62     662978239.12  698043891088.27    8210031642.84    577136010    654978095hcPDGWJeqNhVOJEHQzDTICfkFUCNaLlcnCkzQvSJALfIzRb             
19741013-001237FIN197441974100119741013    6518507088.03    3045054800.83        3.90        3.77        0.47      34287403.23  723041874244.16    4334181734.60    779888438    807938112QNZUltgBGCXGYshw                                            
19741013-081045FIN197441974100119741013    2745889398.97     110086055.71        0.83        0.72        0.04     448941594.56   56836864357.10    5223079624.44    132990696    1525467200000000328
19741013-130523FIN197441974100119741013    6673530616.95    4003630487.24       37.94       36.35        0.60     377325153.44  358836631606.20    8246724736.16    105519683    1101511910000000260
19741013-212649FIN197441974100119741013    3832066140.61    1232516324.27        1.41        1.23        0.32     290199317.64  391119907488.75    3292282333.94    875370583   1004115526XUhuCIMVvmnSqMBPsPTqVPeOhOJjWFWHqbzvsVmNTAFOvA              
19741013-213638FIN197441974100119741013    8087763245.71    3533778230.61        6.67        5.85        0.44      54390214.19  372766447568.33    7068338326.18    530023295    603877751VFPdVkRgURQBNEbzjlLXHmVAaEVWSCWcJXimOnutgjQJTPAYiGf         
19741014-084506FIN197441974100119741014    4808422304.29    1437022331.41        2.41        2.06        0.30     802418946.62  431589339917.17    8331464497.32    596231859    6959518090000000258
19741014-120905FIN197441974100119741014    9557684532.83    5145073789.95        6.31        5.82        0.54     482819949.03  722766380336.87    4409184057.21    815324117    884612347OFXkAvOWFaQBaCLYRJPSSOulUwBYSzhS                            
19741014-231819FIN197441974100119741014    4209699411.33    1583424908.65        2.02        2.00        0.38     589651199.62  732157217338.38    2629315577.20    785154215    7929623140000000264
19741015-043628FIN197441974100119741015    6663305397.35    1937551899.21        6.34        5.88        0.29     430679562.24  900062165354.09    5399319385.50    305581124    3292929020000000089
19741015-070353FIN197441974100119741015    7850065546.31    1180024120.11        1.33        1.29        0.15     590507217.69  781474080521.37     199718887.68    883945997    9166048040000000298
19741015-183121FIN197441974100119741015     970836467.13     143315991.98        0.74        0.73        0.15     591846437.13  459303214112.71    1550114880.64    192383872    195906155XRHEsIMnqEiPOnfAJBLTVbfGKETfCFVYROPP                        
19741016-050629FIN197441974100119741016    2834179833.32     211060042.87        0.27        0.23        0.07     955111335.22  657595303061.26    2794758506.87    782965103    922249463kdvQFOkTaRvHCXSCLaPlNRXoWjrExnrSRpYQlXqFQvRky               
19741016-051306FIN197441974100119741016    3819861185.16    1322315175.61        1.68        1.50        0.35     269453661.75  274939029651.56    8348552029.45    789257106    8813406120000000184
19741016-131417FIN197441974100119741016    2337271951.80    1432226537.29        2.94        2.75        0.61     735913992.50  204239756821.24    1856643560.65    487956550    521615184FXFYeNQJTmypAWxzHPOBgNFDcXaQQFB                             
19741017-004138FIN197441974100119741017    5323481623.56    3364869459.75       25.80       21.71        0.63      69243133.93  193806183956.30    5007833069.30    130418719    154989127gGWmrXJoqkjXNgwDRfiWhPTGZW                                  
19741017-031335FIN197441974100119741017    3399381421.35    1925302468.76        8.14        7.03        0.57     666729554.28  306321285824.58    1117698313.04    236486798    273854555HCyVIHyFodPADbGORMCBjByxRTESfBNDTPBZrsTBUACleKEVFjHkSOorMc  
19741017-125957FIN197441974100119741017    5722360203.03    2440244322.00        2.57        2.50        0.43     551281982.41  791803131918.14    2829168227.87    947741087    976814530qNBRLBcNHRMNCOGgoLutSmLjluU                                 
19741017-203035FIN197441974100119741017    7530479874.29     238919502.10        5.95        5.11        0.03     693415015.71  998119183761.81    2368740222.28     40121789     467442470000000335
19741018-074925FIN197441974100119741018    1856533453.50     783869234.03        1.08        0.99        0.42     805526057.64  742084329327.88    6014632795.78    726037806    793347290diqlqOsDpYaNQhSPBbXhMXocCDXEfNMfLDMDHOdpovsklTN             
19741018-111557FIN197441974100119741018    2201313031.58     347837183.80        0.78        0.66        0.16     366942416.27  482507109083.31     384275345.39    444694604    525471524DFfLCWNBMANVNNVospfGiAJTCJrfFqKRzfHTFdNDAvQwIcZ             
19741018-205423FIN197441974100119741018     894084884.43     585598785.20        0.85        0.84        0.65     369737882.20  952461313203.34     723688198.59    691009545    694146748RICOfhFDpPHwKRHsmPHYTpTzGDeJMQruPEEdPICrMiweHGwOFQYNoQXZWIjN
19741019-051603FIN197441974100119741019    1959714976.81    1301449770.42       12.50       11.99        0.66     229487218.70  593718813769.00    4740703690.36    104103395    1085152700000000329
19741019-162902FIN197441974100119741019     888711047.55     532995211.61        1.17        1.07        0.60     248699016.85  379792678694.16     787409684.28    455515430    498196353OHzaLyFKQkeISJnxSTeShaOv                                    
19741019-212420FIN197441974100119741019    9669681895.62    1957943480.44        3.78        3.77        0.20     760294571.40  890225207893.68    6756878300.98    518523822    5186979190000000018
19741020-045843FIN197441974100119741020    8796102207.90     417437778.47        0.50        0.42        0.05     176330062.05  928525397302.20    6465335035.60    839167425   10056577350000000009
19741020-140433FIN197441974100119741020    6880903549.94    1111885580.50        1.26        1.21        0.16      19185568.60  471146745073.13    6969926724.84    882861090    9213192220000000208
19741021-002535FIN197441974100119741021    3251324310.98    1548689481.11        1.55        1.31        0.48     548179176.40  809360779531.21    5292651269.23    998666960   11847521090000000243
19741021-051435FIN197441974100119741021    2313801082.26     801663544.29        0.84        0.81        0.35     599225521.26  490815488335.34    6716957406.99    957918108    9921748610000000105
19741021-123634FIN197441974100119741021    2434802058.21    1167915064.19        5.66        4.98        0.48      46379296.42  600771937086.48    8706922154.71    206385963    2346336330000000288
19741021-231136FIN197441974100119741021    2538094334.08     783305849.84        6.35        5.37        0.31     208154811.90  848334458190.89    7077661658.34    123425414    1459329690000000244
19741022-102851FIN197441974100119741022    9907826642.00    6783552899.18        9.57        8.36        0.68     565219568.11  678959937213.76    5297999770.24    708840300    811204004XjSxlGRryfrgvCMaReGMEXLJuiXaSRQMSTRccKTbdXRVwcSDVVf         
19741022-165935FIN197441974100119741022    2244105565.06    1374452935.01        2.21        1.89        0.61     340693799.22  646305805129.88    2608956133.23    623003637    7259867240000000283
19741022-184815FIN197441974100119741022     987973227.96     547207888.90        1.89        1.73        0.55      78708431.65  888174057893.86    3974381051.75    289211997    316830746qRPVVdOiHOaRcVTAInDgjliDRKxjgWiFKZqiTVfCOkJATvp             
19741022-233331FIN197441974100119741022    2126074172.67    1305798337.94        2.62        2.22        0.61     976978722.55   97055097153.26    3247142416.05    497766380    5870681040000000219
19741023-095700FIN197441974100119741023    2145529319.11    1098252978.77        2.34        2.21        0.51     177910532.47  640143209681.56    3503331716.01    468900661    4972343440000000196
19741023-210828FIN197441974100119741023    8307969152.34    4955017708.37        9.17        9.00        0.60      23318693.26  925860108900.24    1746494998.36    540605416    550274763RhUQRxcjdEgKAzNIHpMnLOkaWYvDQqHM                            
19741024-055157FIN197441974100119741024    1425957046.78     697665938.95        1.05        0.91        0.49     329495598.89  820829943033.71    3263863253.59    664726547    7659626280000000180
19741024-084301FIN197441974100119741024    5204644882.85    3119138652.86        4.86        4.50        0.60     166146622.62  425459405958.04    6132803619.72    641418034    6932748080000000306
19741024-200650FIN197441974100119741024    6357030879.02    1570583324.68        2.09        1.79        0.25     898040196.55  462857404721.77     667081918.88    751129374    878766510KoviRxUIRFITXCLew                                           
19741025-073612FIN197441974100119741025    8377287031.56    1370337316.30        4.08        3.58        0.16     769822786.06  494794665188.91    1292439464.42    336180524    3824973370000000128
19741025-135042FIN197441974100119741025    5295973184.06    1139982520.44        1.68        1.66        0.22     607103577.47  655474028052.56     182604174.71    677014531    6882167930000000007
19741025-192740FIN197441974100119741025    9135453903.57    4487311507.66        5.99        5.82        0.49     896969221.41  186847565841.69    7366482231.20    748536199    7712435780000000025
19741025-201018FIN197441974100119741025    6959021794.32    1679190361.97        8.16        7.23        0.24     383499577.95   31715077131.28    8091600744.61    205680474    2322946010000000156
19741026-061414FIN197441974100119741026    4357000200.46    2473908539.14      145.47      130.40        0.57     787189585.81  667869824833.52    5277522361.50     17006539     18972099CVRXvUkWOxdMcWRMhABiVpiKwSnFEzHzbbeQ                        
19741026-093148FIN197441974100119741026    4732872034.28     863254356.75        2.19        2.01        0.18     515057550.23  867253947103.82    3217038938.14    394944660    429669239NiBcGbDvQsFXSbRxOUPzUvEKLCXRVlDFrhOUHduBWHC                 
19741026-193728FIN197441974100119741026    7647327362.16    3810839248.68       13.54       13.31        0.50     606360925.78  284978137164.80    4044001622.73    281548274    286386391OqAIeBICyTDaCjYBokKBWwGIbTbHykBtzpJVuZzfWHKRHbYByNSoGLc     
19741027-022437FIN197441974100119741027    2008099839.88     624575780.06        1.47        1.43        0.31     147004102.86  238536111221.26     431301782.87    425954335    437447590APFGGKwGWpknVSryuSjfSQJ                                     
19741027-040201FIN197441974100119741027    1096676281.97     535511989.08        0.64        0.60        0.49     973066430.28  122313528829.14     868560983.48    838957041    8856330510000000157
19741027-084935FIN197441974100119741027    1058291349.65     157198413.91        0.29        0.28        0.15     785751887.07  423253301497.37    7368673551.67    548044742    5598379990000000275
19741027-100318FIN197441974100119741027    6670395837.46     736831315.11        0.79        0.67        0.11      43476300.51  998539999825.63    7151981378.72    930858249   10961163430000000342
19741027-175233FIN197441974100119741027     994703319.82     348530303.65        1.78        1.73        0.35     952856793.70  731022622946.08    1070999996.79    195842097    2015880810000000051
19741028-040150FIN197441974100119741028    9714186161.43      38038575.10        0.04        0.04        0.00     782944529.11   55707854707.29    6752958642.78    911322443   1002001926goSRNVUkcPXyQRRlpYlGSMEPGClsCMX                             
19741028-103600FIN197441974100119741028    3795566933.76     828237462.32       65.34       62.91        0.22     826672319.81  548227325398.47    7618891053.98     12676258     131645000000000154
19741028-111112FIN197441974100119741028    9419203943.22    6055416209.12       15.87       15.53        0.64     758439693.21  214781186675.23    3779442321.88    381579525    389905557DIPPjcmxrwIwYNRnOzSotzgUkufjD                               
19741028-141958FIN197441974100119741028    4611500662.42     304432342.30        0.60        0.57        0.07      25061512.94  459055484096.23     882601609.82    506721912    5363720640000000048
19741028-194358FIN197441974100119741028     838504195.30     111558187.37        0.48        0.46        0.13     166157189.24  932085221401.42    8928839086.72    232103674    2418967930000000096
19741028-202131FIN197441974100119741028     619389315.89     153536552.08        0.17        0.14        0.25     795260215.09  131098335542.50     899428408.72    919833377   1087881115FCOCNTOPibcmwDBHblaHXU                                      
19741029-025724FIN197441974100119741029    6949588652.69    1801717293.86        2.47        2.43        0.26     425121238.12  477829819010.01    6824342012.58    728959799    7409310220000000284
19741029-043016FIN197441974100119741029    7210947949.59    2830052719.32      100.11      100.02        0.39     455893991.59  519236367164.36    7810055480.58     28268552     282948240000000256
19741029-094719FIN197441974100119741029     290003104.77     178947174.52        0.20        0.18        0.62     949532772.69  302669553110.21     847959409.13    876993520    9895702650000000043
19741029-111946FIN197441974100119741029     869030064.23     116406047.91        0.55        0.46        0.13     387929769.04  632236257370.56    6789186007.57    212772866    2529531450000000192
19741029-153742FIN197441974100119741029    1846222068.42    1157407264.90       10.58        9.50        0.63     365889635.40  434376743620.48     555697748.60    109348941    121849691RLjhtKlUmfoJhUDVTLrWpRzHYfKThEqzhoWNaWCnyGIpnDFEVgaiwbbY    
19741029-210032FIN197441974100119741029    1735301087.39     330931803.03        0.90        0.90        0.19     750745353.75  392637378910.72    8842056952.48    366064547    369283877gDMXHLTeMJMEiSAyKEnl                                        
19741030-003537FIN197441974100119741030    2694348397.13     790368576.09        4.84        4.32        0.29     758301764.73  345692713535.39     588005272.08    163377657    183152221QvlaxuqiNVtNVWlBOlQEiRKoaUgAX                               
19741030-073249FIN197441974100119741030    1644037277.53     109202688.49        0.12        0.11        0.07     496322820.40   79464174559.86    5475189779.39    886686073    999062418PTNTHCLWsriUMNBFhDQDGtmBPPNiLOSaNy                          
19741030-103613FIN197441974100119741030    5863920869.98    3143730697.96        3.33        2.96        0.54     768339059.46  154534942990.48    3842375950.62    942789421   1061953995qQNLoRKgByNkJNWWHSmbWfSfrFOWKnHMYJKOSyJjTS                  
19741030-190639FIN197441974100119741030    6447642221.09     249631597.77        0.42        0.36        0.04     157567138.99  884222436552.12    1570194943.22    591505301    684666776jnhGOQaSGPLzBRc                                             
19741031-014722FIN197441974100119741031    2006434652.13    1227311283.07        1.62        1.59        0.61      71983121.05  110165203421.06    4030249540.39    758941455    7708825620000000324
19741031-090415FIN197441974100119741031     745225783.42     271200803.92        1.79        1.70        0.36      85057019.54  902410294587.20    4455396366.68    151765976    1591211460000000063
19741031-125219FIN197441974100119741031    2907722811.31     448065201.55        0.94        0.82        0.15     926277783.06   93196209200.02     423869461.08    474693917    545749489yzVtIWYoRQKKPNbDwXqdBMdFXWIZfiTteG                          
19741031-144629FIN197441974100119741031    1027682468.62     614566277.59        1.52        1.51        0.60      82211680.61  324466862485.08    3799017346.88    404640484    4063881260000000320
19741031-190609FIN197441974100119741031    9953177858.54    4084189305.76        6.03        5.26        0.41     304480594.10  206316537539.60    9311839280.43    677393676    776875712NtOdvFBFUhCVdhuIepZmNOBReS                                  
19741101-045153FIN197441974100119741101    1857220465.92     903890025.65        4.34        3.62        0.49     461436059.35   99067152561.91    4982225246.38    208193302    2496352460000000045
19741101-055718FIN197441974100119741101    7698658099.75    5146595203.91        7.84        6.80        0.67     958346510.89  178664278878.44    5738003124.83    656159026    756895507rqMbvwSCBGYCGMEPKQeELcTKYUzuwRMWTqYPIirIgRbOCStxEXLeiAEZJCb 
19741101-075723FIN197441974100119741101    9957070521.61    1804377551.34        2.37        2.20        0.18     158010361.34  891845953313.64    9911961235.68    760308918    8188266390000000182
19741101-104700FIN197441974100119741101    9207894386.91    5547821336.49       57.56       54.44        0.60     599521820.98  265342440671.72    1206987413.34     96388119    101913578UOiPPAqTHALSquMEWyPKUQDUMJVXvMfKqTZ                         
19741101-180228FIN197441974100119741101    1958037975.02     873968013.31        1.95        1.67        0.45     231240083.74  978599256967.79    6751227784.23    447512687    523686441TxTPsLmGwimWWXASxFWhHELRSjbULIsdFngWTKprXoTR                
19741101-230036FIN197441974100119741101    4273430570.51    2447860347.49        4.10        3.80        0.57     168576318.86   68256517989.57     841747004.36    596357527    644037547daGGtcoTREcrZvEbKVXTGbZcgwEydZMugGTKPnwbTU                  
19741102-050618FIN197441974100119741102    4754075421.59    2449273800.88        5.47        4.77        0.52     470616021.66  465079263167.16    6553275174.94    447444289    5129388640000000266
19741102-072322FIN197441974100119741102    4116660546.73    2141452042.94      208.42      193.76        0.52     637464290.93  988097962327.94    7698922734.32     10274941     11052239hSAOpCrPCpgAkXnAJGTxFjcuADeHUaavHTPF                        
19741102-125755FIN197441974100119741102    2285038453.85    1149360966.60        1.56        1.31        0.50     637344939.35  102560139816.42    5710239803.02    737860486    8788098870000000267
19741102-221400FIN197441974100119741102    5865143920.16    3302221084.32        4.22        3.66        0.56     634810793.05  254234757118.10    2072464400.70    783313139    902789110KmmVMAnFFPQmIEPRJFeYqLOdwxWQuDObsQcTKGNrrp                  
19741103-055539FIN197441974100119741103    8864979772.54    5232192734.33       53.10       48.78        0.59     806286221.56  778219878003.79    4464714104.48     98533259    107258536mRkaSTdQLaAmtCbOhhWUDjaSpJDSMzunhtbLMIypoSnLFzQYmeCeUpuWd   
19741103-155915FIN197441974100119741103    7637921572.49    4242618831.92        7.64        6.86        0.56     870865043.05  237034017943.59    3835976529.93    555162560    618394788MsyYBSXNmpCCDtQsKITr                                        
19741103-171634FIN197441974100119741103    4522125136.63    2082139344.50        2.83        2.36        0.46     948184018.06  811392952781.14    3700862050.19    735334735    881320854SHuHLFwNwXBOULlQFbWKYVBrKPnFoRtjcMFSgqzBsfWO                
19741104-000936FIN197441974100119741104    7662682761.29    4412859337.85       22.07       20.85        0.58     401673365.41  878383351492.47    6438327051.53    199923055    211654686pCpCzKjHcYqVffAhFtKrpRMJCHZR                                
19741104-094842FIN197441974100119741104    5696974913.50    1544471527.83        1.74        1.71        0.27     395789153.91  836538219868.07    1511091716.84    885336290    904270087SvidWcyubUlaXFkZnmqETXvDJYaXITuhWLA                         
19741104-172356FIN197441974100119741104    2052867465.12     194557049.31        0.38        0.32        0.09     495500062.30  803046974376.24    3202383861.87    515844799    6120066210000000325
19741104-202800FIN197441974100119741104    2485181735.50     716713274.03        1.50        1.47        0.29     330089772.49  848195197141.13    8488285828.35    476823084    488775781qBMMQLoTVJXYOWHbqUadsqhStqZmMDQEYnX                         
19741105-072434FIN197441974100119741105    8406623690.60    4158352276.37        5.70        5.66        0.49     202174964.31  227361338874.55    1610405445.59    730095138    7340554850000000052
19741105-134347FIN197441974100119741105      93620184.82      11517466.26        0.01        0.01        0.12     299419355.11   25662285818.33    4039813258.91    803983296    924686136EVDrXsEiEnLdzKgVPyHxGfRHFwSXDLmBVPRuIGzcczcxVVXFnGDnNgo     
19741106-011009FIN197441974100119741106    3474963626.91    1548779903.62        2.90        2.84        0.45     444388134.80  654428266407.99    7231605899.79    533613497    5452605100000000223
19741106-022516FIN197441974100119741106     900268211.90     440717082.27        3.18        3.04        0.49     939702493.57  717548371127.48    4848389959.33    138397821    145006041QAIfXCkZkcOUWysYZNIrQhFKChnxkXeYAlUVoUXQtalpMEzkjpnJDLQMx   
19741106-112418FIN197441974100119741106    6214482285.19    3384640655.05        3.45        3.23        0.54     356383852.80  561430549249.99    6569884625.74    980535216   1047684007EVnyFUGFEJmFNaFNVU                                          
19741106-203517FIN197441974100119741106    5351542837.70    1464999651.66        2.70        2.26        0.27     292095664.37   50900157155.04    4706063106.51    543181670    6470428460000000050
19741106-232522FIN197441974100119741106    6878331676.29    1742178503.57        5.22        5.07        0.25     332033485.41  307666697054.10    4771009026.04    333526014    3439132530000000127
19741107-084625FIN197441974100119741107     291437838.61      12160292.54        0.02        0.02        0.04     293412342.12  694163888554.57    3066051720.50    702833725    751969043xtCKWBjqUKBQIRxNAFhHNGkothLlKEOJLIDZHCCNWPKwSBnHHcnYM       
19741107-144522FIN197441974100119741107    2647861751.69    1529362887.82       20.09       18.22        0.58     731013553.30  557288641512.23    1985775439.03     76109811     83922251vYoIOxDrItARtHaxNNHDZTFUGnBCypH                             
19741107-160355FIN197441974100119741107    6763005096.74    3170993470.31       29.63       25.88        0.47     972937870.73  857697105851.15    2105807193.46    107002894    1225351410000000155
19741108-033104FIN197441974100119741108    7710151855.13    5344747141.31       37.21       32.15        0.69     578408944.32   39068786066.30    1340725848.37    143627166    166260034iNHnTftjXfvHrITLJdLaYdULuwCuiDvUOwI                         
19741108-052213FIN197441974100119741108    6062388267.83    1106885313.37        1.30        1.19        0.18     328115609.44  633392960011.34    6238930646.09    854236419    9312483030000000316
19741108-130714FIN197441974100119741108    9236048807.78    1909312866.54        3.94        3.35        0.21     315188370.00  374954405022.31    2743155401.00    484833998    570189340YpbHzwUNEAFRSRGDoObqLpwydBbHFFewWSzCrbAQkJqTTzimOZOBxu      
19741108-143613FIN197441974100119741108    3773272871.75    1906889798.31        3.53        3.08        0.51     569299172.14  522924991484.30    1281375109.14    540332441    6196442110000000323
19741108-222058FIN197441974100119741108    1830711377.08     652561639.23        0.82        0.70        0.36     469998410.81   35980606872.49    3333200418.01    798313775    935485303KRtMROFTkhVPydRKxEDtVV                                      
19741109-095439FIN197441974100119741109    9656199152.87    5298965456.30        5.84        5.65        0.55     595895222.07  861441899461.70     392626897.15    907634763    9384970570000000064
19741109-142038FIN197441974100119741109    5041854884.69     758443341.32        1.12        0.95        0.15     325567423.75  263300197829.06    5676724817.70    674903238    801292875woZXzDcbdAeOUrcpqMMIcCCSFSAEOqoSqMN                         
19741109-181846FIN197441974100119741109    3177613030.37    2125315802.38        9.19        8.22        0.67     673861547.57  766990009104.99    2049791423.67    231309601    258572832bqfvTyldyQqhQaQgOFO                                         
19741109-221105FIN197441974100119741109    8303422199.90    1478999449.40        1.83        1.72        0.18     946409437.59  421616862059.39    2202996073.92    809950463    8580347530000000212
19741110-075803FIN197441974100119741110    1702738093.07     305756149.68        5.16        4.70        0.18      98063432.77  852034040434.54    9502871319.33     59312003     65114263OFnTuxOMWDUHOSyWOVCiEosNDI                                  
19741110-085904FIN197441974100119741110    2246580019.84     810208498.16        0.88        0.81        0.36     188701645.62  368074682554.98    3514553666.13    921188768   1001152490SPxWWxntruWsXkUhrLeUTFIRwNluEpnOeOAYsCBLnc                  
19741110-161425FIN197441974100119741110    3565861895.06    2204166613.80        3.40        3.21        0.62     449330334.52  293278751309.74    4703137680.89    648440764    6862324070000000152
19741111-011734FIN197441974100119741111    4597863555.52    1928641747.20        3.72        3.47        0.42     833018124.48  313920704190.39    8897772103.90    519130559    5558423890000000106
19741111-050606FIN197441974100119741111    1797118558.40     942099411.47        2.91        2.73        0.52     684487455.44  128304833874.79    9847506793.20    324249986    345346363wiFRVPFqQNGELjgHzDAyVoYLlCEZUsKnSGD                         
19741111-061619FIN197441974100119741111    3496549248.81    1645128181.36        1.86        1.58        0.47     679582437.32  352441135351.19    9368822137.79    884013063   10442013100000000255
19741111-143106FIN197441974100119741111    4074041843.08     363620345.46        0.39        0.34        0.09     711403488.32  456446572742.16     464328317.02    939102656   10693206500000000211
19741111-195331FIN197441974100119741111    9633085748.19    2077894826.52        2.83        2.77        0.22     350999429.28  797771022452.24    5274275972.05    734319603    7502182420000000019
19741111-214839FIN197441974100119741111    8405473914.13    4452227334.60       87.54       73.50        0.53     480378526.27  404314276974.58    5254512065.44     50857148     605721060000000108
19741112-030248FIN197441974100119741112    3084731395.87     727581791.15        9.81        9.15        0.24     679975498.85   89327391604.74    5231328662.61     74174122     79473741maNnBELccTuKDXojbbmSqMAOzQwExqMJWPLSOAAZCgXQxjEfFORZfzbxQ   
19741112-055854FIN197441974100119741112    7998700462.26     520165515.10        9.01        8.30        0.07     119921954.15  589271931978.88     895448459.50     57706295     626923170000000365
19741112-065050FIN197441974100119741112    6666645076.64    3922836730.32        4.04        3.40        0.59     677516206.55  126791677215.92    7723891234.36    970557228   1154694915xusTszaAbgwnfcAmfKVarNCrANUVCpmHQKKuWPXvljshueoBLMHi        
19741112-133008FIN197441974100119741112    2467717700.97     364923387.13       15.79       14.69        0.15     904682773.83  816155456139.97    3466733725.17     23108847     24836435WtLJlcZhUpnUJhcOl                                           
19741112-201942FIN197441974100119741112    1083988504.02     451981873.81        2.86        2.79        0.42     783484379.63  572931876201.60    8118414660.93    157997022    1621628590000000185
19741112-235310FIN197441974100119741112    5128672509.44    3184734705.41       14.72       12.79        0.62     904653891.04  581833325623.54    1265557136.17    216413362    2489507730000000289
19741113-033541FIN197441974100119741113    8610828103.14    4049521863.72       12.38       10.39        0.47     547335226.02  762863390192.13    7467669621.55    327117903    3896986740000000236
19741113-102113FIN197441974100119741113     865840029.28      22012115.03        0.05        0.05        0.03       4160406.15  748126765395.20    1325642050.80    405668239    4445252130000000125
19741113-171806FIN197441974100119741113    9712209771.54    4478966057.47       10.21        9.99        0.46     100134124.58  964912284677.10    3594753111.41    438608919    448532278yCYxzdCtKDVDKNxAugXBOfBjJNSubdTVTPNMQGEtO                   
19741113-202818FIN197441974100119741113    1254511157.55     157268374.00        0.19        0.17        0.13     896162130.37  875700739105.26    3560599395.16    838167556    929051251PGDBgEZqRneMoLzzQWIWKPqUm                                   
19741114-025127FIN197441974100119741114    3320534986.10     533711422.59       22.22       20.58        0.16     167276350.62   54796275858.29    4852170777.89     24018409     25928567DGDgbyTniJxSJJPHLVwwcatOfVEGLQJcDCwMnGNsQnkAvm              
19741114-080928FIN197441974100119741114    3550727162.28    1514773415.82        4.06        3.54        0.43     990677167.11  801442510756.19    8453559847.64    373328933    427794006IGdiEywJBcATiQxUreXhZFNmItSTGTzCWbMRFCVCvGNDFskCX           
19741114-164452FIN197441974100119741114    1847206614.83     539903365.33        0.95        0.80        0.29     396184284.54  442429839055.29    9017191918.39    567859666    675622433GidZUqrCDURnPxkVcQLUZHoNkSljfGvxVi                          
19741114-190536FIN197441974100119741114    3355337521.01     828434656.54        1.02        0.93        0.25     718486239.09  339988339711.30    1222402492.57    811618468    894536863ziJohMcvsgUVqHyXNSwWAqFRxoSF                                
19741114-222936FIN197441974100119741114    3320122993.54     515198074.10        0.61        0.52        0.16     539407450.12  992142567411.84    2386355479.81    847281151    983863445BzijSDvPCIJvDDDXrPdu                                        
19741115-041941FIN197441974100119741115    7501885375.54    1535008480.02        1.88        1.70        0.20     952920966.94  503130388380.49    3233066490.30    816465070    900763812YStBqxDsjUXfEHExmWkfvZRlOucebnJJtfSSdWkqXFQNgAfpCpiUBfCjU   
19741115-050839FIN197441974100119741115    3329806485.42    1200966216.22       34.29       29.98        0.36     183984460.37  448239724434.75    1207906143.53     35022216     40060842RSWvpXShAohbCnBYubXQUbMLtPavDHUQn                           
19741115-093839FIN197441974100119741115    8971532910.08    4045001803.91       37.98       36.47        0.45      88803398.54  813143309903.10    8733056445.35    106502247    110926896tDPWLFEtBmpAwavVQikXwNpRaJ                                  
19741115-195611FIN197441974100119741115    5273711017.19    1595505051.95        2.43        2.20        0.30     469706840.64  473497283260.30    2308480981.29    656663407    7263248130000000222
19741116-070353FIN197441974100119741116    5259504618.65    1856244475.26        2.67        2.39        0.35     937687948.39  731219099925.52    8933230036.02    694599394    778177338IBCqnhGjFJlbBaLpCfWlwAwAXuFGAsRugroSvLEF                    
19741116-171223FIN197441974100119741116    8412841463.95     701861923.21        2.49        2.14        0.08     480373572.31  454370272327.82    2377388263.39    282346081    327456162bYDPbZElTEYkPhtQKSUTHJfDnAFenTJmrpOieWeYRcAAHCLrUbHWOw      
19741117-004620FIN197441974100119741117    6791785114.71    3645746191.89        6.04        5.98        0.54     854429426.16  796618523661.66    1557148725.01    603944089    6095166670000000347
19741117-025947FIN197441974100119741117    4853210119.85    2748142401.92        4.65        4.11        0.57     154909745.71  660506786100.07    5855328592.87    590688047    6679231980000000210
19741117-143211FIN197441974100119741117    9687338551.15    5540495237.59       11.25        9.56        0.57     654307207.79  366431738042.21    5636354988.91    492548697    579461781JmnZyvJNUAaGfANXOFMOuyDJFNiMeGrtTeYaLNPbiJyoUj              
19741117-155440FIN197441974100119741117     173365615.50        318737.22        0.00        0.00        0.00     110271879.09  135044018144.45    4633840470.80    622777895    7362784640000000294
19741117-182640FIN197441974100119741117    3900195778.40     715285624.99        2.36        2.24        0.18     700108463.05    7879823651.18    4633952976.34    303193904    319944906kCGxWShTICEMykTPjwUmen                                      
19741118-054926FIN197441974100119741118    7025844093.67    3026814548.74        4.03        3.51        0.43     615713867.87  332677276674.70    3895255973.89    750175362    8619365680000000069
19741118-083215FIN197441974100119741118    1474048359.63     129392995.88        0.31        0.28        0.09     260985376.91  482183778276.68    1358761687.84    413193163    455660260BRtMqXSsBDukvVHTiOgEMWtHXrYWlFJqYAkUUXXEpmmWVYnGCknscAOAskMP
19741118-170610FIN197441974100119741118    5527506277.36    2825548547.17        3.52        3.17        0.51     824902072.07  772911410542.91    8970918039.29    802653593    8904500070000000280
19741118-190732FIN197441974100119741118    3314557368.01    1625061738.14        3.04        2.56        0.49     687314349.18  637268147885.01    4578452751.94    534846567    635836698fSKZtYidUmdFNCVUbIpLsUJfWaXWMdMCRQmEoYqkibwHroQdFTLDdKWs    
19741119-022027FIN197441974100119741119    5887050433.68     394873778.97        4.54        3.78        0.07     517549249.97  168435455223.41    8021961444.05     87059439    1043589600000000107
19741119-091503FIN197441974100119741119    4506133313.37     823994075.79        3.76        3.21        0.18     149479746.44  153876031469.79    7119024147.61    219289198    256774717WaPVywTQRRwsTRQ                                             
19741119-200718FIN197441974100119741119    6663630243.57    2216913507.13        3.85        3.60        0.33     443440271.55  362632379703.76    9394109715.24    575616887    614958619BvhtIYLKwSFVFgnsTkUZnIpBxtfPFEEeEcMLBFYLtOxBVxdDDIhwS       
19741120-023324FIN197441974100119741120    8609849161.89    2965015804.35        3.30        2.80        0.34      10498085.69  169803947340.44    8417767346.82    898157640   10599577770000000330
19741120-130214FIN197441974100119741120    2574889015.90    1479154271.80        1.80        1.57        0.57     357070650.45  305280479557.70     592965649.37    822367898    9449923830000000132
19741120-145110FIN197441974100119741120    7114734263.71    4302380823.39       10.88        9.97        0.60     396467681.22    6384681300.80    3438002603.45    395533810    4315388680000000120
19741120-164139FIN197441974100119741120    7311069136.05    4850252934.92        7.79        7.13        0.66     627447781.05   60577104645.59    2737931456.79    622329977    680229116zSzyZVwpMSypTaf                                             
19741121-025736FIN197441974100119741121    7676293217.40    2084005283.59        3.81        3.42        0.27     930553627.57  199551711610.32    1330440343.73    546978218    608548869FytIPQGtkNhoLCspegYgupGffphSskKfYOcWwWMGCbMMWKkmCuNp        
19741121-102504FIN197441974100119741121    5396264447.04    3649083432.08        4.68        4.13        0.68     542338305.62  696741138402.66    2115575667.51    780114160    883075731XEYdozBcEbPhRFHwKiUQyBWXKiOSSZlHFtNCTxUNaBRyBgaISh          
19741121-135316FIN197441974100119741121    4593422290.97    1305842441.11        1.57        1.31        0.28     658702579.60  552648522275.29     696995342.28    832406997    9985738220000000122
19741121-194932FIN197441974100119741121    1168526132.72     292015069.82        2.96        2.64        0.25     799374303.76  763572409461.09    7971710655.08     98813742    110409892IVBxurMKnJbFCkiInnTeIC                                      
19741122-070544FIN197441974100119741122    5432583879.59    3543433298.88        5.95        5.85        0.65     789368383.43  309829247061.63    7770151127.57    595241454    6054515410000000054
19741122-123029FIN197441974100119741122    2116123359.61     242047525.27        0.29        0.27        0.11     359803554.75  239043063117.26    8933606314.43    845218856    900136261imdafqhUOHJJweSjJLCsJtrIwQTHOvwNcouZrYzKuEbA                
19741122-190725FIN197441974100119741122    2867735559.36     521251421.42        1.09        0.94        0.18     880064144.60  145887207147.19    7796891300.00    478832431    556805706xxRWgFWhHQXdeKNPcnoCMTCjPFSObJGqoPSDtvlZYonwJYFKKwWGnyj     
19741123-062712FIN197441974100119741123     295502083.11      53497973.11        0.12        0.10        0.18      57603134.13  702360725401.12    5027917560.29    456363365    5128167670000000032
19741123-105418FIN197441974100119741123    9291065632.53    6173233099.73       16.34       15.96        0.66      18670718.44  110625848010.59     678664709.01    377872730    3868432050000000072
19741123-115640FIN197441974100119741123    5128194081.90     265656103.60        0.44        0.40        0.05     860878566.50  313893273473.60     972562650.35    606089344    666140241XdCwDlGsXFstGqdCIcNOKJfTOQPnoEeELXbNmwOl                    
19741123-162257FIN197441974100119741123    4267472554.92    2218601389.10       15.07       14.76        0.52     114646795.70  698561668690.08    6711306140.85    147266376    150299662jRhDJJDxLPxUEMMpdhzdZNqRVTuzMCrlMcwMsdHNvIEBwDfErPG         
19741123-181213FIN197441974100119741123    7149141314.85    3329425258.64        8.66        8.49        0.47     585726322.68  248469819999.13    4243161689.54    384487403    3922447900000000169
19741123-232944FIN197441974100119741123    7801661780.70    3589798016.54        6.84        5.73        0.46     243476334.05  405751515932.93    9854146791.41    524467795    626199025rflAKFDXHCAcNmwLNJTMIvxdoAJIIC                              
19741124-054451FIN197441974100119741124    2008558450.98     929756443.86        1.81        1.58        0.46     115053344.20  260603578050.68    1069975314.11    514173657    586612321MdcCChWJrnnJJXGaSMxGEMVNtLDSRgHEATX                         
19741124-082242FIN197441974100119741124    8862187640.70    2696182884.91        4.34        3.72        0.30     363848194.50  298500296312.25    9723166172.61    620619280    7248825630000000104
19741124-115831FIN197441974100119741124    5476858574.09    3019483191.29        3.80        3.37        0.55      40910481.17  941079400908.00    4643765133.27    794626598    8965901490000000371
19741124-141846FIN197441974100119741124    6144882533.66     224231520.73        0.25        0.25        0.04     426853463.56   19201191697.89    2620791420.61    879843449    9124700250000000308
19741125-001944FIN197441974100119741125    7500149752.86    3780046176.94        4.49        4.03        0.50     526276520.61  927154176481.72    8187108425.85    841799156    938649950sqfpzvcTSDkTDRCPSWYJeVZtTRcjNsMaE                           
19741125-012359FIN197441974100119741125    1034630552.97     640303675.65        1.66        1.58        0.62     109211940.73  192855340833.82    3462048826.27    386502376    404855857nUdcNsETZCLxuPVMKh                                          
19741125-102043FIN197441974100119741125    6400021519.41    4011937748.77        4.33        3.78        0.63     671365978.02  731016290964.72     131983477.89    927003464   10610997700000000013
19741125-165531FIN197441974100119741125    4243700013.72     436434100.80       18.71       15.93        0.10     683724168.99  963312042153.83    3906174335.62     23328453     273928720000000115
19741126-030004FIN197441974100119741126    3271338861.67     330853282.75        0.77        0.65        0.10     510355981.90  157544692238.00    1903458536.94    428557692    5093754360000000044
19741126-071315FIN197441974100119741126    6503880944.89      15981778.48        0.02        0.02        0.00     254972880.09  727797124178.33    6566518691.50    899056361   10061074010000000205
19741126-073655FIN197441974100119741126     720324550.38     224776510.95        0.73        0.64        0.31     910704793.57  496218470385.68    6730286655.27    306133887    3518726270000000011
19741126-101404FIN197441974100119741126    3921342035.45     125777530.26        0.19        0.19        0.03      43928112.05  576743900129.70    8748522530.41    647308537    6643470120000000141
19741126-182706FIN197441974100119741126    2754460284.72     163550100.54        0.18        0.18        0.06     572179547.46  956762136936.27    1489944415.39    894724514    907901335bSRRblvmDfNJIUUERFKAuupeAUU                                 
19741126-212125FIN197441974100119741126     446279464.28      75740560.05        0.16        0.14        0.17      73054943.24   45436266878.66    1681026311.56    466593734    559880198caOaabgKJQaXSZiUGJIHBtXLntUfKAkQvMDyj                       
19741127-002913FIN197441974100119741127    3301384541.15    1911971194.86        2.18        2.10        0.58     117446300.69  450516670108.46    1252318877.58    878342573    9108153980000000300
19741127-090412FIN197441974100119741127    5111305669.99    1897900721.79        5.77        5.40        0.37     170132756.08  598286315913.31    7635735915.76    329042815    351717295yNswyMTeJisZhBAUQKoZSIKDiQjQGQezvJmxBiPyRJAQuJv             
19741127-185228FIN197441974100119741127    1684585697.46     403923324.53        0.46        0.39        0.24     579005497.15  981582731005.78    7006723138.98    879495736   10360652790000000290
19741128-030114FIN197441974100119741128    5987326007.55    3881241596.34        4.35        3.98        0.65     983125253.80   70471878010.75    9524225571.81    892715892    9740118140000000175
19741128-045642FIN197441974100119741128    4717196961.99    1737652457.35       16.82       16.36        0.37     144630857.39  390412082151.94    9299250597.53    103296520    106223807olGIXXQFLdIHXDEuMLdDVNJbXfMiSChBOXXHPRgqQfvPMFOMefo         
19741128-054223FIN197441974100119741128    3123006403.43     599270716.00        1.36        1.19        0.19     160332897.05  842393330482.78    2102192618.25    440637882    503498734qKZmxEJdJHmHxmqcMqVLIgrwrTMFGSYepLzRROMkSDC                 
19741128-130932FIN197441974100119741128     628775677.67     127884545.34        0.19        0.16        0.20     191856589.98  168770210803.46    2757615705.20    662590770    791256343VPfRrzGJDSXFSOgYEIxOaJaDXEAMCqvMuZEQm                       
19741128-232835FIN197441974100119741128    1623432078.00     961368372.73        8.60        8.05        0.59     571080033.69  684619892262.75    9835437638.17    111805152    119409834LViVEKgsrKwCVrgOwkPeRFPWWpkHCZiTNGXGkVsAVwjm                
19741129-012201FIN197441974100119741129    2025735667.32    1374365926.86        4.57        4.03        0.68     516252834.24  484494191659.14    5051087059.89    300881869    3408538470000000135
19741129-093201FIN197441974100119741129    6796551921.72    4173422473.51        5.21        4.59        0.61     732444925.86  219530536432.96    1937788970.80    800793656    9092858640000000040
19741129-143247FIN197441974100119741129    4704401439.05    2105751964.38        2.46        2.29        0.45     994089200.72  548596684801.17     800367803.09    855923961    918908707mqXmkgPPhQUGVluJIDZDxHwwoISSW                               
19741130-002812FIN197441974100119741130    4061757999.59    2115056981.25        3.12        2.62        0.52     356846580.35  188544183542.01    9535962527.27    678957810    806011062SLjJLcNoIZTAyGyOAtNtTFMQNEKksLfngTYwlVSjEZSFXAXKeoBI        
19741130-081621FIN197441974100119741130    1682799015.72     999378626.69        1.50        1.26        0.59     517882949.43  284074205366.21    6690099010.92    667437594    790684696GzDXOWXDABSzNrogrDpc                                        
19741130-185456FIN197441974100119741130    6695961176.93    3026842832.98        3.49        3.32        0.45      23485524.65  760497162197.73    3675829852.76    867992458    910490640zCNcUXNeZAUXsHb                                             
19741130-205257FIN197441974100119741130    5584337803.59    3057279388.32        4.65        4.63        0.55      49836358.42  536343787289.32    2430477032.38    656811162    660771316nJeCzbUuGqxTKWAoQUAHEtBPtJA                                 
19741201-011924FIN197441974100119741201    7644656383.46    2587174488.34        7.53        6.77        0.34     463937626.88  492233088750.03    4661931039.67    343585393    3819585400000000361
19741201-083745FIN197441974100119741201    2062763781.20    1200805807.01        1.26        1.12        0.58     351187023.14  392122359299.34    6447112903.23    954491566   1076717619kkhSvCsfgbDUvsiZWtPQwjkYPwKrfTUFMGMCWCBXBcOcTkaLSudO        
19741201-093344FIN197441974100119741201    4876690725.97    1180714847.03        1.53        1.46        0.24     591849903.54  315509931790.69    8925070558.37    769480648    807454207PJfOlXRPMTdOuTIMAy                                          
19741201-201359FIN197441974100119741201    1429127641.06     772634187.71       18.67       17.62        0.54     649397216.99  553693568327.30    5762094772.01     41376725     438424720000000272
19741202-002427FIN197441974100119741202    2246395088.23     505358827.97        8.09        7.12        0.22     176239249.21  705599864001.19      32806302.15     62490181     710165760000000263
19741202-032910FIN197441974100119741202    5382949575.87     404101655.11        0.74        0.66        0.08     715604620.43  541393471047.07    5802710012.50    548359091    6141458670000000349
19741202-055653FIN197441974100119741202    3769216957.01    2616190584.87        4.22        3.98        0.69     918804426.01  948149993380.49    1352336678.02    620149900    656867333OQrOAucqBZdHWTvrsGTQqDUAJesbyHxtJHEzCHKBOOQPPk              
19741202-092343FIN197441974100119741202    9357332529.31    5955442331.03       12.24       11.32        0.64     762524948.86  893788721277.51    2513076895.71    486395539    526117876hLVgKYfIAzFOLUtDEVziLsKZDBUvAfdYDovfLNhVCUwSfIDPgAjrqNO     
19741202-173216FIN197441974100119741202    8627286512.66    3724888309.67       18.98       18.64        0.43     533770458.20  515726426366.31    6211471056.43    196245622    199878942UfSHWSCITBCAOZQunWBPoRwGIRuCUoPSdEQARTADOJmAyACdfM          
19741203-020027FIN197441974100119741203    9124209365.68    3362586284.16        5.58        5.07        0.37     207357018.17  827895303065.37     681626152.04    602236252    6637021290000000046
19741203-023046FIN197441974100119741203     799829701.73     358335680.71        0.44        0.42        0.45     118785018.80  522391429838.71    8656170348.67    808406071    8519967100000000233
19741203-130946FIN197441974100119741203    7540134543.13    4042042085.80      242.52      217.16        0.54     784042970.03  864633360856.06     215695831.17     16666580     186132120000000229
19741203-140644FIN197441974100119741203    3098234598.99     321816515.69        3.78        3.47        0.10      98294372.86  574717976352.51    4334438651.29     85241093     928586860000000123
19741203-205725FIN197441974100119741203     365769112.50     101367968.64        0.17        0.15        0.28     885150080.81   57151962516.22    1320378072.66    597023104    662541393BlzKUNpcdbxQGHwUAaQlIXGgyZmHnyRREOKBwpXvXwwWEOWiNJVMXWALS   
19741204-052512FIN197441974100119741204    3304666088.12    1426619638.00       34.94       29.50        0.43     611903909.37   81922072639.87    1135478355.53     40835684     48360570eMeEGklgXHxDbHmSKMgdNjtvbmqrnPkesDKCAFGtvoUrQw              
19741204-083049FIN197441974100119741204    1046530867.02     567324979.47        1.24        1.11        0.54     310283086.84  160762541075.29    8759773600.52    457947889    5094302070000000261
19741204-144614FIN197441974100119741204     890444216.23     332756730.89        0.52        0.50        0.37     880197801.57  133299226060.08    2505263374.08    636527996    666356549yRPdOOYwDRIgGtBTaFzyuaZQ                                    
19741204-162429FIN197441974100119741204    1614696353.25    1004037441.14        1.06        1.05        0.62     678322588.78   92602826060.59    1317624133.83    943571929    957549879hAZTeeUwWHJnxVqOIIMdOeIUXVFVRVcjVxkKbHSX                    
19741204-225754FIN197441974100119741204    1251327870.49     376862861.14        0.47        0.41        0.30     997144363.64   60221220164.26    4009388476.26    804394909    930036895LRYKYZXBcxmTSSowQAFUfTJRSoIvPgvimQgPedHDROTgzAImiQMWqxVFPKu 
19741205-014559FIN197441974100119741205    1684297763.81    1132375899.86        5.43        4.91        0.67     316775667.75  672573001958.07     692205884.70    208679445    2307451120000000237
19741205-014804FIN197441974100119741205    4684382918.47    1338973533.44        2.38        2.05        0.29     730941004.17   74064511427.47    2056052618.80    562855781    653715589ASbGTNXRFSOYSfTSaVbYApEoKYKyPDUCfmKoywwEshF                 
19741205-061315FIN197441974100119741205    5935257887.96    2571798358.21        5.77        5.38        0.43     973255051.07  219762893966.31    5545898946.51    446012423    477598955aJnupDvnaiBqYlvlJdvOTCGVuaVkoH                              
19741205-073649FIN197441974100119741205    2138999863.63     818338100.94        1.66        1.64        0.38     317920710.32  131913740832.06    7065209879.27    492287739    499765233BELJVClFSUDWQNFrxaHxDDEMSOMNqTeWbFtIh                       
19741205-121313FIN197441974100119741205     160910695.31      84072163.10        0.09        0.08        0.52     885504254.94  627287132950.27    5471828063.57    888395675   1047860513VxmNpSrxEBXnLfMwj                                           
19741205-182539FIN197441974100119741205    5708288873.02    3705546528.49        8.79        8.65        0.65      88436874.17  968469563454.51     289304112.19    421713993    4281599190000000174
19741206-053101FIN197441974100119741206    9554397332.52    4513411896.46        8.47        7.32        0.47     849735174.94   55627221790.93    8755677877.95    533083246    616615453DcixvPMjYlaZGygYVQDbBjxviLTHeYsokWRRkADUoia                 
19741206-135525FIN197441974100119741206    8779523041.08    2028866991.60        2.35        2.13        0.23     809569693.36  268364868125.06    9810842208.12    863509446    9526343670000000198
19741206-150246FIN197441974100119741206     200240304.60      59346949.73        0.12        0.11        0.30     956265162.19  551427264707.11     377670523.00    495932828    531888221zIHLKvPBQrCTBYzpZzUJZwMrKqTpUZPyXUykkId                     
19741207-020539FIN197441974100119741207    4962066363.74    2794363405.15        3.25        3.15        0.56     554308152.43    2909168886.36    5969904467.59    860769143    886421408CKqQGzXcNXMPWzzEAqHxSpCdCwJEirgSInSJOMkfzMBleWwhgbxmoVEVYU  
19741207-031658FIN197441974100119741207     361482508.21      60146475.42        0.20        0.18        0.17     808498543.04  700631038551.35    8215535022.48    302170540    3280690290000000216
19741207-051847FIN197441974100119741207    1330205680.17     378525468.59        0.39        0.33        0.28     412526473.68  786661476897.71     632297968.83    959781735   11324310350000000095
19741207-103441FIN197441974100119741207    3117412495.89    1466757114.27        2.02        1.93        0.47     533995450.40  896284031152.50    7745711823.94    725710566    761248485MMYHEsAdHQrXvDXqWNGKyGRnmNQy                                
19741207-133527FIN197441974100119741207    9794410798.85    6373496047.64       29.18       27.31        0.65      58598097.84  107515834209.61    5406192791.84    218404850    2333580030000000053
19741207-144955FIN197441974100119741207    7107622855.38    4833342147.76        7.49        6.95        0.68     601263532.29  424337136235.53     286868602.85    644885915    6951188290000000103
19741207-234827FIN197441974100119741207    9594950933.42    2524943289.78        5.32        4.99        0.26     327744384.83  375819050015.12    7345725685.48    474176639    505870904xNZnDTSoUVPNSoYdgBUPLqzOHFZzrIJQNLRxXgjb                    
19741208-024059FIN197441974100119741208    1666734636.01     155361536.93        0.20        0.17        0.09     659990850.25  311750593114.34    3322867026.13    780035700    919912251NzPPOvaDXUEaahXSUBxgGTdt                                    
19741208-090130FIN197441974100119741208    1943364964.41      97927329.53        0.12        0.10        0.05     948764640.04  170317720479.99    3707063195.39    848188300    9954677210000000257
19741208-160722FIN197441974100119741208    3992105208.79    2370104501.03        7.16        6.84        0.59     446602389.98  617931358830.83    7726421293.99    331182665    3465422480000000209
19741209-014307FIN197441974100119741209    2839851198.04    1434852914.21        3.12        3.03        0.51      16204782.81  354440774953.31    5485426244.42    460213081    473662667pEGIPCsKwtTHCezUJixADHRHcVKNIYrTyyOPIF                      
19741209-081951FIN197441974100119741209    9230414427.71    4564032601.06       11.71        9.81        0.49     640357421.29  863185548942.42    5764910637.85    389726131    4650865310000000295
19741209-123707FIN197441974100119741209    3764816703.43    1853805495.89       13.46       11.51        0.49     925678845.42  279777724070.84    3285935738.71    137766407    1610049160000000353
19741209-223653FIN197441974100119741209     126626082.71      24012391.20        0.02        0.02        0.19      11011564.33  302596826002.14    7354091110.71    962234427   1137035180oHqcAiSKTrHsULLyJUDMmFLLtVnVfUxPcpvknqfqbnhFycoSbFZvePIdVmZ 
19741210-054755FIN197441974100119741210    6685989704.33    4618602483.11        6.30        6.14        0.69     719172811.98  238168083959.32    7630917750.45    732752427    7526468390000000099
19741210-095544FIN197441974100119741210    8129273180.90    4511731861.86       18.18       15.41        0.55     288393110.29    3710413296.23    7167933787.37    248230056    292839271KsLBXnElVKdTMXGCGoOrJDQaBpHiZwbprNnHXjI                     
19741210-193636FIN197441974100119741210    3076341430.44    1007589401.64        3.98        3.49        0.33     908840856.86   54349085747.71    4148446142.64    253288096    2885980080000000200
19741211-062722FIN197441974100119741211     983389493.21     486640054.37        0.53        0.44        0.49      57236020.70   74283291049.26    2782991017.64    923155425   1107489299yURWxInlVahogpZHAunTIhWpDHUoQwnugkGiHKWVDOnuTAuSApjDJaf     
19741211-103108FIN197441974100119741211    3962967145.99    1790059462.53        1.88        1.68        0.45     338833596.85  165998693197.92    3951146049.51    951485813   1065680786UXGHkVXHONXySRVzmlfgOKLOPXECLsMMjGzHJnirREX                 
19741211-121408FIN197441974100119741211    2416475923.41    1370235260.51       15.16       14.47        0.57     286740141.83  379900700216.98    9443446888.17     90365725     947230170000000245
19741211-220319FIN197441974100119741211    6204064058.73    1950203996.52       27.12       26.40        0.31     258688099.76  852279213602.88    7650430311.40     71913577     738659640000000022
19741212-015644FIN197441974100119741212    2960512961.93    1963277827.09       33.89       31.14        0.66     167586028.39  456781002960.31    5484056414.05     57938998     63042812AYrIhMoBIgUBkRdxKABPjIIShjxFyaWTAsK                         
19741212-132537FIN197441974100119741212    2774533258.34     957104958.67        1.15        1.13        0.34     434636020.47  135863074222.76     606393099.31    829853161    8490192130000000213
19741212-234310FIN197441974100119741212    5633328071.80     247508569.31        0.29        0.25        0.04     959215768.63  318020002640.66    8953493955.10    861192072    983809754BCRRYMzpoAimKRITzLWLsoomeKjnZvguJDE                         
19741213-052504FIN197441974100119741213    5454950871.64     671323430.06        1.11        0.98        0.12     921521769.18  543031085824.33    6659604723.32    602674697    6815613930000000242
19741213-105443FIN197441974100119741213    5212798471.13    2045628844.66        2.52        2.14        0.39     774096004.72  591720343327.76    6934194386.33    812667227    954738417KfRERJQxDalgYSIFQgEiw                                       
19741213-142848FIN197441974100119741213    6755604299.03    1301603492.21        7.34        6.57        0.19      44262273.41   71796560132.76    1938542362.28    177366595    198080166bVdysLBHshjuPhsNYkHFNjcUcvqFIGJCdTiXjgeSviTyXxtbw           
19741213-210202FIN197441974100119741213    3133537930.10    1620920192.24        2.46        2.43        0.52     357651033.17  855515292853.62    3832693434.20    659576027    665759823OKehKyGaHgbEeBcBDAnFaXwXmCfzDCIig                           
19741214-015131FIN197441974100119741214    2750173633.27     828608302.91        1.34        1.26        0.30      48910114.11  352968617904.01    6084698795.27    620112315    657469159iXUGHHxqpzQXrsqqQTEnuXFxroDeijHhLDuSP                       
19741214-120016FIN197441974100119741214    1717937773.71     164155347.86        0.22        0.20        0.10     291174616.61  653906695975.43     222600632.61    732585296    810768750EOMpasJigJVvYQGKVcDPddEniaOUaTojpCAmYQrUeZJEGo              
19741214-124549FIN197441974100119741214     279687543.81     161347157.16        0.17        0.16        0.58     574076714.42  402588338707.99    3164583992.76    936182780    9979061940000000374
19741214-172725FIN197441974100119741214     922215631.98     247030161.44        6.28        5.24        0.27     176354622.07   36459519442.33    3172612578.86     39316581     471706680000000039
19741215-031339FIN197441974100119741215    1014308485.67     168912078.71        7.54        7.41        0.17     805349276.13  865155928825.87    3326003990.41     22415550     227808100000000370
19741215-083205FIN197441974100119741215    8721446567.44    5926714111.01       91.45       84.88        0.68     443429626.08  101672528490.70    1893817415.49     64804999     69820516rBMPHLouqFXXMgNIhGTqVDHGAsCbGzEmOWSDGxBXmbKbrEI             
19741215-103449FIN197441974100119741215    8360820908.38     361874112.53        2.84        2.54        0.04     460197805.67  521827562467.11    3475723254.34    127216714    1425213570000000366
19741215-213738FIN197441974100119741215    4793539212.85    2082877177.64        2.39        2.19        0.43     953693232.20  100441683885.53    8837757113.45    872628769    950494659bqxEENiCeuJtRlUKFwhdKteH                                    
19741216-042849FIN197441974100119741216    7569483711.42     322506171.89        0.52        0.52        0.04     926055849.45  710208691354.06    3926237792.93    620626525    621018414aJZDEsbtUZIVIFHQlUkKimBOIJCkSOi                             
19741216-142216FIN197441974100119741216    4241433645.89    1916377977.31        4.35        3.74        0.45     983857978.05  154578386953.34    7651694428.97    440871368    5125480120000000238
19741216-144147FIN197441974100119741216    5295393801.40    2262452904.69        7.68        6.85        0.43     274352217.30  405976546644.91    6209639177.65    294746424    3302151030000000321
19741216-211315FIN197441974100119741216    7414556902.96     588586623.88        0.64        0.61        0.08     829524015.05  691036347849.29    7162861214.59    920665502    967450463XoiKshFwSFJUseOHEjDTDwhjrzEOjDKGxCcQHEWSpOFWUGSRWjBI        
19741217-065603FIN197441974100119741217    5915107487.42    2519847088.70        3.19        3.19        0.43     128551716.71  395416309462.68    2661114766.44    790407174    7904862850000000351
19741217-123707FIN197441974100119741217    1546256103.57    1028239457.16        3.30        3.12        0.66     269224470.09  705596817338.64    7717789784.20    312017562    3296661160000000317
19741217-125645FIN197441974100119741217    9503233782.59    2344367092.80        2.45        2.05        0.25     378105037.97  396146186508.28    9171867950.28    957153465   1142818913IYXYDYXzMPNoklZTdipMzRqgCNIOKJHazWaAqvQYkNmrDITClMRGjaTm    
19741217-200607FIN197441974100119741217    7293653029.69    3854518352.22        4.85        4.37        0.53     427037051.15  447219917365.88    2724805786.87    794408749    8830486270000000246
19741218-063818FIN197441974100119741218     633362701.97     309540741.67        0.88        0.73        0.49     914783265.45  523768447295.13    5917233855.73    353072417    4222532170000000042
19741218-071643FIN197441974100119741218    5181154257.10     623454086.89        0.76        0.71        0.12     578848092.60  972257132373.63     406655574.03    821265500    8812791730000000332
19741218-144720FIN197441974100119741218    7502566810.23     356653871.18        0.36        0.33        0.05     323292465.39   23063833012.02    1812528979.77    988037554   1066021250mBRtpjNBECQCRiWtjEutqI                                      
19741218-184654FIN197441974100119741218    7420035454.06    3680162654.30       11.15        9.45        0.50     975281116.35   77242110958.90    8780481599.52    329974023    3893298410000000207
19741219-030310FIN197441974100119741219    8336658110.39    2671462235.49        9.70        8.83        0.32     603485054.93   16046672621.46    5376769324.58    275460785    302498767FQCxtQRoMnVlnjwEERVRrjOJDAIyWTEKGCbBNsvTNBMQXXA             
19741219-050307FIN197441974100119741219    4732074708.34     552679354.39        0.65        0.60        0.12     238847508.93  599072423841.61    1858224026.76    846227244    918268880pmVFtISJNicSLMLBUTybzczhOfHObPpMYpBqjAaxrDHJ                
19741219-113648FIN197441974100119741219    6759870307.28     595020603.63        0.65        0.59        0.09     646917283.49  521280793042.11    5099697891.59    922221292   1006625576UJvSHHJxMUEYmrOEqYVQ                                        
19741219-152534FIN197441974100119741219    7329496448.61    2133078245.02       12.89       11.06        0.29     528458706.28  993029598951.38    5475185323.39    165457176    1927990150000000091
19741219-214928FIN197441974100119741219    4897254827.15    2526267854.12        3.83        3.57        0.52     107148553.75  160212933010.46    9403354570.85    659676991    7078097180000000240
19741220-000419FIN197441974100119741220    2133515550.69    1441301040.38        2.15        1.92        0.68     504558320.88  597796702988.09    3559200030.04    671103576    7494546350000000204
19741220-110720FIN197441974100119741220    1834587132.59     449299617.39        0.46        0.42        0.24     761805382.52  129769724530.00    9719689204.10    969450426   1068701332jEDMMMXIiuBzANZHiHyWmFFHVoTLvwUegqgIIMHlatdnrNCMwtJ         
19741220-162156FIN197441974100119741220    9442568225.34    1704127310.84        2.12        1.92        0.18     145865608.62  633534492448.42    9456089673.65    804326456    8860343400000000189
19741221-034447FIN197441974100119741221    2965970081.41    1966499917.02        4.41        3.99        0.66     166951499.45  227688421548.18    3643931177.15    445794656    492778768xJLQVuTFshRimMWvovlkhREDPsbyCEbOPAiHlYQoNpMfOnOS            
19741221-065048FIN197441974100119741221    3019945613.47    1824350421.90        3.74        3.64        0.60     971287018.17  110909589133.00    7503980343.84    487732167    501054125ILluFBdLbXRPNPnaiojyEqsGqUArncqWACvKTGoQnLdlqc              
19741221-115148FIN197441974100119741221     899157764.01     569633475.00        0.59        0.57        0.63     279448967.24  339893209986.10    4586418294.98    966678966    996837547VxhJFCbVNWpWKaEImA                                          
19741221-170935FIN197441974100119741221    2856264270.93    1055258183.76        2.30        1.95        0.37     701440473.67  529853418393.32    6910179912.46    459010151    541048449UXKSWgGTVwuzWNnUV                                           
19741222-013305FIN197441974100119741222    7762289789.90    4936059355.58        6.73        6.25        0.64     556615283.66  920869803373.19    3354609911.22    733346236    7894245780000000202
19741222-032733FIN197441974100119741222    5672749356.41    1874486233.16        3.26        3.01        0.33     521585721.67  750985063147.35    8304544336.04    575090279    6233727470000000239
19741222-085921FIN197441974100119741222    4820017135.71     726254663.69       79.87       67.30        0.15     274240903.42  838443302634.84    1300131901.87      9092779     107906070000000171
19741222-150652FIN197441974100119741222    5899384236.41    1942257300.39       22.32       22.07        0.33     616092862.99  756095311958.33    5021528605.24     87027442     87998808xmDrKxzvaIXsTFOMpTzYAMbnGGKMgDKzDxVLwGQZItIKENHjcHYWSGGeBQ  
19741222-175811FIN197441974100119741222    1201668800.22     414602815.20        0.51        0.45        0.35     842042305.51  758143379292.85    8055776016.14    805262162    915173085jlkBZXPcVEbEkvquHcRWHHHVGNQxJWnBWpCCCKENWGMjHFABR           
19741223-015752FIN197441974100119741223    7582861659.07    1270105752.60        1.39        1.30        0.17     647650801.27  893855154686.57    5967092584.64    914332626    9794893130000000058
19741223-102440FIN197441974100119741223    5957803917.93      10642456.09        0.04        0.04        0.00     785138406.14  149017010491.73    1355480983.39    258367023    2609625070000000241
19741223-170331FIN197441974100119741223    2141490663.27    1042697347.21       25.81       22.90        0.49     951628125.61  981610243126.52    2289180814.98     40391513     455417920000000067
19741223-193102FIN197441974100119741223    2706300993.57     316139973.48        0.76        0.68        0.12     155958269.59  698376002946.63    3865032768.72    417974067    4679164450000000126
19741224-015227FIN197441974100119741224    3979482412.51    1734312563.62        2.13        1.81        0.44     130439198.85  127814990524.45    3956610241.82    815628484    9601413820000000201
19741224-130649FIN197441974100119741224    8096951881.86    2687074674.15     1105.62      985.12        0.33     575497520.89   87113809419.57    8173736954.26      2430388      27276630000000181
19741224-142640FIN197441974100119741224    4000580104.42     825490375.00        4.64        4.03        0.21      26587031.69  464718623638.00    7018221746.78    177740852    204631716VZFBRwvFHyQCUMDVoBLLIIBmacVsHPTyOUvhQJtRzByXxTqcURyaA       
19741224-214852FIN197441974100119741224    3565136881.94    1677838567.21        2.30        2.09        0.47     884677223.88  842582730447.64    6317017710.40    729504517    8043962420000000191
19741224-235505FIN197441974100119741224    4339877016.46    1658772019.21     1121.94     1059.15        0.38     861231113.01  801073339662.80    3950065830.60      1478482      15661340000000348
19741225-082156SECAAAAAAAAAAAAAZACOMMONACTVthWMUVeMuCOGzFilV cyLIGgzCNakKBWGEnzeKwCsdOOGRotkpgQGkc               NASDAQ680830545    1857032919640614        2.44VcbAKPfBIpRdEaWhZBDoBABArjGqRCPYqanHvstLOVuMQC              
19741225-164317CMPmnNgVrFLivNTSCpRnzfHJmqRcwjNTpSUAD                          0000000376ACTVFWBBB+1854071012787 Holly Court                                                                                                                                               H5K 1Q9     Sherbrooke               NH                  United States of AmericaKirkman                                       EVnRPErholwLvqcGLTQfKqOMToBORzDfSzjhfKLjQaDiCfBSuNBpqNywEOZqBiSGwqVMscAB OJiNpVLltUFVMRucSnHD LXGxxUKNJMNJzqQha                                       
19741226-001309SECAAAAAAAAAAAABAKPREF_BACTVhZmVXMCloFnY uQllxMYPFVIFAadHiyHrJZuFUMtG SRmOORHwRES dQPcGD          AMEX  346499295    1850021819620518        0.44OqAIeBICyTDaCjYBokKBWwGIbTbHykBtzpJVuZzfWHKRHbYByNSoGLc     
19741226-024903CMPoHqcAiSKTrHsULLyJUDMmFLLtVnVfUxPcpvknqfqbnhFycoSbFZvePIdVmZ 0000000176INACSCAAA 185412315656 Upton West                                                                 Suite 132                                                                       V6T 1R8     Houston                  IL                  United States of AmericaMcalevy                                       RiKIxYKcDOiDJgtMJIJKxxVMGfuqqciQPOORm KxOYhmKxSABbdQPJIEQEEphRjFJEBJxumaACZSqrDFgeScMNZMpQBCBgsMGPOQBmqQRVhRzHbKkKk FZdoFiqMOKRFvfEPkqRhDJXsdw        
19741226-043907SECAAAAAAAAAAAABAFCOMMONACTVMdQQFOPTCjDLbHhDjECAyVTSJlVVbsqsD                                     AMEX  455734727    1879043018760214        1.180000000226
19741226-064738CMPZQTjEUONCDrpaHYvA                                           0000000152ACTVARB-          24674 Windchime Court                                                                                                                                           92171       Bellevue                 MD                  United States of AmericaWagenaar                                      RDKUpUNtBsdWOahtOJAugAxJHGxFzNVcdXIxKhIQQNLTKLBdHZoGZjfutYgMNnjnEwhQWPUkjDDaYLaDEDFLAYeJZOXUKIGMBS                                                    
19741226-161628SECAAAAAAAAAAAABAACOMMONACTVySPhOJlU iHGeVQGNscVEtjnOvTSvEIOvkTkvKLBGfkgufTFpQJEWiZXVNJj          NASDAQ408428370    1944092219530306        0.610000000062
19741226-232452SECAAAAAAAAAAAABAOCOMMONACTVzn dCSQvQIBCIgRIySogJKvlLZHJQrFM                                      NYSE  6372189      1895012518590112        0.190000000174
19741227-012248SECAAAAAAAAAAAABAJCOMMONACTVSUcFWphHbaBZYlRDRitFViHUuXeGVXeOABeiBTGxD qJAKKYrH                    NASDAQ941454435    1903122518640203        0.14IGdiEywJBcATiQxUreXhZFNmItSTGTzCWbMRFCVCvGNDFskCX           
19741227-033954CMPIpUvDutBNJLLFrITZFfqfLPfjMxpEJrOMOlqIyUZhnAtHSmCahkyWFbdlCEO0000000385ACTVCEA-  187912278552 Alpha Park                                                                 Apt. 161                                                                        93910       Erie                     PA                  Canada                  Allum                                         OQdQcvzPHp UlTAMUDZPNsQkSMCBqilraHKybkoXGDXWdeVOroOTJihJrvwZReSFHVNPIhXCBHjiZLVGDCnSNCZhUfMZjKMZilXBZWYLHRbDHllQtiNi                                  
19741227-125928SECAAAAAAAAAAAABAECOMMONACTVpjZpWkvkSYedQfngnKkcfOEjktErsEGIQjAkJdAeVjMMVHOAQEkKUjINySVFQ         NYSE  627837093    1903111918850705        0.120000000168
19741227-195321SECAAAAAAAAAAAAAZZPREF_DACTVECKvYdjzDlUAGfIBHcPCIisFye                                            NYSE  158997184    1877110819470831        0.07LKCNUwwVcHHCDVwSxILaphVOqaSQACIMfdTAl                       
19741228-030857SECAAAAAAAAAAAABANCOMMONACTVFPhZdYQCgaIKXXPUKySkPfRKZ                                             NYSE  189567609    1932081818650527        0.910000000360
19741228-085524CMPCRdJpWDQreFROHBFJMWTljcjrFTJfFFYspoqiNhLKuVAcQDTaY          0000000384ACTVFLBB- 196208142672 Eden East                                                                                                                                                  73133       Fort Wayne               RI                  Canada                  Rouse                                         JqWSwzzIwONFxbtxDiZUHWolIMdiReElhQPgGacWzkSxKziMGxUO                                                                                                  
19741228-182341CMPNETywBVQRDrvjEMFNOUECiUBQnOVFLSdbNhLTqVKJxSLJIXNsm          0000000383ACTVOIBBB 1876051013250 Monroe Road                                                                                                                                               77703       London                   OR                  United States of AmericaDollyhigh                                     ZoMrQxgqAQFIIicpAXLKIeGHXCu hchGSH bNaANERsS lDzPSLLjvBMmcIES xiBxepEKiDIcDNVOOhGFn                                                                   
19741228-192235SECAAAAAAAAAAAABAICOMMONACTVzawWldpFPIUOQOISGfXcRHVmSySumTXABCSnSTpWFtTfDHsbjKa                   PCX   221009631    1879112319450120        1.40HCyVIHyFodPADbGORMCBjByxRTESfBNDTPBZrsTBUACleKEVFjHkSOorMc  
19741229-033134SECAAAAAAAAAAAABADCOMMONACTVJNCmJvgRhkVNxIEkgFbeOQmsUhLSSCUTTJwDcBHGMdKyhSfy JKKByHOhrKAB         NASDAQ995440220    1857113018580521        1.09SOHsouEIQhzIAMeFABDlHzVVpeXiHlUsEEOxcBPIJW                  
19741229-051408SECAAAAAAAAAAAAAZYPREF_BACTVUjxhoPWuG vjPiLyKLTCTFlz kR ALlwTrVeJvirKTvEvBmJXkSH RFWfI            NASDAQ908925027    1858121718860809        0.880000000044
19741229-064326SECAAAAAAAAAAAABAMCOMMONACTVlBmwqEvlGKRGCCHRUPkuBUVIUjZjAQcvWS                                    NYSE  770993434    1940070619351115        0.89nJeCzbUuGqxTKWAoQUAHEtBPtJA                                 
19741229-105247CMPUCXHsOMKBBhFtzPEIauEkuhRHBwnBaQQmhkLJLYXHLTsPYhuqrMWF       0000000382ACTVHMBBB+1873112216442 Round Lake Park                                                                                                                                           77286       Provo                    AK                  United States of AmericaHillegas                                      bLPCAEDgqJiZGrbNpCLLcaMhRANKaFoqmRbPWSRPUTnRYXJPlsgZRIoxURXiQrSKX vGcHRGGFKIZyaJZPmM                                                                  
19741229-120129SECAAAAAAAAAAAABAHCOMMONACTVhQR rSwVGoWYMBw liOqklDBDDidZO                                        NASDAQ265512888    1947111218850911        1.37DGDgbyTniJxSJJPHLVwwcatOfVEGLQJcDCwMnGNsQnkAvm              
19741229-182237SECAAAAAAAAAAAABACCOMMONACTVhyUwsKfhdRRPHllNUHCkGikChtKNdaFXWSXZPzheO yVoIeAKILfMKGV              NASDAQ330550133    1863120919340130        2.550000000304
19741230-022859SECAAAAAAAAAAAAADHCOMMONINACUGiFsmgXGImlzQcPVSJwiQv                                               AMEX  650388733    1891101719730815        0.53QFRbFMIOhFIvNDHHKUIHIwUDsyiGpkDUVMQO                        
19741230-121444CMPuGNPWQNxPxFyJcbqUJlAYpHjNOLrnPVRKOplTVbJcSLOif              0000000381ACTVAMBBB+196201172132 Meadow Lake Upper                                                                                                                                          31404       Warren                   NH                  Canada                  Herold                                        PfdjvSn SQGauHcmOQTxTGjhNVeQeVNTxFKNMPkCTxsr                                                                                                          
19741230-150456CMPCQGpvekRzqSfESwKURQOoomSanpImBHcOUixhL                      0000000380ACTVIAA-  18811202833 Wakeforest Crescent                                                                                                                                         91168       Milwaukee                MT                  United States of AmericaTaylor                                        yAEFlyrsqtfYhTFTkIiviUsrDQh QFnjWGaHflEfEoXRoPiIYudLwBHLH ApuVGDPvVbNIibyWmuJJeaMmzRwEx TuIE                                                          
19741230-230238CMPQEKXHKbURLabMoB                                             0000000379ACTVAPCC  1921041013276 Westella Upper                                                                                                                                            85718       Gary                     LA                  United States of AmericaSmolic                                        VjeghWDreSQUQMUFWW                                                                                                                                    
19741231-025130SECAAAAAAAAAAAABALCOMMONACTVIoOCOQMSKHszw UEmOH                                                   NYSE  933347205    1916050719461011        2.220000000279
19741231-111511CMPkSxkTQMzqhWgWKPLpUlwjLKzNGWxVHpWhoJmHwHOcdsys               0000000378ACTVOWB   1928122410314 Presido Way                                                               Apt. 163                                                                        V6U 1R2     Hayward                  Saskatchewan        United States of AmericaThursby                                       yqNoBDAoYRNkjmzUMVWdtjJdibKNqR LrddQMvEKiSakxOKuFtCIWrhPBQjeIRaIzOJXiUQKRMWkLTsIrUjYrOpVnuZvpPeAxSNlMYzCjBwJ                                          
19741231-185759SECAAAAAAAAAAAABAGCOMMONACTVyfPBXhRFguJHzmeWUOMpBYmFChuawPDPFGgyYDirDMGHlcy                       NYSE  542365920    1867102618521229        2.500000000123
19741231-212749CMPbLDfMCiYJfdEseRPOSrNilaE                                    0000000377ACTVEIBBB 19610419590 Cedar Crescent                                                                                                                                              30376       Fort Wayne               TX                  United States of AmericaMouw                                          cNdRoPYiPQLsUdgbnjwUThKJuAyUhCEGQGqxAKPxpTBFwTKNgkfEPQvKKLxPI ULGsmYJLgSsLfhZURNEIffOTsUDfzUtCHorSDwDfawSAXmK                                         
19741231-235958SECAAAAAAAAAAAABABCOMMONACTVlFjJpsJOdqwJFuZC vXWquMyKToXoTktWD yzmDlgIPzVFylMkKIyeKzSQma          AMEX  739071490    1962111318950131        2.640000000259
