19750701-023807FIN197531975070119750701    2958477987.89     462623230.55        0.67        0.58        0.16     194154211.98  449368638272.86    5825330830.19    687852316    792059373oIQejJbSLBWXaQIsuHTVgYmfsffAYKYVcOoxXezynfpc                
19750701-044851FIN197531975070119750701    1887921687.26     420843529.98       18.11       15.94        0.22     909575933.87  598705381487.22    9809333711.02     23241535     264002940000000256
19750701-152935FIN197531975070119750701    5891201769.77    1233738156.05        2.96        2.93        0.21     855623369.30  625180825148.44    3761233410.92    417382820    421299388SJyzkTKNVmGtmiE                                             
19750701-193358FIN197531975070119750701     779134081.38     511683501.11        1.01        0.97        0.66     802285535.06  558525504121.77    5633948025.38    507377866    527394031tWwKapCDGKDqBvwDJQvKfXxUMzFDUXQBf                           
19750702-051547FIN197531975070119750702    1033324490.33     569307811.46        1.97        1.79        0.55     342995526.26  885834913115.92    3661785419.61    289025956    3185091320000000019
19750702-053210FIN197531975070119750702    8108169254.82    1610925101.96        1.79        1.62        0.20     637383661.53  877026352749.79    4544268513.72    901047290    993904017SPxWWxntruWsXkUhrLeUTFIRwNluEpnOeOAYsCBLnc                  
19750702-093217FIN197531975070119750702    7034833371.03     419186943.41        0.48        0.45        0.06     547704770.20  543330436600.83    2561372085.46    874592952    930108979PJfOlXRPMTdOuTIMAy                                          
19750702-185839FIN197531975070119750702     429775356.84     162475406.04        0.52        0.50        0.38     368029534.73  138980169758.15     902084993.48    311394119    3234434660000000221
19750702-201640FIN197531975070119750702    3776811637.74     359607067.25        5.23        4.60        0.10     699653148.66  399999844454.28    5392601191.75     68790753     78162335rflAKFDXHCAcNmwLNJTMIvxdoAJIIC                              
19750702-223702FIN197531975070119750702    9255684824.17    6217806528.26       16.05       15.01        0.67     513479455.33  282339065768.53    2326157095.24    387309828    4142585060000000317
19750703-091630FIN197531975070119750703    9754906497.83     703185831.35        1.06        0.99        0.07     415296681.72  311597880488.01    3309211741.44    666220502    7132502440000000249
19750703-164115FIN197531975070119750703    1867727378.05    1039889282.40        1.37        1.22        0.56     322514098.30  196143308611.77    7084299360.22    758993027    8542847670000000090
19750703-212259FIN197531975070119750703     868884724.17     214905974.08        0.32        0.27        0.25     450710570.43  390080534101.02    5692984962.24    676097734    7991394160000000092
19750704-055404FIN197531975070119750704    5407343798.55    3444641896.18        7.50        6.46        0.64     583152928.56  713077062639.43    5097726441.71    459061844    533099248UOiPPAqTHALSquMEWyPKUQDUMJVXvMfKqTZ                         
19750704-091723FIN197531975070119750704    9896350230.24    3646036996.38       20.93       19.91        0.37     640256101.62  530488924262.52    4181006151.40    174189918    183113814eyGBByYTpoRbgjJdHtPbQdJTXrTbcWTJkSHlPvDAkK                  
19750704-151927FIN197531975070119750704    7719928999.71     819547712.81        1.71        1.66        0.11      24885291.54  245651591319.99    3461413947.31    480011735    494230443CVRXvUkWOxdMcWRMhABiVpiKwSnFEzHzbbeQ                        
19750704-235523FIN197531975070119750704    5258342471.09    2731874774.21        3.40        3.15        0.52     314622871.01  655715229718.02    5424436216.98    803719736    866472985YStBqxDsjUXfEHExmWkfvZRlOucebnJJtfSSdWkqXFQNgAfpCpiUBfCjU   
19750705-082958FIN197531975070119750705    9783286675.47    2495289802.69        3.99        3.49        0.26     942184476.90  457197014905.41    5445976269.72    626103471    7153197490000000404
19750705-101933FIN197531975070119750705    6383655098.52    3860150581.41        5.10        4.32        0.60     163711972.87  837804632702.82    5524165638.14    757184428    893417300bLDfMCiYJfdEseRPOSrNilaE                                    
19750705-140928FIN197531975070119750705    7677599759.65    1655343115.19        2.26        2.16        0.22     464159112.94  911838612882.70    5529461517.48    731200187    7661328410000000272
19750705-183219FIN197531975070119750705    1865417816.41      81251705.09        0.09        0.09        0.04     544086131.65  803938692257.41    5027922047.82    860904149    9245194470000000290
19750706-024228FIN197531975070119750706    8399278576.12    3344105541.36        3.41        3.04        0.40     553026746.77  415164361368.56    2552559001.99    980507900   1101408020UCXHsOMKBBhFtzPEIauEkuhRHBwnBaQQmhkLJLYXHLTsPYhuqrMWF       
19750706-053959FIN197531975070119750706    6244230717.65    1394464180.71        2.68        2.25        0.22     977124905.32  291207260427.67    5678726767.73    520569894    621002150IYXYDYXzMPNoklZTdipMzRqgCNIOKJHazWaAqvQYkNmrDITClMRGjaTm    
19750706-142800FIN197531975070119750706    8657286823.39    1990180070.40        3.97        3.60        0.23     349272049.79  174564012040.09    8277382085.91    501676257    5533123940000000311
19750706-231549FIN197531975070119750706    6165950063.00    3869696426.84       20.30       17.25        0.63     364492725.02  855168621015.47    6848766703.46    190588084    224367987NDMTpVIrJWPCeyQCcEYjkKvXAtipQddjCx                          
19750707-025024FIN197531975070119750707    1381525218.88     934664957.66        1.99        1.78        0.68     225746393.59  692919801588.00    9262417497.26    469808077    526058904PjlPgtyXFQMaQwoAnVgbUFMVCFQGEgeGVOPIPEPLwBmXWxRK            
19750707-034628FIN197531975070119750707    8772766338.09    2473811612.72        5.81        5.11        0.28     334112327.55  564748410019.61    7728578786.45    425763468    4841021620000000160
19750707-091034FIN197531975070119750707    6967996857.91    4494995782.47        4.79        4.77        0.65     157702382.44  282759718539.39    8946436272.06    938030067    943112017iygCnruNmmiRZKrPxEHpuLAIrZIVgBcvWJzjzMNW                    
19750707-162416FIN197531975070119750707    6861781388.64    1123025637.02        1.50        1.40        0.16      35107891.78  773191980312.27    8856494698.10    750808835    8010086760000000004
19750707-170350FIN197531975070119750707    1511619578.14     587631659.17        9.28        8.67        0.39       3915832.58  253266427003.54    6846665905.06     63291598     677920630000000051
19750707-225816FIN197531975070119750707    9041558868.53    3302433346.59       11.00       10.13        0.37     201496865.60  410440870879.39    5921399251.06    300100658    3259167600000000065
19750708-024207FIN197531975070119750708    3153127142.15     237411939.44        1.15        0.98        0.08     454065509.91  562351325982.71    3747912167.93    206670016    2416742100000000102
19750708-114707FIN197531975070119750708    6730356931.89    2287403787.99       22.12       21.14        0.34     558548114.34  206269926347.20    3650219521.38    103421482    1081904710000000304
19750708-202621FIN197531975070119750708    7941999056.08    2878931580.99        3.76        3.55        0.36     974983204.09  723832126561.46    2340568897.15    764925723    810109786YpbHzwUNEAFRSRGDoObqLpwydBbHFFewWSzCrbAQkJqTTzimOZOBxu      
19750709-013713FIN197531975070119750709    1212346278.70     830015744.72        5.36        4.85        0.68     104594991.67  315401721248.35    5461380186.78    154743044    171307593IrljJqDPhnGJAdkfuKPzQaCMPFqxMSVCM                           
19750709-034039FIN197531975070119750709    1829893883.64     283992123.33        2.31        2.12        0.16      60814424.88  425274178373.80    7473220439.53    122835513    1342572140000000175
19750709-114845FIN197531975070119750709    8466823477.33     181455767.99        0.26        0.24        0.02     168917318.13  616842759113.54    8438874279.72    685810418    744931605pmVFtISJNicSLMLBUTybzczhOfHObPpMYpBqjAaxrDHJ                
19750709-125659FIN197531975070119750709    3960656220.42      96384694.01        0.42        0.38        0.02     835061486.12  205739301363.87    7178373648.05    230781210    2568380870000000142
19750709-135615FIN197531975070119750709    7118149282.05    3889566440.96        4.38        4.32        0.55     421696954.87  325583061949.90     902771455.74    888482984    9000582800000000193
19750709-203601FIN197531975070119750709    4549487721.59     637792159.11        1.13        1.01        0.14     246813943.78  731817458519.24    6925975497.34    566703874    631832476jmClCXBcZwINVyetRxHbWYRbsYBIFkuIGtecXWIN                    
19750710-045015FIN197531975070119750710    7067727514.38    4022919365.72       15.93       15.03        0.57     518005661.60  377302306922.62    4895581116.92    252582371    267591519VXpGhfFbmgISLSMZVQlpBtNxkRhiLKvoTFIEKvFgIOL                 
19750710-135754FIN197531975070119750710    1968322833.43    1123813816.17        1.13        0.96        0.57     552919667.17  749152886098.96    4970584907.13    991392082   1172123170RtViYFmrIsxKGEwUpZCHztOlYJbXJDNK                            
19750710-142930FIN197531975070119750710    5145293308.15     764467432.74        3.47        3.05        0.15     910404068.05   75674609679.32    8833888812.02    220609445    2502747540000000364
19750710-190247FIN197531975070119750710     743095024.62     290068809.39        0.63        0.58        0.39     858388240.80  854488462917.70    4843707632.96    462724802    5010784860000000330
19750711-051705FIN197531975070119750711    8171546393.31    4160787851.65       35.23       32.27        0.51     528498889.91  868582197725.44    7459027979.51    118109148    1289458130000000224
19750711-155316FIN197531975070119750711    9331987534.60    1517941732.87        2.92        2.66        0.16     362404088.31   28008098225.03    5208723793.09    520131552    569658892DQuJNtEYqROCQUqiSrVTNyPDbqoiEAHxIIhMFJpSwLlaTsi             
19750711-213431FIN197531975070119750711    8663038337.60    1112081942.43        2.79        2.33        0.13     246311549.46  709643303058.59    7082276010.89    398527358    476461840CrHZqaLKlUACIOCnANOtBcGMhwNEnHp                             
19750712-032406FIN197531975070119750712    7354268507.61    2691200335.54        6.52        6.03        0.37     746210472.64  539634770646.63     359271829.32    412836570    446629966KwEuePbqXSKWLGKXUZjUklpgUQeBiAT                             
19750712-131003FIN197531975070119750712    5120949781.84    2537498286.12        2.84        2.43        0.50     142567226.84  939909679167.87     114834672.68    894469704   10461125190000000241
19750712-144829FIN197531975070119750712    2771376988.04     797921789.14        0.81        0.72        0.29     550951313.15  649172202051.92    6460220227.42    986663612   11115046550000000163
19750712-181801FIN197531975070119750712    4819397913.87    2700344209.29        2.76        2.73        0.56     719382779.68  855619141100.18    1277674737.49    978954338    988273544GcOZWfgNzDuOjKAXcEZk                                        
19750712-214923FIN197531975070119750712    1662949911.88     265160539.11        0.33        0.30        0.16     669481288.72  822224163179.86    8356761920.72    796798355    8974426580000000396
19750713-074622FIN197531975070119750713    9082854638.35    3103039947.65       29.28       29.21        0.34     163475424.20  895218968363.09    8402669813.24    105995630    106226981vrgJXrrDqYMHGmKLJuguAOGzQyGAZjXZEgWvPnFNSMEEcERsNHAVTXi     
19750713-182618FIN197531975070119750713    4232454320.61    2898730910.39        4.87        4.85        0.68      99421090.27  313340252886.20    5026787879.60    594696944    597821233xVzRAyCWGZWMRBEWHTIJvWhjsjmPOom                             
19750713-222959FIN197531975070119750713    3418195016.25    1371526558.39        3.16        3.16        0.40     383735913.13  155917506135.86    7433288244.60    433625108    4343411570000000015
19750714-075920FIN197531975070119750714    6422514907.27    2285030436.76        2.48        2.18        0.36     311136039.55  749814635214.93    6520819787.25    922128854   1047050851aaCRGOKapDAmHhNFT                                           
19750714-135504FIN197531975070119750714    6060906451.02    1215020299.32        7.76        7.02        0.20     264377343.08  195154119493.99    8387185053.74    156477548    1729601870000000063
19750714-153438FIN197531975070119750714    4405536568.99    1767608803.87        3.29        2.99        0.40     243247644.57  989216247412.28     792736790.10    538076700    5921087500000000154
19750714-224715FIN197531975070119750714    3013674801.95    1414855845.18        7.15        6.30        0.47      44046782.95  815996932055.97    3769573664.54    197974656    2245050120000000294
19750715-010105FIN197531975070119750715    9439645421.30    2722201725.26       12.15       10.30        0.29     902400215.68  911356374229.74    6737045071.48    224083676    264355028yCYxzdCtKDVDKNxAugXBOfBjJNSubdTVTPNMQGEtO                   
19750715-011337FIN197531975070119750715    3639699897.13     278464017.16        1.04        0.91        0.08     224796977.86  503498322675.03    3154767352.24    268129506    305083509CKqQGzXcNXMPWzzEAqHxSpCdCwJEirgSInSJOMkfzMBleWwhgbxmoVEVYU  
19750715-112945FIN197531975070119750715    8136076295.45    1052139608.31        1.34        1.16        0.13      26224338.58  386768653098.00    1995447750.81    788030569    908501071hJTjBraMaWddGWF                                             
19750715-140109FIN197531975070119750715    1250178304.72     294007693.26        0.92        0.89        0.24     864237964.13  122613304656.66    8618442760.63    318840087    328772620SLjJLcNoIZTAyGyOAtNtTFMQNEKksLfngTYwlVSjEZSFXAXKeoBI        
19750715-200140FIN197531975070119750715     956546672.02     620982223.11        1.03        0.92        0.65     327603659.47  151358915452.79    5338680347.27    601864386    676896246ILluFBdLbXRPNPnaiojyEqsGqUArncqWACvKTGoQnLdlqc              
19750716-063516FIN197531975070119750716    3292373670.86    1595316959.00        4.46        3.79        0.48     123221421.36  344988823078.41    6831021375.67    357380703    4204732380000000091
19750716-112322FIN197531975070119750716    3069829289.64      10812059.36        0.28        0.25        0.00     515171932.83  853683486612.78    6245909774.30     38589338     434224260000000384
19750716-203644FIN197531975070119750716     333789943.53     134352912.40        1.24        1.14        0.40     971284301.70  825359280910.29    6399320145.85    107961178    1180756530000000260
19750717-045217FIN197531975070119750717    2558932901.38    1742992208.54        2.06        1.81        0.68      83780826.07  360632318821.29    6333754202.07    847659081    9641181580000000023
19750717-142149FIN197531975070119750717    5338724085.39    2785449310.19        3.78        3.34        0.52     619004560.11  146304424243.47    9659015739.45    736921257    834982289pCpCzKjHcYqVffAhFtKrpRMJCHZR                                
19750718-010441FIN197531975070119750718    2133960322.81     945295568.80        7.57        6.96        0.44     584918895.99  485513246540.81    2999668857.39    124910312    1358653470000000026
19750718-064455FIN197531975070119750718    8386345780.21    5775645538.90       53.97       50.43        0.69     460041939.66  330585373398.48    3778720208.55    107010753    1145311850000000110
19750718-081116FIN197531975070119750718    4254417593.45    2129650413.63        2.83        2.43        0.50     663201475.06  741624679546.42    6415215779.47    751375067    8756306060000000062
19750718-100641FIN197531975070119750718    9770825108.40    1084431976.34        2.34        2.32        0.11      24843808.45   43539375140.83    9880094080.95    463267040    468379664PGDBgEZqRneMoLzzQWIWKPqUm                                   
19750718-155028FIN197531975070119750718    4338329086.08     306818511.30        0.40        0.39        0.07     822385987.42  176666885505.19    3605039570.00    770164387    795010835XFIdEwZygbPJVVwGVWIfBAXvHBXIOxdvsyIikUuSMNZsQaMY            
19750718-161139FIN197531975070119750718    2836156431.55    1589492986.66        1.94        1.85        0.56     527591969.56   73163888907.31    6821196458.36    821178427    857216257BlzKUNpcdbxQGHwUAaQlIXGgyZmHnyRREOKBwpXvXwwWEOWiNJVMXWALS   
19750718-234240FIN197531975070119750718    2937743177.69     156113408.89        0.22        0.19        0.05     153164459.49  248130948753.00     534362532.75    716509588    8275511280000000247
19750719-051834FIN197531975070119750719    4341342199.76    2157949447.40        2.25        1.94        0.50     340634697.14  345240513494.34    9005762695.10    960049590   11148608720000000322
19750719-111422FIN197531975070119750719    2769654754.43     718822616.09        1.53        1.37        0.26     413109794.64  821494461629.26    3130928273.37    471231354    522926695kBFzLPYLDHAuIEHlgFFBqUhnO                                   
19750719-164119FIN197531975070119750719    5961807145.43     625533272.02        1.66        1.59        0.10     169890269.91  363874119162.96    5419590278.74    375976678    393243265DFfLCWNBMANVNNVospfGiAJTCJrfFqKRzfHTFdNDAvQwIcZ             
19750720-031502FIN197531975070119750720    8235295146.94     921070770.83        2.78        2.62        0.11     125056291.09  346312177401.99    9800402224.39    330827019    351222649XUhuCIMVvmnSqMBPsPTqVPeOhOJjWFWHqbzvsVmNTAFOvA              
19750720-120335FIN197531975070119750720     711148792.69      53938703.85        0.22        0.20        0.08     214764551.66   96971793589.11    1381778346.59    245817418    2635044030000000386
19750720-134802FIN197531975070119750720     899296653.85     513293296.79        2.01        1.85        0.57     292456013.05  899999347354.55    4270091219.91    255081290    277349658SvidWcyubUlaXFkZnmqETXvDJYaXITuhWLA                         
19750720-142458FIN197531975070119750720    3878977026.17    1348498670.42        7.01        6.17        0.35     787880732.82  697404452671.77    5538926662.49    192394618    2185266570000000395
19750720-233111FIN197531975070119750720    1393020826.46     653949141.96        2.49        2.08        0.47     209407683.37  541827070574.00    8180190753.05    262619176    314846235TxTPsLmGwimWWXASxFWhHELRSjbULIsdFngWTKprXoTR                
19750721-090933FIN197531975070119750721    9586916080.53    5136703279.48        6.72        6.59        0.54     895779593.10  280963859957.72    6526428836.62    764953128    779228307QZoKTiXLKvPjulUWXMCUtVfATzbC                                
19750721-132338FIN197531975070119750721    4575335527.08    1506515738.64        2.63        2.55        0.33     111653040.37  412592597329.06    1794075605.87    573605480    590050199imdafqhUOHJJweSjJLCsJtrIwQTHOvwNcouZrYzKuEbA                
19750721-174357FIN197531975070119750721    6713452059.74    2043814816.26        4.60        4.49        0.30     933067240.28  744524598566.32    6429463058.49    443914938    4555676260000000069
19750721-235148FIN197531975070119750721    3777674166.79     403692523.67        2.41        2.23        0.11     540329066.37  521994577053.55    4631315567.34    167297266    181059760DGDgbyTniJxSJJPHLVwwcatOfVEGLQJcDCwMnGNsQnkAvm              
19750722-094351FIN197531975070119750722    2508011982.38     269345788.49        0.44        0.40        0.11     121213511.80  776477675542.45    1686911876.00    618227778    6792540030000000293
19750722-122929FIN197531975070119750722    6824789826.50    1072043509.89        1.13        1.03        0.16     459241571.28  277098525046.69    2907359870.17    952499408   1038483605LKcmIFGIvNgAcvIcDsIfLSTCBTFZvyKmVsXmANBQQ                   
19750722-223413FIN197531975070119750722     247372416.20      57058815.81        0.14        0.12        0.23      89369005.09  320842785592.64    5037746555.04    413224772    466097877qOdVHYxDVZvGNRKGYVTrFSwxPzXxkMvZgmZdThHHL                   
19750723-000945FIN197531975070119750723    5168065963.16    2740164497.37       28.01       25.56        0.53     973357271.24  726472073409.69    5941191327.00     97842344    107200389UXKSWgGTVwuzWNnUV                                           
19750723-101133FIN197531975070119750723    3996519397.40    1105515073.72        1.54        1.53        0.28     396711234.88  837933572855.18    5026980292.18    718088032    724501306VTGIYOHqQTinymJiaerSHchHKAKjpPD                             
19750723-165152FIN197531975070119750723    4829771387.24    3231843492.93        4.78        4.27        0.67     839699898.22  726120913814.34    5748453640.66    676185572    7565856710000000197
19750723-165451FIN197531975070119750723    6230499808.95    2252215407.51        6.84        5.82        0.36     861890225.85  951026082490.52    7263799822.07    329417232    3871500200000000331
19750723-193708FIN197531975070119750723    2138250087.00    1356404814.88        1.45        1.27        0.63     868685226.56  538279960737.78     698730351.49    932433355   10645105940000000124
19750724-054825FIN197531975070119750724    6573559675.05    2474230927.93       10.41        8.93        0.38     866386969.26  633926218515.29    1415248456.04    237704416    276984873daGGtcoTREcrZvEbKVXTGbZcgwEydZMugGTKPnwbTU                  
19750724-080348FIN197531975070119750724    5180168557.01    1805408110.25        6.57        5.73        0.35     905357556.48  676447565243.16    9285472281.17    274763053    3148226480000000199
19750724-133129FIN197531975070119750724    4705526599.98      53796641.78        0.06        0.05        0.01     138606991.26  253978469771.05    7724786226.98    901911355   10439997950000000336
19750724-210416FIN197531975070119750724    9732175189.67    3611503231.22        3.94        3.48        0.37     451295992.70  461775790748.90    1037165390.63    917610454   10368620670000000178
19750724-232539FIN197531975070119750724    1166895386.65     312762190.51        0.49        0.41        0.27     494235875.10  372391612792.17    5313369227.38    643539613    7599635480000000209
19750725-100130FIN197531975070119750725    6855294829.42    1491498186.65        1.71        1.56        0.22      35131243.91  905033200985.91    2338223782.27    873584396    9555996760000000345
19750725-121449FIN197531975070119750725    6598363560.61    3339249649.92        6.16        5.60        0.51     965729527.72  853115420604.00    4498976680.81    542202844    596354854JrvIZAzWlMCTHGbTEAUdbBtPiFGrTXDLPtHHrjDyTiEWmrrZ            
19750725-225232FIN197531975070119750725    8200296910.07    2898252284.05       11.88       10.27        0.35     331624221.61  136327597083.40    6421343862.43    244055588    2822708920000000297
19750725-235206FIN197531975070119750725    7536955996.75    2903499439.52        4.59        4.34        0.39      16578500.88  843227729568.51    4241874600.07    632036637    6683335780000000202
19750726-084326FIN197531975070119750726    5739721028.68     568360658.94        5.36        5.30        0.10     620701907.70  197782321427.35      25270056.48    105948749    107313469dBBCsCzeivSxrOWJZkMbNfLitfJSVqvvAy                          
19750726-142802FIN197531975070119750726    6129054089.33    3959973116.05        4.24        3.82        0.65     126088911.70  630834594499.64    2233666046.93    934188638   1036703595BEFZxtnCCsYnsAWxOEIimDUoQNDibMTFBcr                         
19750727-005847FIN197531975070119750727     231249139.28      47655422.15        0.07        0.06        0.21       8039273.13  316403081736.73    5573109043.98    695454678    757350266ZQTjEUONCDrpaHYvA                                           
19750727-093106FIN197531975070119750727    5137043984.54    1119889177.01        6.67        6.51        0.22     438029479.73   53513393847.40    5630850007.89    167829912    172063088WKHSDaFEDSYXOynePKHWBGLeJ                                   
19750727-200720FIN197531975070119750727    5278394066.93    2935869836.54        5.14        4.70        0.56     684826246.72  638952701775.13    7253815651.62    571684515    6246525940000000266
19750728-002417FIN197531975070119750728    4920177796.28     530489133.55        0.63        0.55        0.11     623261477.12  651829085200.51    1404662360.10    845759253    9582705490000000368
19750728-051029FIN197531975070119750728    2495299844.12     354122606.58        0.47        0.45        0.14     641498767.44  229339330129.99    8669250314.46    745997196    7956790350000000394
19750728-110254FIN197531975070119750728    7868944310.01    1958090877.89        2.36        2.07        0.25     693522006.43  644684081182.21    5475027842.51    828451725    9445336440000000375
19750728-124929FIN197531975070119750728    1531635352.64     574937224.46        0.92        0.77        0.38      51526442.09  816883598161.38    1078376558.23    626124456    747914978EVUsfGZbFTVUBMUvYJxLFJecNoRUrFGd                            
19750728-131240FIN197531975070119750728    6728583060.11    2181635497.73       23.16       21.67        0.32     400614701.94  582914087051.67    7353920120.79     94180920    1006855690000000222
19750728-160032FIN197531975070119750728    4406798996.01    1806333087.23        2.14        2.06        0.41      84423235.54  646340393843.63    3722756024.71    843373549    877278121pEGIPCsKwtTHCezUJixADHRHcVKNIYrTyyOPIF                      
19750728-184911FIN197531975070119750728    2707905503.44     976927228.37        1.01        0.92        0.36     732124112.20  369450379700.98    2825572458.19    966099393   10658684330000000073
19750729-000531FIN197531975070119750729    3250931793.80     314933932.38        1.91        1.61        0.10     397692219.37  323474797126.88     144269946.50    164967846    195319629QEKXHKbURLabMoB                                             
19750729-063452FIN197531975070119750729     415549633.77      33827381.80        0.05        0.04        0.08     966303166.76   33153135232.20    8915960846.01    666524003    764647284YNouztDEEgVJnWzrV                                           
19750729-073523FIN197531975070119750729    6968730239.37     217567003.56        0.69        0.58        0.03     956392300.07  697241504295.31    2768792435.90    317365704    3730759310000000239
19750729-104505FIN197531975070119750729    5878167141.13    1411131819.05        2.04        1.75        0.24     756119724.34  625114936350.69    2746519616.09    692844558    8067278710000000288
19750729-122421FIN197531975070119750729    4755477517.05     478478002.49        0.77        0.73        0.10     227993689.47  767695232004.26    4664296553.76    624201301    656839104NexjEKvgkViOeaMXWULcs                                       
19750729-153201FIN197531975070119750729    5767958773.90    3457999191.14       20.92       17.66        0.60     602570445.52   35084017209.75    7752244672.93    165315160    1958648980000000060
19750729-184806FIN197531975070119750729    1710022418.88     840158186.17        1.28        1.09        0.49     774122291.70  630478062483.82    3323127813.91    656629208    769643663wGdVXrkktIjHLmLGSuJmmZ                                      
19750729-225934FIN197531975070119750729    2425250506.42     227833814.12        0.30        0.27        0.09     233726606.63   60985328837.11    1803808252.59    761023042    8505126930000000337
19750730-093757FIN197531975070119750730    3588596727.73    1321448284.35        1.65        1.61        0.37      31533936.81  991351215517.63    3318202825.22    802674973    820894854JNrlzArRLtDOXxp                                             
19750730-165444FIN197531975070119750730    9232932492.32    5302659951.71        8.58        7.90        0.57     790806910.19  532813123045.59    8951629058.80    618183837    6713437500000000120
19750731-012536FIN197531975070119750731    3177906643.85    1131101239.47       15.10       13.73        0.36     484961395.06   57360062139.56    9737061843.02     74912086     823779270000000117
19750731-100133FIN197531975070119750731    7690494504.52     481589916.32        0.56        0.49        0.06     189815319.09  981015980819.47    4585156469.44    863740904    9786380390000000295
19750731-160925FIN197531975070119750731    4946667320.55    2427804672.10       10.51        8.92        0.49     340126503.30  847536479212.94    6471913424.65    230903950    272104198VxmNpSrxEBXnLfMwj                                           
19750801-005417FIN197531975070119750801    4451446563.76    1122833557.81        1.81        1.80        0.25     932157928.13  659987501437.61    9218454651.80    619183516    6251432130000000305
19750801-092502FIN197531975070119750801    4794148080.87     749445465.23        1.17        0.99        0.16     504912401.91  534921962080.82    1016843402.63    640162006    7595753810000000126
19750801-193012FIN197531975070119750801     365308279.67     236614899.98        0.25        0.22        0.65     818078398.30  813208252878.05    6967597017.16    965570609   10888983170000000279
19750802-003724FIN197531975070119750802    6199756989.13     578021474.81        1.19        1.15        0.09     523919360.66  809961263484.01    9902341195.52    486771555    502719963NBlLFolAbmXBmOMhThAUqP                                      
19750802-012711FIN197531975070119750802    2258633324.81     794748075.07        1.32        1.19        0.35     199041860.85   15727308258.74     622866777.72    601029556    6656264820000000112
19750802-055358FIN197531975070119750802    9590767380.84    5046722912.99        5.99        5.69        0.53     846558334.10  250450844571.35    4981336422.08    842274035    886242973IddATadJgdCfioVIuoybWUMFoSVrQfTjTzmECHLAKP                  
19750802-062413FIN197531975070119750802    3914817572.96    1598679910.71        1.63        1.39        0.41     525942909.72  985384810337.30    3865497938.97    978646261   1147984140xtCKWBjqUKBQIRxNAFhHNGkothLlKEOJLIDZHCCNWPKwSBnHHcnYM       
19750802-090507FIN197531975070119750802    9149935065.95    5489426278.58       16.35       15.78        0.60     425197518.47  807334184162.11    2558078808.37    335798668    3479503430000000183
19750802-094402FIN197531975070119750802    6029376623.53     669793353.38        1.07        0.98        0.11     570734832.57  842257121365.85    8253870018.23    625519713    683110911tMxRtlNQsLObcjH                                             
19750802-122824FIN197531975070119750802    8102084957.19    1002503617.37        2.53        2.22        0.12     865571117.04  770583119064.87    1789260083.69    396105115    451965512cjSaOXnFRxMLKQEIORXsThOgBtEagEQlinpIRP                      
19750802-173004FIN197531975070119750802    9404984216.58    3486709005.69        4.62        4.31        0.37     373347017.17  458551907395.71    4783290680.24    754706301    8086937380000000397
19750802-182328FIN197531975070119750802    1150212106.19     558210823.22        1.50        1.27        0.49     844564708.93  729173438151.61    3208417968.81    371433549    439157271zSzyZVwpMSypTaf                                             
19750802-204045FIN197531975070119750802    8414843235.82    2528339499.90        2.64        2.42        0.30     748813320.91  111879829746.04    8608563937.53    956382769   10461153410000000167
19750803-061611FIN197531975070119750803    3608023052.56    1930522689.05        3.73        3.57        0.54     668703958.52  540760601682.57    1122419918.37    517599063    5407430970000000095
19750803-063605FIN197531975070119750803    2923956397.96     157444675.99        2.98        2.97        0.05     379626385.31  826296654573.72    6279940450.95     52766677     529737650000000269
19750803-171848FIN197531975070119750803    7275437340.32    4408583485.82        4.57        4.44        0.61      69911937.46  129464460510.89      54358539.63    963797583    9931868980000000215
19750803-224818FIN197531975070119750803    1286028415.64     554465466.66        0.67        0.61        0.43     976923364.95  561784194613.66    7499959719.08    833528836    9118952960000000201
19750804-000805FIN197531975070119750804    5847620751.11    2859804278.03        9.74        8.45        0.49      82014473.44  895457295899.37    8149726046.43    293713904    338453898HxzoYsDAKSPENhVFhNKSkKmGIMCcGmnILQJPtbDNGKngRypBIdcTCrF     
19750804-042003FIN197531975070119750804    4262628851.40    2883591695.45        3.04        2.60        0.68     816781741.96  473629413329.03    6314320859.43    948188125   1111029523RICOfhFDpPHwKRHsmPHYTpTzGDeJMQruPEEdPICrMiweHGwOFQYNoQXZWIjN
19750804-092227FIN197531975070119750804    5701227748.23    1287607091.33        2.00        1.91        0.23     957949484.58  566850366807.88    5351987532.07    642654811    672643706xusTszaAbgwnfcAmfKVarNCrANUVCpmHQKKuWPXvljshueoBLMHi        
19750804-145608FIN197531975070119750804    8595945767.12    3282801853.39        4.30        4.05        0.38     870770204.01  227874917111.32    3193129946.07    764124959    811243596KRtMROFTkhVPydRKxEDtVV                                      
19750804-185008FIN197531975070119750804    2829977816.56     593961508.30        4.01        3.62        0.21     438488690.42  817276760238.11    8633658687.62    148032068    163905680pArpWSNsgNKTOPAFFXMA                                        
19750804-191024FIN197531975070119750804    2490939440.28     987919839.41       13.50       12.26        0.40     321303559.91  459302594778.27    3872039334.93     73185329     80610484BGNkHkSVFBdTuPfNoMIAETucvmJKkQhReFVyGfvjpOOsNPR             
19750805-043936FIN197531975070119750805    3511821976.99    2171942775.00        4.94        4.91        0.62     368962986.50  433859710198.12    3528161692.24    439917448    4422478080000000308
19750805-054926FIN197531975070119750805    9995989492.02    4382414210.36        5.58        4.80        0.44     403954038.64  475345894803.21    5932645327.87    784740249    912237033bqxEENiCeuJtRlUKFwhdKteH                                    
19750805-084037FIN197531975070119750805    2849347241.00    1464802968.58        1.93        1.89        0.51     890865636.56  896545318418.52    2775803533.03    758742270    7737506500000000245
19750805-145146FIN197531975070119750805    7774532237.38    2232762700.77        4.16        3.98        0.29     539717922.09  444559561018.74    6192205460.94    537116379    5615324500000000158
19750806-003910FIN197531975070119750806    5635967870.57    3349523732.17       11.35        9.83        0.59     311682569.53  620563813136.90    3803401077.63    295192366    3407803290000000225
19750806-095245FIN197531975070119750806    6481170781.97    3276468317.15       13.28       12.69        0.51     830312268.78  451149911271.74    1173789869.38    246672036    2582800150000000314
19750806-100529FIN197531975070119750806    6802166760.80    3766082842.05        6.68        5.82        0.55     819135414.98   37939185722.69     778054355.46    564101230    646833454uGNPWQNxPxFyJcbqUJlAYpHjNOLrnPVRKOplTVbJcSLOif              
19750806-102802FIN197531975070119750806    8349494834.05    1354988662.24       96.14       87.10        0.16     808842094.50  622859226431.72    5557746220.37     14093999     155563220000000306
19750806-202216FIN197531975070119750806    8015407020.91    2687384160.52        3.63        3.25        0.34     969682461.34   22582725609.28    1120146676.18    740639883    825643815OWhkEOObBxFJLmuCTofocjzocIKbNsmlUvpBNaiWNzJI                
19750807-002653FIN197531975070119750807    8174748220.25     340169091.10        0.64        0.60        0.04     234488331.18   77614693774.35    1242357123.93    531479785    5706190960000000076
19750807-104402FIN197531975070119750807    3655724227.41     960016781.86        2.87        2.68        0.26     288470635.46  224967440539.30    8823598767.37    334064583    358460527XDnNdfGcCiNIOwdZoWMTZgVYEOsHLSH                             
19750807-182754FIN197531975070119750807    2203683676.99     137936050.40        0.86        0.84        0.06     570599444.51  867789738108.85    9031787653.76    159477977    1640952080000000251
19750808-002348FIN197531975070119750808    2693880796.09     984671038.30        1.40        1.21        0.37     717736178.32  264956675442.94    6243239019.94    702085429    8156460300000000011
19750808-080708FIN197531975070119750808    7388396224.10    2205546418.32        4.25        4.18        0.30     552057259.71  786773719712.28    2760888076.14    518617906    5280706850000000367
19750808-101544FIN197531975070119750808    1410301700.48     359160388.17        0.64        0.63        0.25     942668916.28  569725234950.11    5759842997.14    563747340    5736199030000000145
19750808-172837FIN197531975070119750808    7385601715.96    1480697232.07        6.32        5.58        0.20     452074270.31  611201654461.47    4865009056.97    234305487    265170731WCJJAitQbHnCKfmKEVEELEBjYtHsVGTBpOMMCLXEadMPRGRTA           
19750809-003521FIN197531975070119750809    8367531265.06    3269625545.05        6.10        5.97        0.39      61104498.44  440860040586.17     207630364.55    535765632    547596815fKTWdFNbJFpYzsgNOKBALRptDJzAgeGSPxIBaUpK                    
19750809-075500FIN197531975070119750809    9201978520.44    2826932371.60        4.45        4.30        0.31     592319345.98  119012898838.92    2216902641.09    635121782    6570853180000000022
19750809-103505FIN197531975070119750809    8385528162.67    3093070010.39        7.55        7.21        0.37     227886645.09  989072498708.87    9755508193.41    409914150    429201859ELRDIvILDRFhUOPlOdBNRoJISmXZkKmyFIXaoT                      
19750809-113220FIN197531975070119750809    6426667630.21    3575538427.72        7.48        6.88        0.56      33489082.90  436715371662.04    5313566556.21    478017586    5198990100000000187
19750809-212008FIN197531975070119750809     322540949.36     212667402.08        0.58        0.55        0.66     795077224.95  489384961026.93    2086043018.41    369533659    384957343GQgODZYcTEajaEMYDrWGoMdiJOENBaMGcnwYwuNTRPoOXXVjWD          
19750809-225909FIN197531975070119750809    6829424731.41    3085451899.17        7.21        6.67        0.45     843268437.47  609339198690.92     478389645.78    427979195    4622973300000000048
19750810-022815FIN197531975070119750810    4279350540.33    2933322255.81        3.14        2.72        0.69      39875906.83  502028800518.45    1024132347.05    934718233   10781183790000000153
19750810-060755FIN197531975070119750810     636564856.43      82692195.78        0.14        0.13        0.13     306116741.37  105624027712.12    6491296534.74    593918609    655091437OHzaLyFKQkeISJnxSTeShaOv                                    
19750810-114612FIN197531975070119750810    1735218887.97     311331917.93        1.21        1.17        0.18     858580476.72  707438182978.67    6978313438.09    256317209    2671490350000000106
19750810-181934FIN197531975070119750810    2398516529.33     428367013.93        0.61        0.58        0.18     158636352.51   54240997709.59    8323486063.29    702768774    7403149480000000127
19750811-032719FIN197531975070119750811    9027700898.91    3654753316.43        4.16        4.00        0.40     432042166.56  232062117634.63    1624862882.18    878155516    9132817220000000230
19750811-040713FIN197531975070119750811    6133242085.23    3428050406.85        6.00        5.12        0.56     135446442.90  377771198456.79    1975593382.46    571064040    6692202090000000141
19750811-135402FIN197531975070119750811    8667003384.32    3544211085.59        5.02        4.72        0.41     270095874.23  550201172867.71    1389094075.94    705826190    751128746YtvHEQBjudJlIIctWcFxmnzyLLXwZIjQbTYYSJjShQPPW               
19750811-160648FIN197531975070119750811    5565564157.59     406070293.51        0.45        0.42        0.07     529553004.05  719156511686.63    1799825901.18    897678334    9746532540000000098
19750812-011137FIN197531975070119750812    8694052861.44    2565126969.29        3.66        3.44        0.30     547797963.61  982921221018.31    4477139320.58    701663233    7465615130000000008
19750812-085528FIN197531975070119750812    8530449145.34     939123760.85        1.08        0.92        0.11     695518589.11   22663274877.73    4510479016.96    866272936   1025452913OhGyMTcWMJdQpJQZIiaxBfCuXgKBUhaQsuoACPYaXpbjkXNDZMmSDD      
19750812-193043FIN197531975070119750812    9982709095.76    3846151301.26        6.42        5.68        0.39     502152328.74   37206754954.43    7800988993.26    598798070    677367959eezYHLVGTnzwQXHAOrKazMfL                                    
19750813-045411FIN197531975070119750813    6072245074.33     642221241.60        0.75        0.72        0.11     415641792.52  797651456083.15     292484849.51    850817361    8961669180000000162
19750813-084419FIN197531975070119750813    5998638438.11    2598972784.04        5.15        4.83        0.43      13921780.05  867441042350.35    6362821706.06    504927945    5382568660000000096
19750813-100853FIN197531975070119750813    8192308592.91    1978546547.11        4.28        4.07        0.24     513656624.68  913516657239.76     918007472.73    462253274    485765731QPoUnLDTrDgYSUKWmSCDOMHFQOuOStATjAIXdgAbzman                
19750813-174616FIN197531975070119750813    2123991846.19     931542751.52        1.12        0.96        0.44     564306399.62  489249521616.06    8215760196.76    828053876    970840040IGdiEywJBcATiQxUreXhZFNmItSTGTzCWbMRFCVCvGNDFskCX           
19750814-032607FIN197531975070119750814    4602069589.57     252614543.82        0.52        0.45        0.05     478035350.76  876589622535.10    2614874588.43    482583702    564190068wiFRVPFqQNGELjgHzDAyVoYLlCEZUsKnSGD                         
19750814-054022FIN197531975070119750814    8600479691.85    3890082910.96        4.59        4.32        0.45     987012849.91  889590250142.63    8847440582.09    847358774    901190497uBBFBUhgSRFtzQIYXtbEFRe                                     
19750814-124125FIN197531975070119750814    8838549633.63    1260064039.55        1.34        1.23        0.14     980475806.14  309981995917.55    5553923690.87    942800553   10256783630000000170
19750814-172810FIN197531975070119750814    7768712061.08    5007978512.52       20.69       17.46        0.64     523068725.42  354364843604.92    1250206538.89    242027550    2867466540000000286
19750815-021208FIN197531975070119750815    7617524573.09    2491956458.10        9.04        8.91        0.33     118467467.88  496287817767.17     523369633.61    275629693    279569879nUSbwozHKnjEMwDGEwifsBDVkWMEUCXcZRAlqaRyXugMDSPCvILEtSe     
19750815-064946FIN197531975070119750815    8284161178.75    1241701441.50        2.67        2.33        0.15     593707190.92  570588900152.13     438184736.65    465404086    5338745840000000393
19750815-101413FIN197531975070119750815    4104859951.03    2677131773.07        3.45        2.90        0.65     202277696.05  506500742038.27    8087837501.18    775989874    923562685HlQPdCFlfEZpMPIC                                            
19750815-165000FIN197531975070119750815    3817213843.02    1557722348.24        6.21        5.67        0.41     617221933.47  444853937755.20    4600948936.93    250808801    274741387iXUGHHxqpzQXrsqqQTEnuXFxroDeijHhLDuSP                       
19750816-023600FIN197531975070119750816     280427403.76     160557735.06        0.30        0.26        0.57     676623352.18  968493998308.39    9735440376.86    535191508    6112126990000000353
19750816-051729FIN197531975070119750816     677428299.13     148051521.36        0.21        0.18        0.22     511261611.05  649550908703.54    3778264801.02    697647036    8034120510000000203
19750816-053300FIN197531975070119750816    2915014442.49     958130336.19        1.07        0.90        0.33     191192114.92  575327165252.76    7212518051.31    896214967   10604756600000000086
19750816-114016FIN197531975070119750816    2590663884.12     407500126.21        0.51        0.45        0.16      22217983.88  325899384813.34    9034541345.23    802321650    901447641gDMXHLTeMJMEiSAyKEnl                                        
19750816-134437FIN197531975070119750816    8558635429.50    3273732354.54        3.69        3.09        0.38      66378645.87  421830061158.28    5615783553.95    887976096   1061066478APFGGKwGWpknVSryuSjfSQJ                                     
19750816-195450FIN197531975070119750816    4066314698.97     205127369.49        1.90        1.61        0.05     111436990.16  572216203338.37    1846639966.68    107779681    127582498XjSxlGRryfrgvCMaReGMEXLJuiXaSRQMSTRccKTbdXRVwcSDVVf         
19750817-003350FIN197531975070119750817    3487357368.16      32577366.59        0.22        0.20        0.01     699199113.04  880520394254.62    1538172468.89    145453641    162902946GidZUqrCDURnPxkVcQLUZHoNkSljfGvxVi                          
19750817-091547FIN197531975070119750817     730303544.88     337894401.31        0.59        0.57        0.46      94438263.34  178160314880.12    5025281980.87    573001226    5971753040000000255
19750817-170616FIN197531975070119750817    8107788179.21    4450893944.62        4.61        4.39        0.55     411161368.17  654272800455.28    6701849440.07    965854517   1013515429OQrOAucqBZdHWTvrsGTQqDUAJesbyHxtJHEzCHKBOOQPPk              
19750818-002154FIN197531975070119750818    7356107541.03    1976669322.55        4.31        3.91        0.27     683045023.88  276467763296.66    8314521703.53    458514146    5060521870000000084
19750818-013157FIN197531975070119750818    6020266987.92     924134171.33        4.93        4.84        0.15      60033951.66  946033043630.81    2302272250.86    187334831    190870476caOaabgKJQaXSZiUGJIHBtXLntUfKAkQvMDyj                       
19750818-093518FIN197531975070119750818    7957588528.42    3131927118.02        4.43        3.89        0.39     154628670.44  577300246002.66    5425210196.80    707333791    8055749970000000332
19750818-172938FIN197531975070119750818    4075301129.82    2171432166.46        2.91        2.79        0.53     675217395.64  162570047994.97     235564016.19    746253318    7776311560000000012
19750818-173556FIN197531975070119750818    9843243791.50    5762088689.81        6.72        6.62        0.59      69852599.84  459903775453.92    9731494140.91    857696021    8707871600000000376
19750819-001446FIN197531975070119750819    9567653152.31     646389328.95       47.38       41.45        0.07     519448890.50  888602438220.81    7305880612.34     13643087     155957790000000402
19750819-050729FIN197531975070119750819    8095855117.24    3170466148.48        4.04        3.46        0.39     984232773.18  749156956620.32    9387072027.48    785506880    9163763440000000296
19750819-134532FIN197531975070119750819    1496101989.89     691593239.19        1.03        0.93        0.46     374770330.33  799203760253.68    8395740052.41    673917696    7422166520000000338
19750819-205456FIN197531975070119750819    7879194027.61    2531910941.37        2.60        2.40        0.32     372113275.65  926711361397.30    3023201235.15    974015850   10548953830000000157
19750820-020224FIN197531975070119750820    7716999250.85    2925764522.29       10.10        8.89        0.38     569546223.66  885283302612.33    1247961936.65    289563947    329231974TGCJKTzuEdhxAvEJ                                            
19750820-110526FIN197531975070119750820    5808941339.19    2102673705.48        2.32        2.27        0.36     869585519.39  344450681522.59    3886343283.30    906191859    9249381400000000231
19750820-152608FIN197531975070119750820    4874306111.68    2655269641.88       17.56       15.72        0.54     437769965.28  596144971913.20    1683591114.33    151195781    168916048XRRaoTGVkESYUzgHljeXSSJwJXOeXA                              
19750820-211138FIN197531975070119750820    5348252512.54     397133917.42        0.40        0.34        0.07     803259097.98  791120702312.18    8840700243.25    987690738   11758718980000000177
19750821-004000FIN197531975070119750821    4660376242.76    1635091678.77        4.60        4.52        0.35     105248424.75  362566286751.92    1564108476.65    355573929    361969659VPfRrzGJDSXFSOgYEIxOaJaDXEAMCqvMuZEQm                       
19750821-030913FIN197531975070119750821    6605191924.89    4033610175.44       11.11       10.02        0.61     668133420.19  625476341392.39    7900204045.98    363035917    402363703PbZdBtNVFkoHUVrXoPHrheGsXLJgIHgHTAbSKZsIPv                  
19750821-033234FIN197531975070119750821    4783700157.65     954716251.48        1.64        1.52        0.20     316813024.97  614969049533.02    9769733597.17    582367110    628156017mBRtpjNBECQCRiWtjEutqI                                      
19750821-074913FIN197531975070119750821    5003144093.61    1893432936.06        2.07        1.91        0.38     748606820.73  646083427377.07     118083245.20    916434995    9933366560000000374
19750821-112928FIN197531975070119750821    5145819564.96     432071573.96        1.22        1.17        0.08     265890862.58  310390816944.71    7649388430.31    353555113    369302878sQMThSisLgECOomFbVEUzIKGRTZPMCUNaSOgnCBEpGlqPoZzsLVmKn      
19750821-195942FIN197531975070119750821    9149650995.21    5637837879.79        7.07        6.18        0.62     425144649.68  576637077237.77    6935165886.63    797882303    912559235HTVgzOLbcXLlFrFJcvEFRXR                                     
19750822-014101FIN197531975070119750822    6366233397.97    1659790062.99        2.49        2.16        0.26     164372759.20  609748843660.60    9301106801.61    667012404    7680790370000000369
19750822-032353FIN197531975070119750822    6958872921.43    2544800749.30        3.39        3.27        0.37     168549327.23  733052932980.64    9262768354.01    751640211    7776528000000000140
19750822-045345FIN197531975070119750822    8570608100.82      88712786.76        0.39        0.35        0.01     128939562.48  985829239239.22    4153718860.95    225570400    2541320790000000035
19750822-153730FIN197531975070119750822    2887547457.67     770471675.74        4.36        3.76        0.27     389177442.22  203069655430.73    3347882828.17    176657303    2050396570000000398
19750822-191735FIN197531975070119750822    2247888530.14     363270484.54        0.41        0.39        0.16      90155838.98   77198729520.50    3595093755.28    882067057    9385625870000000275
19750823-015330FIN197531975070119750823    5523178454.03    1545255649.72        2.31        1.92        0.28     705201875.97  930019695457.23    8355654500.32    669956697    8037553330000000326
19750823-061216FIN197531975070119750823    4002263246.61     798236598.52       14.77       14.59        0.20     361848522.30  132829800255.04    9870734861.73     54045104     54704347qKjXPsBHCteFFjjVUJyGXLGVDBNKBTSUHGZTe                       
19750823-131407FIN197531975070119750823    9168127744.05     300924893.93        0.64        0.55        0.03     293141916.65  923569564977.29    7773291365.95    469750631    5499345400000000277
19750823-190340FIN197531975070119750823    9235523303.52    5198881833.68        8.15        8.07        0.56      40680750.83  963441306532.84    1947761532.03    637624797    644307630UfSHWSCITBCAOZQunWBPoRwGIRuCUoPSdEQARTADOJmAyACdfM          
19750824-053500FIN197531975070119750824    3003997713.88     313891953.13        0.71        0.61        0.10     960836050.07  362716888175.32    3666045959.06    441966397    5165867060000000136
19750824-150824FIN197531975070119750824    9139878336.59    3849814585.83        4.46        4.14        0.42     362768996.66  650289144098.25     994410266.65    863726140    928895388inZSWxMORYAMakTEICVCgOECFdCknDeuMDaK                        
19750824-175109FIN197531975070119750824     636142759.14     205609551.09        0.30        0.28        0.32     342187058.75  558154523906.60    5549450013.60    694227932    7423718480000000238
19750825-033825FIN197531975070119750825    8245884539.23    5370795735.22       33.15       27.96        0.65     820768205.60   66405760742.06    2084651674.65    162007057    192067812gGWmrXJoqkjXNgwDRfiWhPTGZW                                  
19750825-044213FIN197531975070119750825    5418314267.44    3022144845.86        8.68        7.88        0.56     585123608.48  161779580568.08    9115197544.57    348234223    383599067UKFcnKTFeKKrDiCQaSvHKASfMHqqwaibByIFXMzCNUKdDSAl            
19750825-093017FIN197531975070119750825     793671174.75     289876695.04        1.45        1.36        0.37     198806941.77  520666637404.68    2904012758.84    199994012    213320135eZCQjyMmFdRWexdtIZLQhOOJyGrGYSQXYtwRPBLnMHEfMTMFz           
19750825-183801FIN197531975070119750825    6833127138.75    2635231924.74        3.67        3.20        0.39     103022546.55  885753100102.24    3671608351.57    718064682    8231868050000000186
19750825-224346FIN197531975070119750825    6516326184.77    4401383452.77        7.55        6.77        0.68     302004919.38  838762064313.32    2879936579.30    582628524    650393928qQNLoRKgByNkJNWWHSmbWfSfrFOWKnHMYJKOSyJjTS                  
19750826-055003FIN197531975070119750826    8692047113.30    4839968908.55        8.51        8.38        0.56     216446574.86  442754670937.38    5995239983.16    568932333    577580689FytIPQGtkNhoLCspegYgupGffphSskKfYOcWwWMGCbMMWKkmCuNp        
19750826-081856FIN197531975070119750826    7133514567.04    3355981320.64       38.40       32.59        0.47     339454982.50  964909375604.82    9367452180.83     87399656    102984527bhCOcOvQNEbBAnMceSOKIWFWXZjykjxqQIOCQOISWCHAjEeDSloP        
19750826-162718FIN197531975070119750826    8158846522.11     225928472.88        0.62        0.61        0.03     788118916.22  173817977939.28      51012098.62    364540075    367633040qjSaOCoSjvkDDsGBRSZtQArhIwHqECVHSANLKMfXfgkBvoVykkPSLPYv    
19750826-170220FIN197531975070119750826    8533139258.22     417437893.67        0.50        0.43        0.05     886923478.57   80346307013.66     452446943.35    840193349    964325230DcixvPMjYlaZGygYVQDbBjxviLTHeYsokWRRkADUoia                 
19750826-224652FIN197531975070119750826    6571957072.99      90258267.29        0.13        0.13        0.01     833867348.99  402475091476.96    9405796018.07    706980314    7152896460000000046
19750827-045038FIN197531975070119750827    8878671423.27    3054662276.96       23.15       23.07        0.34     775524833.55   48169544232.15    5499972016.52    131954623    132387899vXSEWKALOAvhIlwNVfQQBHKxBjyZoXiQNPJjmHVRQmuFFmfzfaBJyGV     
19750827-064224FIN197531975070119750827    1076443325.91     217297581.71        0.28        0.24        0.20     305453586.02  294540301642.23    6524679474.26    777667535    905419886jEDMMMXIiuBzANZHiHyWmFFHVoTLvwUegqgIIMHlatdnrNCMwtJ         
19750827-150032FIN197531975070119750827    4616285942.77     170489489.20        0.42        0.35        0.04     211851584.51   89944606644.59    1981045693.76    407998544    4839879620000000321
19750828-004210FIN197531975070119750828    7552195653.38    1565366951.79       29.88       29.24        0.21     914885102.59  448675184710.19    7138599468.49     52388296     535363280000000254
19750828-033758FIN197531975070119750828    2530594639.60     200091492.58        0.26        0.22        0.08     145630094.78  519258533067.46    5385049217.59    755823020    8972348870000000131
19750828-051749FIN197531975070119750828    9312890426.25    3766893409.92       11.88       10.07        0.40     615284396.94  588960407835.53    3720802222.28    317135160    374070332RwMVIveGZUngCTRjOjhJsfVt                                    
19750828-141918FIN197531975070119750828    7491850340.12     195496311.59        0.22        0.19        0.03      39769897.23  709781031487.52       2715644.43    879820834   10527852640000000265
19750828-170507FIN197531975070119750828    8286949377.28    2602846952.17        4.38        3.88        0.31     122200305.85  728800694786.22    9534973608.83    593954665    6709577700000000378
19750828-223222FIN197531975070119750828    2610890045.31    1088626724.44        1.19        1.03        0.42     779765351.45  154874252302.83    5525836050.86    912630961   1054254247MDjVavoVSMeRlCAiXqmFZzvARFaNTAslRoYCUeWRGOXU                
19750829-060622FIN197531975070119750829    1662752952.39     297500225.52        0.40        0.36        0.18     949037806.27  891095505368.28    7072231497.86    743639023    8379076170000000101
19750829-133853FIN197531975070119750829    1511398427.85     704111961.92        1.52        1.29        0.47     631561021.80  398667877911.52    2239070476.90    461915704    5461096900000000383
19750829-150212FIN197531975070119750829     268245773.47     186933442.08        0.26        0.21        0.70     417874277.30  372803995615.87    7902527604.78    725391457    8699989850000000210
19750829-223652FIN197531975070119750829    7091467859.99     853513462.58        2.58        2.39        0.12     967758003.61  858951513447.47    6414782049.24    330694523    357613501eNVEuhGtjVFOeaxSShmAgVEwrtbpRJelgzytPiOodxcVKqffUJ          
19750830-013930FIN197531975070119750830    2039266198.10     442029900.38        1.20        1.01        0.22     949276891.75  392807759252.08    3541897075.42    367013057    437433210yRPdOOYwDRIgGtBTaFzyuaZQ                                    
19750830-104059FIN197531975070119750830     107176274.81      61369979.86        0.06        0.06        0.57     416885525.53  813302358460.35    6855875143.31    967935084   1038380627vtxONKEUgRnPmIoUdpfrnHZ                                     
19750830-144424FIN197531975070119750830    7390514889.94     344153855.59        2.35        2.28        0.05     828723566.40  247952541252.82    6688340845.51    146592587    1508697720000000164
19750831-003247FIN197531975070119750831    7969859861.74    5339099109.12       18.81       15.85        0.67     397983297.17  432885625581.71    8410677437.11    283810985    336832180JSKnyzjayIuyPFBDYKGYmQJJJALMQVJRXBsXrxUvvRsgSBaOEnDcQEgzHT  
19750831-101522FIN197531975070119750831    2026987192.80     561672261.31        1.16        0.98        0.28     610018043.64  303394932891.64    1765526407.30    482892706    5728465170000000362
19750831-193745FIN197531975070119750831    5005816747.84     357567755.50        3.65        3.11        0.07     935131406.48   24720662865.79    6984475145.36     98063185    1148139030000000319
19750901-025813FIN197531975070119750901    5683231545.61     970319288.95        1.08        1.07        0.17     629940155.74  412534427627.88    5003636367.64    897873825    903092900dLhVWzazSySPNOSRlJUZTKAqSudRG                               
19750901-041422FIN197531975070119750901     286902539.98     173389030.31        0.37        0.33        0.60     241260151.86  554229835464.02     504214404.77    474585952    5203725200000000052
19750901-080441FIN197531975070119750901    8209243254.75    4099406621.01       20.59       17.32        0.50     340395610.43  849753151254.97       4253514.40    199097643    236719466rqMbvwSCBGYCGMEPKQeELcTKYUzuwRMWTqYPIirIgRbOCStxEXLeiAEZJCb 
19750901-134634FIN197531975070119750901    9134753137.89    1231084130.22       15.21       12.92        0.13     234221202.41  389689566327.92    8705043606.33     80944486     952972840000000284
19750901-203257FIN197531975070119750901    5411535450.72     109305254.85        0.15        0.13        0.02     829446622.44  862858185450.10    1755801971.94    707386856    8324196870000000340
19750902-035247FIN197531975070119750902    4511989438.43      73619800.90        0.08        0.07        0.02     286669509.05  723980195577.51    3392380094.86    908077217   10377407190000000354
19750902-143432FIN197531975070119750902    4260146629.92     563088555.64        0.99        0.87        0.13     864259185.53  615192463987.13     159913019.39    568026145    6485623220000000103
19750902-234748FIN197531975070119750902    1982609087.54     293448472.78        0.40        0.40        0.15     999750743.53  943444270716.71    6625706962.15    740109688    740377640hAZTeeUwWHJnxVqOIIMdOeIUXVFVRVcjVxkKbHSX                    
19750903-073241FIN197531975070119750903     499716648.88     126971581.84        0.15        0.12        0.25     883115671.27  117284287333.13    1826918364.42    857861800   1028647301kkhSvCsfgbDUvsiZWtPQwjkYPwKrfTUFMGMCWCBXBcOcTkaLSudO        
19750903-104349FIN197531975070119750903    8584343293.48     677737208.74        0.83        0.79        0.08     675071596.70  555165556946.77    6607821688.31    812630630    8561450300000000191
19750903-105049FIN197531975070119750903    6203240037.45    3420844041.02        4.51        4.47        0.55     149460819.07  296074769397.04    4878464570.75    758931260    7656367800000000151
19750903-110331FIN197531975070119750903      26732089.66       2103389.73        0.00        0.00        0.08     274749944.71  563447642457.13    6667600834.78    719843975    7790949770000000018
19750903-135114FIN197531975070119750903     775903436.80     400444680.43        1.18        1.07        0.52     161125924.04  710687660766.02    1790088127.87    339314716    375498215qNiTaifXkCYIMerIPWjQOUJQOrpXZUVLYpDp                        
19750903-165135FIN197531975070119750903    8542846913.56    5567850715.65        7.68        7.44        0.65     155154643.29  737727307558.11    6258666003.42    725140779    7485736180000000232
19750904-000720FIN197531975070119750904    7280521303.77     982760058.98        5.50        4.98        0.13     934407071.30  712931707626.70    6128480607.93    178713742    197396814EVDrXsEiEnLdzKgVPyHxGfRHFwSXDLmBVPRuIGzcczcxVVXFnGDnNgo     
19750904-062133FIN197531975070119750904    3868384743.44    1620411831.36       39.08       36.29        0.42     393129041.39  705664089010.66    2262499674.60     41459239     446533160000000390
19750904-161422FIN197531975070119750904    6133350562.87    3173405493.22       18.98       16.57        0.52     935571340.04  137073664284.55    9895544611.11    167175165    1915378100000000267
19750904-221135FIN197531975070119750904     490388370.27     302071825.72        0.88        0.75        0.62     316211010.64  406827347908.08    3776273686.31    344484735    405367162PTNTHCLWsriUMNBFhDQDGtmBPPNiLOSaNy                          
19750905-052055FIN197531975070119750905    9264247726.31    6359241597.21        6.72        6.16        0.69     579025974.40  433329911066.46    3169702767.79    945618998   1031957941XdCwDlGsXFstGqdCIcNOKJfTOQPnoEeELXbNmwOl                    
19750905-140151FIN197531975070119750905    6688936803.82     822740477.48        1.39        1.16        0.12     943572312.77   77782987054.29    8099989159.73    593203109    706461461PAKPEEUQmMEQCIiKNBmUEBtPfusQRkopGWWnKXMrfXJjrgUvxcuTzMgPK   
19750905-152232FIN197531975070119750905    1850662107.09     630534537.81        1.17        1.00        0.34     616615389.05  159134969248.39    4337178618.08    539195255    628030107BzijSDvPCIJvDDDXrPdu                                        
19750905-185109FIN197531975070119750905    4357280418.28     542320068.79        0.95        0.93        0.12     509195714.77   55939996874.78    6074550324.18    571038731    5816154230000000174
19750906-040513FIN197531975070119750906    2392344470.31     530406088.94        2.75        2.45        0.22     339127382.71   65926518368.37     458718487.32    192731900    216927083LRYKYZXBcxmTSSowQAFUfTJRSoIvPgvimQgPedHDROTgzAImiQMWqxVFPKu 
19750906-130737FIN197531975070119750906    9835526785.18    5833026238.73      315.55      294.40        0.59     785581778.86  482503047401.08    8052903536.26     18484990     19813413HEGOhdnxjYISpGXhRRUQahEU                                    
19750906-140626FIN197531975070119750906    7801888195.97     139533060.37        0.39        0.37        0.02     628771511.46  215428805069.43    9181323540.45    357320316    375288581xmDrKxzvaIXsTFOMpTzYAMbnGGKMgDKzDxVLwGQZItIKENHjcHYWSGGeBQ  
19750906-180910FIN197531975070119750906    2443132243.71     457243596.14        1.05        0.90        0.19     864707916.49  437275184301.59    9992097130.52    433838390    508155338sPFpJfRunRmoHacLH                                           
19750907-022255FIN197531975070119750907     728992601.70     426335709.92        1.08        1.02        0.58     910499955.90  736260283883.67    8105796839.65    393411850    4161396520000000009
19750907-084611FIN197531975070119750907    1392966264.55     858820675.38        7.18        6.25        0.62     561779361.38  937760716422.44    6618703665.21    119659385    1373059930000000089
19750907-141221FIN197531975070119750907    3576721594.26     908218052.34       17.34       16.38        0.25     144352038.72  357199107988.45    4182482646.29     52378004     554462620000000291
19750907-181413FIN197531975070119750907    8494283086.93    5307920352.40       12.94       11.71        0.62     924329186.24  151784082747.76    5557397437.19    410114153    4532118080000000195
19750907-181705FIN197531975070119750907    7585856403.11    1889125192.30        3.74        3.63        0.25     470276450.15  808496385389.25    5662148695.05    504521651    5202176050000000380
19750907-193231FIN197531975070119750907    4458354820.04    2912989157.49        3.87        3.82        0.65      65217680.45  762918000204.84    8290022586.94    752222524    763212729jRhDJJDxLPxUEMMpdhzdZNqRVTuzMCrlMcwMsdHNvIEBwDfErPG         
19750907-212803FIN197531975070119750907    9022852899.43     827169020.75      164.07      141.00        0.09      11229102.23  954625819698.13    1995289505.05      5041552      5866485WaPVywTQRRwsTRQ                                             
19750908-045714FIN197531975070119750908    5731221690.46    3642744248.39       10.47        9.37        0.64     145747836.96  263877140481.99    4876386730.99    347784247    3885812540000000385
19750908-053745FIN197531975070119750908    7054161840.25    2093329058.76       49.30       48.55        0.30     583867219.56  685701243429.88    2187970257.25     42460906     43116199rPWbxnnUObMNJMOJlQGmL                                       
19750908-151935FIN197531975070119750908    2911490147.19    1741671313.56       48.00       46.03        0.60      41170571.08  311616747710.61    5698212716.61     36282750     37836203FkqRCPDzQSwBVrQO                                            
19750909-010700FIN197531975070119750909    7160480041.82     614852983.72        3.88        3.30        0.09     846964914.50  854970737719.06    7317186284.92    158442901    186133461qudERoimJkOWiyHWWzVJVdUHAjrTJ                               
19750909-023057FIN197531975070119750909    7866825530.53    1559567521.63        9.11        7.65        0.20     878541676.31  811397981958.61    9660078415.58    171153934    2037915510000000074
19750909-131146FIN197531975070119750909    4664736923.31    1638198059.56       11.48       11.37        0.35     498626797.33  989550354445.48    9378011375.08    142758464    1440269570000000100
19750909-184436FIN197531975070119750909    3319358790.28    1268701679.23       14.79       13.79        0.38     197396867.05  779801616428.96      62306265.26     85776112     92009724lKuICZZKIDMXlDyhjCaIFqBluEJVAjYEB                           
19750910-004650FIN197531975070119750910    6205512107.65    1668898674.89        5.83        5.04        0.27      35682972.20  182790692227.86    7518990264.53    286232873    3314473340000000298
19750910-060849FIN197531975070119750910    4268180221.35      38853336.65        0.08        0.07        0.01     260602392.84  255796415911.37    9146895687.18    506817920    5290196160000000155
19750910-152918FIN197531975070119750910    2800334700.43    1498382779.79        1.57        1.37        0.54      92755646.90   54552943552.33    6881426116.88    955427993   10951181220000000372
19750910-163925FIN197531975070119750910    1097850148.89     394629008.65        0.53        0.51        0.36     201591084.43  782566967947.35    7024011201.26    749958569    7714505950000000300
19750910-173940FIN197531975070119750910    6635377598.85    1439224250.29       42.39       36.48        0.22     187620422.23  774652836161.23     741030814.76     33950490     39450136QuEuXKQCZYjtQhJBUrYgFEUsardMoZDviiKW                        
19750910-204639FIN197531975070119750910     900484007.48     611706545.77        1.41        1.23        0.68     271643340.69  189698291876.59    8323652050.47    435084936    498200466jnhGOQaSGPLzBRc                                             
19750911-064303FIN197531975070119750911    2087505637.71    1251649050.59        1.35        1.31        0.60     947071318.26  256390026568.11    1432544114.14    928044900    953350992XEYdozBcEbPhRFHwKiUQyBWXKiOSSZlHFtNCTxUNaBRyBgaISh          
19750911-140535FIN197531975070119750911    8044397894.18     927154948.89        1.78        1.52        0.12     607828343.27  586272581930.90    3657430060.28    522114347    6090463250000000287
19750911-142954FIN197531975070119750911    6946948848.06     873973682.79        1.19        1.12        0.13     207330755.06  160231304863.06    7491547997.18    734180714    778975848KJhQqvrlpQBidNaiKSbeNNikTGFNyqfAokZNpWiMnQ                  
19750911-201842FIN197531975070119750911    5620498966.86    1007892863.32        1.58        1.56        0.18     374503587.71  499941794487.64    5699845046.31    638185786    6456072930000000198
19750912-003102FIN197531975070119750912    4526025945.71    1166374574.41        1.57        1.38        0.26     257007593.51  606836980992.61    6961067408.71    742827612    8425976120000000233
19750912-032532FIN197531975070119750912    4638929211.41     991792085.16        1.00        0.96        0.21     941977773.27   78819787323.38    6920644305.10    989991362   1037708081LgvggaUVPIWggCTSXUGuimmMSetVYshIxgRZrdvICEjJVNigB           
19750912-113801FIN197531975070119750912    5737131001.06     749815660.72        7.35        6.97        0.13     413836857.38  788342596493.74    8629089830.22    101949274    1075115520000000058
19750912-154854FIN197531975070119750912    9345589944.91    3674202634.25        6.45        5.38        0.39     382690143.58    8353379230.57    8349796550.86    569289073    6828231100000000161
19750913-022541FIN197531975070119750913    4134548054.50     619906314.34        1.98        1.79        0.15     724378195.81  710340281824.06    9007601409.06    313215019    345824984qNBRLBcNHRMNCOGgoLutSmLjluU                                 
19750913-030931FIN197531975070119750913    9883415602.33    1431570183.31       79.32       76.86        0.14     931304159.21  970908554087.00    9525387682.27     18047996     186267580000000129
19750913-065307FIN197531975070119750913    9249673840.88    2716672225.60       11.21        9.80        0.29     870487633.16  704656750263.98     600125296.24    242356461    277342483iNHnTftjXfvHrITLJdLaYdULuwCuiDvUOwI                         
19750913-084733FIN197531975070119750913    3390645257.06    1133317310.71        1.77        1.58        0.33     696386131.42  543150700017.35    9618277084.56    639085936    715806438MsyYBSXNmpCCDtQsKITr                                        
19750913-165559FIN197531975070119750913    3962431366.71    2500191717.13        3.60        3.29        0.63     497261702.29  714889800579.79    7319286057.19    694060601    7589041410000000281
19750914-032919FIN197531975070119750914    9202358924.11     965691732.39        3.30        2.80        0.10     642722621.20  141541421003.39     665399115.94    292440123    3445372720000000122
19750914-050554FIN197531975070119750914    4957321662.77    2789915239.39        9.86        8.47        0.56      25174463.95  248281291277.70    5983887558.52    282959727    329433657zjoKtxCKSTNWLpRzJEjyVWiVEuzmYUTLdbyRHLSIgDUbYquZsCvOKJvFaWMu
19750914-051246FIN197531975070119750914    5969416655.24     417840963.36        0.56        0.48        0.07     163206088.94  712531422274.06    3268624926.67    749740037    874775849KsLBXnElVKdTMXGCGoOrJDQaBpHiZwbprNnHXjI                     
19750914-130558FIN197531975070119750914    6463878523.18    3756274055.14        4.75        4.69        0.58       4164828.97  960921490431.32    9710554722.49    790504895    8009558100000000111
19750914-171946FIN197531975070119750914    6426335208.45     852080277.01        1.08        1.04        0.13     258164121.86  471959138175.95    6220814332.34    788849207    8177453410000000278
19750915-001716FIN197531975070119750915    3887744347.10    2710203159.86        3.13        3.07        0.70     964226540.31  563642188966.98    6806754625.43    867021782    882488229HQSomNnImHMmdRDYNPNRfwVyMKUAVMlSvTbZnNezGMUJSTdgdELs        
19750915-034342FIN197531975070119750915    8499408456.64    1860173122.50        4.42        4.16        0.22     876143366.32  228236507808.12    4162657246.17    420595492    4472793350000000342
19750915-113851FIN197531975070119750915    7883117464.22    2261959183.79        3.06        2.62        0.29     808875429.62  272139879020.19    6378402200.95    739721684    8617834550000000219
19750915-154921FIN197531975070119750915    6811051065.81     640842140.54        0.87        0.76        0.09     342561125.07  563859778774.71    4320888794.24    735004090    840226105niISurcNZMDtUHJAAmpALeY                                     
19750916-021356FIN197531975070119750916    9472650300.16    3463467480.84       14.96       14.62        0.37     770786880.66  412895649165.37    8392664571.50    231581990    2369689860000000108
19750916-045647FIN197531975070119750916    6563228208.98     597390301.31        1.28        1.28        0.09      58013016.61  247941182465.92    8948102947.05    466735060    4674222400000000316
19750916-132505FIN197531975070119750916    1007029985.97      65295390.57        0.09        0.08        0.06     103098713.44  137405273697.40    1933629120.35    696927835    802159744XcxyxkqjaesCOVlDpRLKOSaaUSDCxuJjG                           
19750916-172051FIN197531975070119750916    4686354413.90    3153394332.58        4.07        3.44        0.67     848049999.75  935830842985.43     554940150.64    775009273    916172352vnbESGDLPDBDVwsKNSXPqRYLGXjuxVJrQDsEcEVAYIyXWMFThaGbMIZNd   
19750917-031328FIN197531975070119750917    1189441906.80     832566551.91        0.99        0.85        0.70     218281672.24  582257697211.44    4887545312.14    845002418    981681666LKCNUwwVcHHCDVwSxILaphVOqaSQACIMfdTAl                       
19750917-072655FIN197531975070119750917    7054335103.73    2278064382.68        3.84        3.24        0.32     103420330.50   61235424347.88    7221355673.00    592766111    703705108PMxrpPAnXPHDSTHsWMEDADIdlCPGiaiNlasgKOGMTzMetG              
19750917-093520FIN197531975070119750917    3809419951.37     194412482.58        0.20        0.19        0.05     394254142.81  287271116746.33    7259053244.77    967212882   1024400718IVBxurMKnJbFCkiInnTeIC                                      
19750917-130855FIN197531975070119750917    8984736645.28    4837711674.62        8.13        7.04        0.54     575013893.93  272833649917.44     605924023.62    595273308    687365751vDOkAbyNyfNiUAoMMxwWWTIWEYeJPfPRnnjcwmlWawDedDa             
19750917-232654FIN197531975070119750917    4519934834.07    1142223946.34        1.66        1.66        0.25      36045027.89  684284641608.99    6206026519.46    686570523    6889476770000000146
19750918-022818FIN197531975070119750918    6835953537.81    3501927434.29      200.64      171.49        0.51     896052071.17  829588162615.29    2758027358.08     17454124     204208570000000235
19750918-041931FIN197531975070119750918    7287023303.13    3467468358.42       15.06       12.60        0.48      81813255.60  340976296418.88    2755351997.84    230218989    2750971440000000270
19750918-054350FIN197531975070119750918     537954232.60     358320325.15        2.15        2.05        0.67     217693353.36  944113767942.97    5340225163.32    166672315    1749066290000000348
19750918-132530FIN197531975070119750918    9272018762.29    5276298700.21      364.79      332.80        0.57     961017246.81  595044320452.42    2383052396.77     14464055     15854114JaBRAUCPDCLITNXXrADVCSIopfxogeRFkYFvBVlr                    
19750918-143258FIN197531975070119750918    1224369971.78     481912798.00        1.14        1.08        0.39      39359915.71  704944340697.73    5666433294.17    423427242    444884259dTeGxDjIdTKaDZkEQ                                           
19750918-180037FIN197531975070119750918    7785364411.25    1110606486.05      133.94      118.55        0.14     964087522.03  623640684744.98    5076849442.73      8291935      93684250000000006
19750919-044355FIN197531975070119750919    1809937987.10     262391079.96        0.47        0.44        0.14     682904585.78   73107864370.34    1518439916.59    554371571    596953743qRAMrJWYRgHUIFKxEZjraB                                      
19750919-110638FIN197531975070119750919    4451757792.26    2184984954.66       13.77       11.95        0.49     839608212.87  632032919946.18    3039330941.68    158711950    1828161850000000223
19750919-192622FIN197531975070119750919     601232303.67      85201457.84        0.37        0.32        0.14     910792512.07  172796772573.54    5182330415.85    228082363    2638518690000000040
19750920-022157FIN197531975070119750920    7978385272.75    2400061393.16       99.43       95.15        0.30     930895396.97  668696991413.47    4940951601.50     24137949     25222855tECVFzaZYGOIcLqmNMn                                         
19750920-095851FIN197531975070119750920    2685923379.76     167444557.83        0.20        0.18        0.06     752715225.80  773306329611.90    9525823242.35    831130457    911213093bDehSFMUUzvBayHEfHPXduNBnPkf                                
19750920-114039FIN197531975070119750920    5584207445.49    2273079885.63        4.92        4.71        0.41     571840956.29  782848682858.67    3618397473.13    461846434    4828634120000000031
19750920-153111FIN197531975070119750920    7697813267.63    1402488067.11        3.47        2.95        0.18     911903214.26  734102654840.13    7259104130.06    404137265    4751911410000000220
19750920-221913FIN197531975070119750920     526494610.73      96227431.35        0.40        0.35        0.18     249848299.18  811955810056.66    8115122286.91    237931018    2782657570000000363
19750921-035409FIN197531975070119750921    4492673801.04     862777822.10        0.95        0.85        0.19     252572450.54  700789617150.32    1737982532.46    911697165   1010361441qHNTtjtRGMZppVRjcMXNYkzLPeMhkorcRLFhljKfx                   
19750921-060421FIN197531975070119750921    2943747895.80    1771439205.08       11.14       10.52        0.60     624565449.28  370277195027.19    3395869396.78    158948251    168312062QrDjsjjfXYcImGGENLZci                                       
19750921-082007FIN197531975070119750921    2309492220.37    1223365306.31        2.52        2.26        0.53     734569577.18  301072145426.78    6726477715.56    485688060    541956052yRflLhHvroMJBNHcMIDiQuHspAHUTFVE                            
19750921-144419FIN197531975070119750921    9186833795.89    1043996371.49        1.13        1.00        0.11     495105162.48  998310870575.04    9832354348.94    921063059   10421711550000000149
19750921-220902FIN197531975070119750921    4885320818.92    2929150773.47        3.33        3.13        0.60     535753513.16  117733277435.18    8863443413.96    879158829    937227811MCUMedIwKXKWmxZtjKLGmNhZVZwXLheDyjZaNegMuWB                 
19750922-060735FIN197531975070119750922    3931914479.40    2011417904.44       18.01       16.99        0.51     760927510.69   85217859605.32     318354460.77    111710104    1183947620000000094
19750922-083908FIN197531975070119750922    5520193926.17      64009727.04        0.19        0.17        0.01      34360311.90  125854231411.25    8289583219.31    328427233    3861813130000000218
19750922-141250FIN197531975070119750922    9889355948.88    2914130511.32      397.51      352.18        0.29     994331332.84  613994225392.82    8587353002.72      7330916      8274482mqXmkgPPhQUGVluJIDZDxHwwoISSW                               
19750923-005248FIN197531975070119750923     233318475.84      31109808.09        0.05        0.05        0.13     605980654.36  911839345896.96    1231141237.58    619955339    6262478650000000044
19750923-102008FIN197531975070119750923     983824181.14     444681059.70        1.09        1.06        0.45     699309588.07  889831838375.51    5034048222.65    407944337    421220510DgCLMNjmKXvnbcxbsNRzicFHLhHVDWDkKUSGCEKJtTHOqhICxuVIu       
19750923-163707FIN197531975070119750923    9348533107.82    5026079423.59       15.11       14.97        0.54     450189001.11  432700501911.79    6091390506.37    332595007    335655612WqeiYOFGTjVEbfOBYccBfxuAwwzR                                
19750923-190809FIN197531975070119750923    3456585205.44    1612821082.77        6.94        6.06        0.47     424369775.21  925286424332.91    7260400460.68    232299277    2661625630000000387
19750924-053745FIN197531975070119750924    5997921184.13    1053990511.03        3.47        3.00        0.18     886965773.67   74038990031.49    5584022792.64    303498424    351339625dfFANecQKvrSQgzQKpIQVdGVbtGsTGppLzsrQESzNGrlVGjjGlGEuMtSRXwM
19750924-131037FIN197531975070119750924    1079689991.53     166073272.23        1.12        1.07        0.15     483662132.88  857012161531.69    9988774913.86    148909400    154677984NvcsQmlNGvrUpHVMNMKHzdZhzXKERsNxWKMVBzKlsSBM                
19750924-180426FIN197531975070119750924    2375857482.66    1494644325.31        1.58        1.55        0.63     913177504.76  421066113689.89    5923396167.56    943992005    961955803PozAgYtmghzwqacMhOFSFF                                      
19750924-183934SECAAAAAAAAAAAABCFCOMMONACTVyuLKZSHJPeaArjfaqPxbaLovZLLHHKNRPQaTizuNXMYAQIPSkfBVJU                AMEX  124521456    1883041119110815        2.96QNZUltgBGCXGYshw                                            
19750924-235954CMPZmRKTZLbWcRahUkhOdxFeAjKwTqyprwFYoICqZPrNS                  0000000414ACTVNMBB- 191310247914 Wycliffe Street                                                                                                                                            44319       Lowell                   AK                  United States of AmericaStarwalt                                      ILGFMtRzJTaNceVTZYVdXKWxo giLdjgXK xcpIvLRdxuJBVZQrYRHQL omxVdwHZXAiuSPBlUCGpvqoFEVKufssfGwtI NvPwsNYWBWuvE                                           
19750925-095505CMPWdMLSShTWMSjGnzJGcANLThOWRoeveGhIRasLWaagwQJgdEQZJUwQjGtCng 0000000409ACTVCGBBB 1926020416557 Howser Rue                                                                                                                                                B8B 1Y3     Ottawa                   ME                  United States of AmericaWichrowski                                    rOtMSaSbiheoCNkYdkIAdOGEDyvhGJTAIEECMxJVZjLhZuoQfnLRGYnCKqFofDEBXJ cnxGZzxiCaUXMGZhaBussLeVmRlwVRDc                                                   
19750925-173156CMPhJTjBraMaWddGWF                                             0000000123ACTVRPAA  1957021320920 Balmoral North                                                                                                                                            74138       Moreno Valley            Manitoba            Canada                  Okun                                          dlyJtLYcJmhGnSrBsWBxEqEzNOMoXqSQGtDUMJUMKxQZWoJIQQRToRKEZdQBUfRRvKhntLSpZjrSnARvnRFvZjjVReOdGRNZtISUCKDGJiToZHGTTecNUOB                               
19750926-031806SECAAAAAAAAAAAABCCPREF_AACTVxQbtANtyMBITmNYOLoZYsAifTsIHGKIVlrLZrwMqOFOHRIrDMZULT                 NASDAQ433194456    1969092219680715        0.92xtCKWBjqUKBQIRxNAFhHNGkothLlKEOJLIDZHCCNWPKwSBnHHcnYM       
19750926-115225SECAAAAAAAAAAAABBZCOMMONACTVW CLDTXNAzHH                                                          PCX   533608146    1945092018991210        0.96BCRRYMzpoAimKRITzLWLsoomeKjnZvguJDE                         
19750926-134417SECAAAAAAAAAAAAAWXPREF_AINACFfVuNGYgoqN                                                           NYSE  382125893    1891041819070130        1.850000000199
19750926-231912CMPKCAQyxiZXoJdqKDEQYobKyFIDOjTuAXaYXNcpSHBpXYaEVEJiQphzVsDQo  0000000411ACTVSMOO  187704026095 Coralberry North                                                                                                                                           V5D 1M3     Tulsa                    OK                  United States of AmericaArrasmith                                     GBNH hJBFAysZOZlexnwsx                                                                                                                                
19750927-043525SECAAAAAAAAAAAABCMPREF_BACTVyTjncrxXPzJcnDEwpAOqzRYPciKWjQ                                        NASDAQ451807600    1865081319720312        0.86FEJqDJbFBHFbMSWLMHkubadniLCUCNTSGIPYDVhVRqNYCB              
19750927-094023SECAAAAAAAAAAAABCJPREF_CACTVjnjnhldAEkorFcMyLVlHNFtwITZuuGmMaFQDDTEpVOPzkDwCRjSFnUUZOFMMUOlWjDQ   PCX   625841976    1892032218630819        0.980000000075
19750927-181913SECAAAAAAAAAAAABCGCOMMONACTVpHHZnBQ HsCKSIzPXUYPkpxAGdnTNyS gGZsALKsEpIPTBRTDmevFkepmmpQxG        AMEX  901264379    1937032119340302        1.56GidZUqrCDURnPxkVcQLUZHoNkSljfGvxVi                          
19750927-211036SECAAAAAAAAAAAABCDCOMMONACTVR bscGLjRLpJonjdLERJaxOcSEgUBODDtVRLOujbVzjbZogztIeUFEUYGJrBr         NYSE  112361749    1908100819510713        1.190000000133
19750928-041402CMPOYXVSfKMOMIoqoqyViBQCKrMkjjkYFvMXfa                         0000000406ACTVMEBBB+193105097000 Ansley Lane                                                                                                                                                V6M 1Q9     Lakewood                 HI                  Canada                  Mechler                                       MRBBIaGEvXeOIRLFqHwPKBQTSyQzUgJeOWZoihPSagdRCAUxZHaVUJjuAUtIAHfZUJM                                                                                   
19750928-124126CMPQmIWAMFMBoTuKqcwLewoBsILHXZmmGvSQMLGNPfKFLTSEGyMR           0000000413ACTVCNBBB+1939110815401 Winter Park Lane                                                                                                                                          99789       Lansing                  WA                  United States of AmericaAngerman                                      NBKQQMNn MxlKLaxycDFkwrIGSqWgzmoOkTCpqzUeJPRnRJgshKKBlhCiNSrELAiBMZABUnLtfopXYFIQlKapLQWJmXYrDNHX                                                     
19750928-185636SECAAAAAAAAAAAABCAPREF_AACTVVOOqrvxrTEhsWMPiPvgaBqiIOi                                            PCX   887610561    1863040718520423        1.180000000225
19750928-193448SECAAAAAAAAAAAABBXCOMMONACTVwKWNnCflBFDUFHnXVcSGpFQGfBilCfvOtPeybQPW                              NASDAQ92285326     1973120418820405        2.590000000381
19750929-031205SECAAAAAAAAAAAABCNCOMMONACTVvLDMePF Akbdt                                                         PCX   682481324    1930052519560211        1.750000000002
19750929-070755CMPHZexZLWkLQrVKlABNLmRFIEvUiOG                                0000000408ACTVCTAA- 188512211758 Seip Way                                                                                                                                                   E7N 1L1     Lansing                  NH                  United States of AmericaFusch                                         AAJqNNftwzKynKYeFCDbrAveyWGdbALNycCuSpwCkULvGyGQilkjexitbBRSVxIEmEWOFZxUkDVxrxabZGNCGATmGJWNzlMeMmjlntNgEniRryHRANosqatPO UWLBK                       
19750929-080605CMPUfcuAUDQZQksFjdfGJRrKH                                      0000000415ACTVSMCCC+196601216691 Ocean Rue                                                                  Apt. 390                                                                        10246       Dawson City              NY                  United States of AmericaMcpeters                                      robMERcakEOigNUhUEXeEjzQoPBYRuAdMlCaTTqNiSKZP BV MHG ZQZGcEBTCOSRGXHJgZSFSWyGUF                                                                       
19750929-092319CMPCrleKXckDGjjocRGbTqCKV                                      0000000410ACTVEIC   1864041311993 Knowles West                                                                                                                                              70184       London                   VA                  United States of AmericaSansbury                                      iGcHdaHPVaQNByaiwKdQOJSlaQJSJiQKlok qjXMElYKJElhUsSHi                                                                                                 
19750929-103937SECAAAAAAAAAAAABCKPREF_BACTVXOADVBjrHsneYaXb                                                      NASDAQ928603902    1854121519150711        1.200000000163
19750929-111851SECAAAAAAAAAAAABCHCOMMONACTVufrUmJiKPbEyDwKBjFJxAlLsdbvqQe afmSU tDEoIL                           NASDAQ532177929    1891043019450901        2.310000000107
19750929-180718SECAAAAAAAAAAAABCEPREF_AACTVYctTu iNVTKZnPC                                                       PCX   611604545    1921071619510725        0.52QFRbFMIOhFIvNDHHKUIHIwUDsyiGpkDUVMQO                        
19750929-214439CMPBzijSDvPCIJvDDDXrPdu                                        0000000049INACCKBBB         20902 Ashley Avenue                                                                                                                                             90048       Modesto                  MI                  United States of AmericaPhilipson                                     FRolmcXxfoBrNkED Rh eRGTEnjQGKNBhmiwiMIVeEPCKfZPDPyBpLUNIVDAuqJObmGfHpFtLmQBBDuaBTNHymeDGCSsXC pKAegeuusSEogsPX iPxHUDCMDqxTmiERSbPLXdbKYoVSKJLjjhm   
19750929-231926SECAAAAAAAAAAAABCBCOMMONACTVyobvnBdQMkSuhNMJQBUAJRxUSvPHBKyQxQbBKRHQLmTKDl                        AMEX  759352960    1966081319661122        0.480000000008
19750930-021612SECAAAAAAAAAAAABBYCOMMONACTVKDEeqUXfXenHSCPi bPBKYUWIrRqfMyF                                      AMEX  439870716    1932071219660501        0.270000000000
19750930-075310CMPMXAKJrzxMhpCcVmYFiKnlZmdyyKlpz                              0000000412ACTVCUBB- 1883101215713 Conier Upper                                                                                                                                              V6B 1U8     Anchorage                FL                  United States of AmericaPevehouse                                     wiAFzGxcrSAQJIoJUGNktouVnEfMdWabrPvPSTanUKDVxlAQMLIeISOIItjMULzHAWsfJnsazTOHDNrm rSmloKvUPsVTPcVxsRl Wt AiihGlbtEJCGYxKZNTxCo ZPnZjaMZXNKWK           
19750930-080956CMPpYFBZnXNInPnlGsIKS                                          0000000407ACTVFPCC  186504017281 Northland Lower                                                                                                                                            77017       Fairbanks                AL                  United States of AmericaSpoto                                         OObUPLIrtKsJNaAkFgVjiyGCIECCJJEOgpMEJtKWMges MucLOGlXHqQJdqNHfzVMXotDcmLvediMIVSGSIqrtkaHezPxLtPGUK SWEUeAgJugDLIUcCfHPHWTE  UdhNwIzpsNCA             
19750930-100500SECAAAAAAAAAAAAAETPREF_BACTVUsPtnbAejbdKYAlS R                                                    AMEX  451800151    1890072418741019        1.620000000387
19750930-200002SECAAAAAAAAAAAABCLPREF_AACTVFxUMlvzfTVGMGANMgOUkLrJ                                               AMEX  601866583    1909011018720521        1.850000000357
19750930-235958SECAAAAAAAAAAAABCICOMMONACTVOPvgegQutOQJpxXIXNCTiFoeBIVfklraQVoH                                  PCX   166249090    1897082719690617        1.73bLDfMCiYJfdEseRPOSrNilaE                                    
