19710401-101511FIN197121971040119710401    7251159170.17     141487264.71        0.16        0.15        0.02     535302526.38  859747447035.85    5947556419.43    898184292    9430179660000000071
19710401-214213FIN197121971040119710401    2062326425.51     834062823.32        1.32        1.12        0.40     398428779.02  572724492898.84    7055308548.57    633115377    7452745790000000124
19710402-084110FIN197121971040119710402    4802044729.85    1184350049.05        2.52        2.19        0.25     402232938.88  679558877233.44     853455763.86    469578443    541260480ziJohMcvsgUVqHyXNSwWAqFRxoSF                                
19710402-185025FIN197121971040119710402    1595174214.14     375270594.75        1.17        1.03        0.24      90568021.63  316928067670.39    3974119247.54    321671089    3655700880000000164
19710403-015125FIN197121971040119710403    3489377241.08     246414676.34        2.01        1.82        0.07     496774990.97  497282644418.73    5916044903.46    122602822    135265255qKjXPsBHCteFFjjVUJyGXLGVDBNKBTSUHGZTe                       
19710403-031130FIN197121971040119710403    5191093684.21     962011378.97        3.96        3.92        0.19     118569191.71  738492777492.44    1930042131.74    242772262    2452274450000000137
19710403-075929FIN197121971040119710403    6537732354.94    3725331131.99        7.36        7.31        0.57     860490617.73  138088284467.64    2941568058.37    505844322    509362102XdCwDlGsXFstGqdCIcNOKJfTOQPnoEeELXbNmwOl                    
19710403-113554FIN197121971040119710403    1039777805.94     462261789.56        0.95        0.88        0.44     115876853.81  826621673689.17    6837482863.98    487215537    5243916350000000005
19710403-130426FIN197121971040119710403    4373994631.53    2911409701.67       58.16       49.52        0.67     512352346.84  199531613586.44    2780904809.48     50057710     58789901LoSyvUwXvGnKexKhSbbtArGnpUcArarLDzSDOEMMZBwKPwRuADFxSFJ     
19710404-001814FIN197121971040119710404    7951969615.11    4049594953.08       20.12       17.14        0.51     544219164.84  937100336531.16    3349676761.41    201281009    236264358JSKnyzjayIuyPFBDYKGYmQJJJALMQVJRXBsXrxUvvRsgSBaOEnDcQEgzHT  
19710404-054609FIN197121971040119710404    6982685297.83    4602359532.58       23.46       20.29        0.66     507240169.62  622192875745.93    5825995969.49    196187987    2267950250000000123
19710404-114002FIN197121971040119710404     855357067.85     230359282.63        0.53        0.52        0.27     619305463.12  956603683066.74    3308757998.81    436932192    444261621xtCKWBjqUKBQIRxNAFhHNGkothLlKEOJLIDZHCCNWPKwSBnHHcnYM       
19710404-205715FIN197121971040119710404    5138205910.73    3042092873.68       25.09       24.04        0.59     692628917.56  817676057813.03    2964925223.44    121267051    126551099hLJBQUzrFVOXJcPWoMTCtDJWVHTNVVRwBxaKF                       
19710405-010341FIN197121971040119710405    2043947075.22      58890791.29        0.19        0.18        0.03      52414954.09  797046263500.83    8809113629.20    315358734    3213841840000000188
19710405-124940FIN197121971040119710405    2352514298.88     924380868.29        1.60        1.36        0.39     631255677.64  701322175111.73     339129932.61    578078192    677883372TzOOKJSXlzetRDAZNOaBGRiAoYkrPjDLzvR                         
19710405-182015FIN197121971040119710405    1677252060.23     324967589.63        0.47        0.43        0.19     998432712.27  576369063850.14    9188928289.18    691062047    7547111660000000003
19710406-021302FIN197121971040119710406    7914222530.88    4327443265.61        6.28        6.10        0.55     592037896.72   62618275331.00    8957324185.37    689594577    7088633530000000166
19710406-065559FIN197121971040119710406      52561468.51       2861106.63        0.00        0.00        0.05      75142220.96  346547726466.71    3846629341.40    671668114    7876086090000000144
19710406-203812FIN197121971040119710406    8753206155.92    4581622382.87        6.78        6.36        0.52     532380445.77  737556146629.10    9611941817.26    675581917    720429624PTNTHCLWsriUMNBFhDQDGtmBPPNiLOSaNy                          
19710406-235153FIN197121971040119710406     777277810.72     160435245.61        0.32        0.31        0.21     266851696.23  139873303078.50    9519224434.19    508773883    509533569JrvIZAzWlMCTHGbTEAUdbBtPiFGrTXDLPtHHrjDyTiEWmrrZ            
19710407-014627FIN197121971040119710407    8716719173.35    1374349447.65        2.97        2.83        0.16     527301266.63  434972652449.31    5073217625.61    462893665    485847141jLCjOYaAGVEUrxGtMU                                          
19710407-141708FIN197121971040119710407     502316384.90     177353491.83        4.08        3.92        0.35     257297289.13  188971859896.83    7085482256.21     43473040     452675640000000075
19710407-141925FIN197121971040119710407    8394974037.56    4570293641.84        7.13        6.78        0.54     437566681.42  773746436718.67    2218211032.91    640744469    6744467140000000126
19710407-173608FIN197121971040119710407    1234176670.83     525785225.51        1.41        1.20        0.43      13436167.91  233998637475.88    1157353207.96    371582061    438338012IYXYDYXzMPNoklZTdipMzRqgCNIOKJHazWaAqvQYkNmrDITClMRGjaTm    
19710408-052059FIN197121971040119710408    2481971556.40     859174158.76        1.42        1.34        0.35     776743009.92  329142413066.57    3516521026.78    604635209    6395601910000000051
19710408-185531FIN197121971040119710408    8563267844.97    1234023342.84        2.11        1.85        0.14     345949209.00  591001769031.51    2626879120.75    583574378    6680298630000000234
19710409-062124FIN197121971040119710409    4251602905.07    2965668979.94        9.85        8.85        0.70     488752955.54  853839884597.82    3487763824.34    300992533    3350171140000000117
19710409-203938FIN197121971040119710409    3237740552.14    1281746435.75        5.40        5.03        0.40     695330443.64  403409451200.79    1370905227.91    237335293    2547510000000000040
19710410-001755FIN197121971040119710410    8814551823.07    1690266250.47        9.00        8.58        0.19     742784321.99  354511334854.08    4412101996.37    187881066    1968983110000000049
19710410-135513FIN197121971040119710410     676639970.92     249111544.30        0.79        0.66        0.37     584280049.54  605607193046.58    9361723170.61    315579947    3749479370000000187
19710410-165043FIN197121971040119710410    9105412559.33    5787896342.04       49.61       45.40        0.64     576676788.56  847095084940.23    5207702887.07    116661944    1274826580000000108
19710411-022551FIN197121971040119710411    4055282849.89     444221258.87        0.91        0.85        0.11     514464083.29  203702702828.35    5589628471.00    489180922    523995506kCGxWShTICEMykTPjwUmen                                      
19710411-034111FIN197121971040119710411    2212645885.87     934119837.03        1.06        0.92        0.42     959828150.65  933357225765.47    1636612162.26    884112410   1010861483YNouztDEEgVJnWzrV                                           
19710411-091731FIN197121971040119710411    3709534236.46     450262689.50        1.17        1.05        0.12     427802559.51  902305568375.14    4020559107.30    385215625    4281592670000000205
19710411-165408FIN197121971040119710411    7166147718.27     102629028.18        0.23        0.21        0.01     914154128.20  111125965526.99    1444434220.81    448074423    4817426170000000160
19710412-035407FIN197121971040119710412    3333341387.00    1199250647.10        1.93        1.65        0.36     325091467.31  250387473517.17    6294293904.73    620490803    7284624670000000148
19710412-074549FIN197121971040119710412    5190324173.08    3468039039.31      115.91      108.87        0.67      18066926.84  614546997891.16    7315531370.63     29920247     318556440000000152
19710412-230640FIN197121971040119710412    7052917986.72    2419779589.12       13.14       13.01        0.34     736163339.33  683120657113.64    9650830643.75    184203756    185995980OhGyMTcWMJdQpJQZIiaxBfCuXgKBUhaQsuoACPYaXpbjkXNDZMmSDD      
19710413-062323FIN197121971040119710413    7561249726.35     822248132.11        1.02        1.00        0.11     577681769.32  633016297956.64    4522694591.01    804446370    823497037inZSWxMORYAMakTEICVCgOECFdCknDeuMDaK                        
19710413-121824FIN197121971040119710413    5505724365.63    3838127003.09        9.37        8.91        0.70     696337427.08  808521410707.73    1658604563.51    409701879    430958569zZCyFkqieiPsUGvBJwvhXNW                                     
19710413-140256FIN197121971040119710413    5664847745.11    2023964411.88       57.57       54.02        0.36     568060274.93   84921972658.52    1605804828.21     35158575     37467743nUSbwozHKnjEMwDGEwifsBDVkWMEUCXcZRAlqaRyXugMDSPCvILEtSe     
19710414-043837FIN197121971040119710414    4939388024.91    1092608466.62        1.33        1.26        0.22     770818770.25  990647361029.21    6744572670.39    821431539    863836385EsHPWeZIUldfxNQnmwk                                         
19710414-150603FIN197121971040119710414    8458694355.62     961385987.84        2.87        2.48        0.11     949554644.35  525139065590.96    3792131336.41    334738362    387415804GZYLRjrimaTBIzBBifAOowqfEgITGEQXq                           
19710414-225949FIN197121971040119710414    7995228289.61    1628032047.17        8.41        7.93        0.20     572840900.45  460016149803.56     939954370.06    193563092    2051876440000000179
19710415-094445FIN197121971040119710415    2351475165.50     981345996.49       13.92       11.62        0.42     696683658.23  929862979402.16    3387328868.78     70492689     844888370000000221
19710416-025140FIN197121971040119710416    1400173716.56     350704813.39        2.13        1.78        0.25     888340009.66  818347659296.92    2113301329.86    164801413    197068806zIHLKvPBQrCTBYzpZzUJZwMrKqTpUZPyXUykkId                     
19710416-074702FIN197121971040119710416    4304226013.03     808157662.65        2.63        2.55        0.19     927434605.85  995154243143.50    7968589383.50    307283874    3171176880000000200
19710416-224559FIN197121971040119710416    3717756984.65    1023730529.03        1.43        1.40        0.28     896018537.03  938848490103.53    7368242475.96    717201275    7330709020000000053
19710417-115220FIN197121971040119710417    7927132834.00    4035239702.48        4.12        3.47        0.51     755099527.92  333134647016.25    6931034018.68    980080173   11627838820000000104
19710417-195351FIN197121971040119710417    7444887871.71     767639681.63        2.35        2.00        0.10     352839710.64   79817839654.83    8996919225.30    326701892    383792012vDOkAbyNyfNiUAoMMxwWWTIWEYeJPfPRnnjcwmlWawDedDa             
19710417-225005FIN197121971040119710417    2424157694.88    1061090261.51        1.32        1.14        0.44     849127061.78  617060856874.86    3808770961.58    805426667    930801483RhUQRxcjdEgKAzNIHpMnLOkaWYvDQqHM                            
19710418-100915FIN197121971040119710418     905265430.35     516981446.27        1.02        0.86        0.57     976158300.60  905193898986.15    2900031191.25    504683929    6022835560000000199
19710418-102712FIN197121971040119710418    9266955593.33    6291731282.16        9.06        8.37        0.68     149980627.75  836627833691.14    3424862436.72    694179660    7518739650000000133
19710418-230215FIN197121971040119710418    5764851258.87    3469181140.69        7.90        6.82        0.60      84908690.08   68830542188.72    6972389904.93    439392519    508734823yRPdOOYwDRIgGtBTaFzyuaZQ                                    
19710419-105329FIN197121971040119710419    1540037421.35      13945054.51        0.02        0.01        0.01     889079146.70  843221520700.87    8982627973.42    918299794   10737085270000000076
19710419-134240FIN197121971040119710419    3613301329.05     605868036.45        0.80        0.78        0.17     850980581.99   69839243436.28    2174798151.24    753753911    7790079690000000197
19710420-034744FIN197121971040119710420    1299035997.66     444252073.46        5.31        4.49        0.34     762765189.83  397420036683.76    7610570167.63     83708437     989289260000000136
19710420-134223FIN197121971040119710420    5363404772.41      20473753.82        0.02        0.02        0.00     808390015.32  598264329907.48    4266813430.92    906030052    9677653190000000013
19710420-181409FIN197121971040119710420    8748038539.05     160025210.37        1.17        1.02        0.02     238971602.98  912410724749.91    7744180136.00    136334983    1572119100000000035
19710421-103316FIN197121971040119710421    3712050082.36    1142843131.00        6.11        5.12        0.31     799481533.02   31323183916.47    7705738617.22    187193045    2232498080000000091
19710421-155235FIN197121971040119710421    3043010019.15    2049188244.16       53.50       48.81        0.67     723968519.02  766884953772.69    2433031884.97     38302838     419831740000000229
19710421-163135FIN197121971040119710421    7549686364.93    4505037387.25        4.86        4.21        0.60     197701634.41  148056280747.31    8960766608.32    926174386   1069243434HazhIGPeCVSzQZwuNFJTfJUbhYdYFIlCd                           
19710422-032245FIN197121971040119710422    8602389788.77    5380202143.29        5.42        5.28        0.63     262913281.67  224708394952.97    8554692221.50    992291621   1018104433pmVFtISJNicSLMLBUTybzczhOfHObPpMYpBqjAaxrDHJ                
19710422-202941FIN197121971040119710422     934625530.22      93278877.36        0.18        0.18        0.10     232212509.72  559377101781.52    4805488738.77    506263319    522642454OHzaLyFKQkeISJnxSTeShaOv                                    
19710422-214734FIN197121971040119710422    5367434671.50    1239228568.08        3.65        3.28        0.23     876331156.55  546678986172.04    6417159304.77    339476527    3783034800000000044
19710423-030442FIN197121971040119710423    3135361550.19     511221498.96        1.60        1.33        0.16     585845230.93  408470212233.25    8275472253.82    320301636    383705846FQCxtQRoMnVlnjwEERVRrjOJDAIyWTEKGCbBNsvTNBMQXXA             
19710423-064730FIN197121971040119710423    3346864204.85    1704980200.72       29.44       29.04        0.51     149608850.58  646419646918.76    4725994786.02     57904580     587034210000000018
19710423-110747FIN197121971040119710423    1382646128.74      75743210.49        0.08        0.07        0.05     288691692.36  931871288146.47    7469314943.59    993679568   1070461457KmmVMAnFFPQmIEPRJFeYqLOdwxWQuDObsQcTKGNrrp                  
19710423-230546FIN197121971040119710423    1815877509.55     710413718.94        1.98        1.98        0.39     566330186.81  465938782051.98    4253544070.49    358425343    3594216760000000096
19710424-112440FIN197121971040119710424    7971601269.30     956927387.37        9.17        7.85        0.12     771162825.16  835249863960.14    1882258007.30    104361213    121913763RzFPWFvwZRrSBSctRiMfHfNKAAwdNTjFVMI                         
19710425-003626FIN197121971040119710425    8178522379.34    3818747915.17        4.39        4.34        0.47     327637818.56  229967400196.41    9087007613.49    869687187    8799725660000000184
19710425-124844FIN197121971040119710425    6509440607.06    4430046485.49        5.95        5.82        0.68     833849544.08   62913293393.62    7409902798.98    744561812    761697558APFGGKwGWpknVSryuSjfSQJ                                     
19710425-222201FIN197121971040119710425    4197678182.80    2447410774.33       36.89       30.98        0.58     345011635.05  428527023262.62     851823103.87     66352066     78987416OFnTuxOMWDUHOSyWOVCiEosNDI                                  
19710426-121103FIN197121971040119710426     361798141.75     111027811.21        0.87        0.77        0.31     770456712.24  793810738725.49    9014331033.92    127802175    144458696xJLQVuTFshRimMWvovlkhREDPsbyCEbOPAiHlYQoNpMfOnOS            
19710427-051904FIN197121971040119710427    1404225325.15     113108989.34        0.12        0.10        0.08      88142919.60  665366302470.83    6573914550.31    980884158   1116621494QPoUnLDTrDgYSUKWmSCDOMHFQOuOStATjAIXdgAbzman                
19710427-223016FIN197121971040119710427    7422563344.44    5114607102.81        7.93        6.73        0.69     985140922.39  465989878973.25    9447169558.71    644593623    760122278FCOCNTOPibcmwDBHblaHXU                                      
19710428-104817FIN197121971040119710428     512019588.16     299565736.77        0.45        0.42        0.59     193153905.55  617145376680.90    2811313362.34    669953764    716153034YGODXTYUYQHKSUzVdmTrHaaZEgiuZLXAwzvjFZMnWXdUSECjfiOJYU      
19710428-194615FIN197121971040119710428    3609283409.91    1784618459.53        3.91        3.72        0.49     969337077.92  898098119275.23    8396538704.06    456683772    4796893120000000146
19710428-224200FIN197121971040119710428    9681764270.12    2352111613.43        4.59        4.25        0.24     572398064.52  549286536585.77    5959474136.75    512335789    553949951WKHSDaFEDSYXOynePKHWBGLeJ                                   
19710429-103024FIN197121971040119710429    1845033948.72     840834077.33        1.10        1.03        0.46     403479758.77  425410256522.13    9021981910.09    763172435    8161269760000000098
19710430-004159FIN197121971040119710430    4042939498.30    1487830473.11        2.41        2.27        0.37     168296101.92  333506179381.60     688477377.18    617580557    6568257250000000216
19710430-032040FIN197121971040119710430     579419788.15      95531277.78        0.19        0.19        0.16     229539416.77  613837094260.91    4746735518.65    497957307    5057195620000000168
19710430-130712FIN197121971040119710430    5229664552.30    1258895565.85        1.50        1.43        0.24     301085309.74  157152854419.13    1600715922.95    841142662    8780478080000000011
19710501-030311FIN197121971040119710501    1847088919.16     541130709.10        0.82        0.69        0.29     853437509.92  901511334988.74    3540161332.75    656233974    7826077490000000232
19710501-165627FIN197121971040119710501    5794829518.68     614127545.98        1.42        1.36        0.11     489443041.42  593829931356.70    6362862371.12    431590665    451206560AYrIhMoBIgUBkRdxKABPjIIShjxFyaWTAsK                         
19710501-215112FIN197121971040119710501    3968613513.28     903092468.89        6.63        6.28        0.23     719927521.64   47710909603.27    3570803422.11    136254717    143902149jUcWBvgxKjCwRpvXoIjBbXiBA                                   
19710502-102459FIN197121971040119710502    6660734303.90     270542559.92        1.25        1.11        0.04     292856155.76  989431973859.37    3962983386.34    216671176    2431949680000000074
19710502-122442FIN197121971040119710502    5763504642.26    2892091998.80        3.79        3.31        0.50     761563450.28   39726747735.77     985077384.21    762469598    873754510yURWxInlVahogpZHAunTIhWpDHUoQwnugkGiHKWVDOnuTAuSApjDJaf     
19710502-173003FIN197121971040119710502    6655056683.49    2691895686.20       13.01       12.19        0.40     411840521.05  881197000818.53    2724487455.73    206889087    220876652WCJJAitQbHnCKfmKEVEELEBjYtHsVGTBpOMMCLXEadMPRGRTA           
19710503-011224FIN197121971040119710503    9143055799.41    1542180228.18       22.13       20.92        0.17     356921007.94  558690108582.55    2287198756.90     69684922     737316980000000030
19710503-031218FIN197121971040119710503    5228536097.61    2038476382.43        2.37        1.98        0.39     519299725.02  211221278788.65    2062125864.23    859769932   1030374491zScyndwxOcLUXIwtrdKPFPDeQiYudN                              
19710503-202731FIN197121971040119710503    8485584002.38    1320186164.25        6.19        5.48        0.16     735149528.77  716456177800.49    6300403458.96    213431488    2409214010000000057
19710504-055256FIN197121971040119710504    8255258599.08    5512052557.25        5.61        4.72        0.67      59968471.63  255748732428.88    7689220712.01    982344928   11678136640000000072
19710504-140520FIN197121971040119710504    3383858930.78    1493146876.04       10.06        8.42        0.44     210178306.09  320783426842.79    4081425274.12    148472656    177264877ILluFBdLbXRPNPnaiojyEqsGqUArncqWACvKTGoQnLdlqc              
19710504-144719FIN197121971040119710504    5034163850.44    2746927385.46       14.31       12.81        0.55     433474864.64  592255259984.89    6498493389.86    191903434    2144642750000000224
19710504-202819FIN197121971040119710504    5061484970.93    2231474899.70        9.07        8.86        0.44     849654541.01  430909816403.18    5702095901.37    246138322    251827277diqlqOsDpYaNQhSPBbXhMXocCDXEfNMfLDMDHOdpovsklTN             
19710505-054213FIN197121971040119710505    7384457944.71    2246556429.44       11.14        9.89        0.30     708295860.04  793087623247.64    4744418229.60    201688230    227041397KsLBXnElVKdTMXGCGoOrJDQaBpHiZwbprNnHXjI                     
19710505-115454FIN197121971040119710505    2356637766.28     684319225.45        1.25        1.18        0.29      22922643.83  721458942235.23    7728889809.48    548949551    578053212XDnNdfGcCiNIOwdZoWMTZgVYEOsHLSH                             
19710505-135608FIN197121971040119710505    4526273512.69    1449812242.97        1.52        1.49        0.32     586475841.46  926526572828.73    2156244395.87    953473645    9742673120000000031
19710505-232100FIN197121971040119710505    3075909189.25     682813936.18        5.11        4.81        0.22     986368801.76  768425287539.87    8935132965.09    133565680    1418684820000000141
19710506-032154FIN197121971040119710506    2817700858.33     914068820.02       56.41       49.07        0.32     401133459.38  896395544925.05    2117761036.43     16204777     186290900000000167
19710506-175328FIN197121971040119710506    8274757595.36    2953840952.50       15.37       13.52        0.36     852762656.97  981657711786.27    5373326065.60    192187031    218550998CKqQGzXcNXMPWzzEAqHxSpCdCwJEirgSInSJOMkfzMBleWwhgbxmoVEVYU  
19710506-234708FIN197121971040119710506    6288308440.18    1473817406.63        1.52        1.35        0.23     102894075.36  759033894524.32    6107053505.48    970362777   10885882670000000125
19710507-040753FIN197121971040119710507     963334743.90     461082777.20        0.83        0.76        0.48     458561872.29  687145784641.97    9958831592.60    552441348    608403190RROTPAhGxBXCsDRWwCaoSoQOjzYvsXPjjDoaqguiSANJtSIiUgcJfFuX    
19710507-103834FIN197121971040119710507    6029242836.08    3201030352.71       21.27       20.35        0.53     847568079.78  349585241037.94    9046725379.62    150478408    157301837yJZRFbHLdseBeTnJIpEmTJtfrrDaEFBWyS                          
19710508-020505FIN197121971040119710508    5655318186.66    3878006133.46        4.61        4.04        0.69     922706119.67  225312477763.46    4749622835.80    841496273    960665449UXKSWgGTVwuzWNnUV                                           
19710508-090742FIN197121971040119710508    2103223605.74    1174009775.82        3.10        2.70        0.56     120150981.31  200380321421.76    7649528064.02    378853254    434955317estGmMJWXVNYIvVp                                            
19710508-220448FIN197121971040119710508    4985392310.01    2266129805.94        4.53        3.85        0.45       4721117.54  123489864921.15    9007636691.96    499752933    588559669oHqcAiSKTrHsULLyJUDMmFLLtVnVfUxPcpvknqfqbnhFycoSbFZvePIdVmZ 
19710509-140853FIN197121971040119710509    5414284950.75     605138945.63        2.82        2.46        0.11     317129059.26  394161725155.78    2388123411.89    214895002    246354686BlzKUNpcdbxQGHwUAaQlIXGgyZmHnyRREOKBwpXvXwwWEOWiNJVMXWALS   
19710509-141151FIN197121971040119710509    5775900814.69    1747993023.09        8.65        7.77        0.30     498402545.46  835511841779.63    7852136344.35    202038235    224965305iNHnTftjXfvHrITLJdLaYdULuwCuiDvUOwI                         
19710509-212013FIN197121971040119710509    3213265557.86     257929620.88        0.93        0.81        0.08     907466080.39  523979970153.64    5976447783.31    277618129    3169654390000000024
19710510-065256FIN197121971040119710510    4723938845.57    1164431661.01        8.92        8.48        0.25     277128232.21  924543124704.32    1577007613.77    130547309    137268176XLTxGrTTSMIeAKqzJEDWF                                       
19710510-181234FIN197121971040119710510     356867012.88     242639973.42        0.36        0.31        0.68     641618643.92  342679617746.79    9423690583.70    671175343    7788408000000000102
19710511-014727FIN197121971040119710511     506888165.35      44633447.16        0.08        0.07        0.09     317582074.23  161608756170.70     178675299.64    541304020    627432085yRflLhHvroMJBNHcMIDiQuHspAHUTFVE                            
19710511-082032FIN197121971040119710511    7876401881.23    3956741962.34        6.38        5.80        0.50     543450083.63  124685115621.23    8182501524.98    619702774    6823809540000000208
19710511-094638FIN197121971040119710511    5547144577.86    3400405012.69       38.48       37.65        0.61     179386005.04  845061688174.25     881001974.48     88364737     903096720000000212
19710511-172531FIN197121971040119710511    5891611036.11    1743020986.91        7.22        6.93        0.30     293686238.11  493714443291.84     589071750.77    241520145    251606239sRWWIhWVTcdKuZKNfeibPUSU                                    
19710511-212803FIN197121971040119710511     573065766.34     161111589.29        0.21        0.21        0.28     340204011.19  583096604397.69    2513304809.37    749576480    7773997680000000209
19710511-233450FIN197121971040119710511    3868666894.19    1597104861.54       55.61       51.22        0.41     929982081.20  283855456233.25    2505573990.27     28721991     311793640000000227
19710512-010211FIN197121971040119710512    2843378197.19    1761571053.86        2.89        2.66        0.62     861830262.60  991239593602.63    8500388382.66    610002312    6625188660000000177
19710512-054549FIN197121971040119710512    8155760834.84    1403306700.09      106.36      100.90        0.17     802614719.44  336865607973.52     144766282.80     13193940     139080050000000138
19710512-132428FIN197121971040119710512    2718089385.35    1175008085.60       11.60       11.58        0.43     864473130.71  999946247988.77    2725012329.25    101312722    1014996090000000118
19710512-231929FIN197121971040119710512    9244324944.46    3581074078.22        5.58        5.01        0.39     349817784.64  230132486133.84    4001590544.61    641818940    7145434260000000178
19710513-061201FIN197121971040119710513    2869761634.31    1131068134.60        3.37        3.37        0.39     450193244.81  614414350546.51    6810735467.18    335665152    3357252830000000004
19710513-061256FIN197121971040119710513     770796526.52     303576932.76        0.93        0.87        0.39     618105842.17  573985566255.80    6919914106.40    327362488    347386435dTeGxDjIdTKaDZkEQ                                           
19710513-103651FIN197121971040119710513    8317120661.19    2018505973.01       11.83       10.21        0.24      91438513.05  246099260937.92    7201270802.00    170625612    1976581190000000082
19710513-152014FIN197121971040119710513    1145027826.96     625917211.05        0.97        0.84        0.55      49859724.69  980034393917.97    2266688813.28    647295015    746603475jRhDJJDxLPxUEMMpdhzdZNqRVTuzMCrlMcwMsdHNvIEBwDfErPG         
19710514-023030FIN197121971040119710514    5701412502.48    1462832662.83        3.98        3.86        0.26     988145871.76  295744114517.35    8637934864.59    367655040    3790246590000000122
19710514-024343FIN197121971040119710514     276348320.49     127887520.52        0.76        0.73        0.46     546612417.81  860703783487.03      79127304.70    169036556    1755999030000000191
19710514-080222FIN197121971040119710514    4886655596.47    2867101657.69        3.18        2.90        0.59     630771927.18  915134090430.96    3057352256.17    900988372    9874859260000000107
19710514-163102FIN197121971040119710514    7917761568.41    2108761542.46        2.38        2.14        0.27      97155591.28  665766005532.05    6056498192.12    884192984    9851694290000000156
19710515-010321FIN197121971040119710515    3646309062.47     720141014.80        3.14        2.80        0.20     431445044.12  591450863890.91    6957293068.66    229639958    257462656UJvSHHJxMUEYmrOEqYVQ                                        
19710515-112326FIN197121971040119710515     148402998.96      73287823.06        1.46        1.31        0.49     649732816.36  979921598759.29    9579654897.93     50325116     557683770000000063
19710516-011122FIN197121971040119710516    4762540578.06    1186590208.46        1.62        1.61        0.25     261319844.58  934924998381.26    1800121231.84    731070384    7383380330000000021
19710516-064711FIN197121971040119710516    4405989009.02    1193481781.81        1.65        1.45        0.27      21053536.87  333395186694.89    5005098857.28    722332459    8241872460000000056
19710516-164529FIN197121971040119710516    4221528293.51    2409234131.04      115.81      102.33        0.57     314422809.32  357610643503.54    1226750470.85     20803496     235442500000000172
19710517-080213FIN197121971040119710517     994984889.18     411637429.00        1.27        1.10        0.41     744020558.85  517153069814.84    9512563760.26    324770876    373532053EOMpasJigJVvYQGKVcDPddEniaOUaTojpCAmYQrUeZJEGo              
19710517-112126FIN197121971040119710517    4823717294.25    2368264150.70        6.97        6.17        0.49     605104731.21  606056655162.22    8974909717.73    339883617    3837620550000000180
19710517-173238FIN197121971040119710517    2402856721.35    1100290196.48       11.33       10.65        0.46     934623754.55  690454229297.52    7620775465.96     97121757    1033340440000000173
19710517-213544FIN197121971040119710517    7738582542.19    3323980284.49       10.42        8.97        0.43     882835021.44  514747904031.77    5219487304.84    319032665    370697289vXSEWKALOAvhIlwNVfQQBHKxBjyZoXiQNPJjmHVRQmuFFmfzfaBJyGV     
19710518-113551FIN197121971040119710518    1845772000.23     585035556.09        0.74        0.72        0.32     632122059.58  422453266395.63     984076408.34    792179041    815360479hcPDGWJeqNhVOJEHQzDTICfkFUCNaLlcnCkzQvSJALfIzRb             
19710519-005508FIN197121971040119710519    8117338438.13    1636369255.40        7.21        6.49        0.20     470408489.75  944215465580.17    3980579817.22    226834405    252183558zCNcUXNeZAUXsHb                                             
19710519-112442FIN197121971040119710519    2217070108.76    1322163360.32        3.80        3.50        0.60     921656554.25  567621417875.78    7277921216.83    348314176    377296187sEdXWlAyBGoFClpXvyNNafsKbfeEnSrT                            
19710520-043002FIN197121971040119710520    2254068100.72     114654460.36        0.29        0.28        0.05       4399245.27  797719550798.15    2687201442.12    397333117    415648319qKZmxEJdJHmHxmqcMqVLIgrwrTMFGSYepLzRROMkSDC                 
19710520-200625FIN197121971040119710520    7448017811.64    2137658330.30        9.34        8.30        0.29     416127358.95  175052923610.08    3539741678.03    228921515    2575592090000000190
19710520-210233FIN197121971040119710520    3616063486.99     108049029.21        0.13        0.11        0.03     186874005.29  241201815216.29    3717190593.35    820715935    973075864ONhcAQwlnmqCCWDoczkXiLhbZXsEJrEEXDUBOGQFbkIMJyvn            
19710521-044043FIN197121971040119710521    6660752949.56    1091050748.17        1.64        1.38        0.16      66372667.47  273958862585.54    7704992699.64    663586156    793049744MDjVavoVSMeRlCAiXqmFZzvARFaNTAslRoYCUeWRGOXU                
19710521-112811FIN197121971040119710521    1767363570.57    1081137613.39        4.00        3.54        0.61     326506581.60  198445932880.72    1184021969.35    269955844    3057623610000000217
19710521-191004FIN197121971040119710521    7275666802.50    1922030915.75        3.12        3.04        0.26     747417610.54  343327574293.58    1328354784.10    615729156    632527373WqeiYOFGTjVEbfOBYccBfxuAwwzR                                
19710522-104940FIN197121971040119710522    8406745323.90    2081063194.77        2.52        2.19        0.25     336772326.06  317568307243.60    1100557918.63    825174569    951841806olGIXXQFLdIHXDEuMLdDVNJbXfMiSChBOXXHPRgqQfvPMFOMefo         
19710522-154245FIN197121971040119710522    8942304715.73    6001356532.22        8.38        7.15        0.67      24312199.20  314679609992.09    4791858768.38    716199915    8393811310000000092
19710522-234442FIN197121971040119710522    6800058148.79      35871341.23        0.20        0.17        0.01      62784788.06  785389463362.93    3083604209.42    175631860    209418803nJeCzbUuGqxTKWAoQUAHEtBPtJA                                 
19710523-061029FIN197121971040119710523    8289625395.42    1167805202.96        6.06        5.72        0.14     121913714.86  985018755082.72    8122754208.50    192552089    2042867060000000087
19710523-191815FIN197121971040119710523    6226299462.06    2122986725.02       19.89       18.90        0.34      49408517.06  724211023780.75     375069474.69    106756789    1123370690000000161
19710524-035231FIN197121971040119710524    3483545976.47     798526850.83        1.24        1.20        0.23     605763620.84  707833755074.10    8745712575.46    645150231    667040019PbZdBtNVFkoHUVrXoPHrheGsXLJgIHgHTAbSKZsIPv                  
19710524-125051FIN197121971040119710524    9157231576.66    5695377238.73        8.96        8.23        0.62     353432104.34  218072639561.35    1591647260.66    635850618    6916804380000000119
19710525-044223FIN197121971040119710525     308673820.96      23095261.26        0.21        0.18        0.07     152473861.07  798160911580.27    9240826499.14    107652549    126305028PGDBgEZqRneMoLzzQWIWKPqUm                                   
19710525-114026FIN197121971040119710525     648894829.63      62962139.46        3.20        2.87        0.10     213811456.08  725546459133.80    1592306873.25     19671292     21910083yzVtIWYoRQKKPNbDwXqdBMdFXWIZfiTteG                          
19710525-160207FIN197121971040119710525    8775586485.28    2993323124.03        4.16        3.78        0.34     885232898.84  755623729802.70    1195737238.58    720362549    790976755GKXARCFbFebKiAlLUJXKJgRjmqXdAQcnJFJAKTzRouxMxMVkXQMjtVZu    
19710526-003700FIN197121971040119710526    6666829681.97    1041574608.07        2.99        2.69        0.16     697021221.85   83546513165.60    9278255261.64    348679680    386765112KJhQqvrlpQBidNaiKSbeNNikTGFNyqfAokZNpWiMnQ                  
19710526-161950FIN197121971040119710526    8473105577.35    4163790056.22        6.82        5.95        0.49      36965241.90  256436103164.55    4788478739.68    610628318    700258804LRYKYZXBcxmTSSowQAFUfTJRSoIvPgvimQgPedHDROTgzAImiQMWqxVFPKu 
19710527-083055FIN197121971040119710527     601083510.16     239355703.84        0.53        0.53        0.40     380540552.86  275341869461.80    7886870616.18    452523116    4549665520000000225
19710528-015109FIN197121971040119710528    3828437374.92      86216739.16        0.16        0.16        0.02     650382551.77  962938474182.16    4019667066.35    529447538    534283241NXYlMCOvkZMdSTGmlcsYmASEslwTXZUhRGxeSFvRN                   
19710528-140257FIN197121971040119710528    6897224284.94    2266513384.83        6.93        6.04        0.33     216939645.92   81377600516.95    3969691603.14    326900336    3749937240000000038
19710529-040615FIN197121971040119710529    9474260239.37     795345033.59       16.80       14.95        0.08     564784543.78  167852523770.60    2104710873.26     47336352     53214287SOHsouEIQhzIAMeFABDlHzVVpeXiHlUsEEOxcBPIJW                  
19710529-123236FIN197121971040119710529    5492586419.24     186793792.43        0.57        0.50        0.03     145631342.90  873032410589.03    3962815569.57    325923295    3744203120000000142
19710530-025119FIN197121971040119710530    9274037263.71    5646670527.67       13.04       11.12        0.61     392702425.26  808448716665.77    8962237916.53    433153719    507586473PJfOlXRPMTdOuTIMAy                                          
19710530-063507FIN197121971040119710530    7687546672.73    4891038087.19       10.10        8.94        0.64     954108344.79  811179158888.75     201021973.12    484033033    5471650020000000060
19710530-121233FIN197121971040119710530    6970824373.98    1381314046.77        1.39        1.30        0.20     539905470.37  665133727046.81    9881347566.20    994403874   1060469842EKxtQJAcqNDYsGjPTVlSMPKGHLQauQwSokAAzptqRDUgdn              
19710531-052227FIN197121971040119710531    6776576687.43    1322768645.36        1.92        1.78        0.20     273488351.74   59370256362.58    7024291883.08    689594448    7429092280000000153
19710531-202117FIN197121971040119710531    3964628896.00    2421305644.60       10.90       10.45        0.61     652689098.72  314209849310.01    1248158749.28    222232408    231808728dTinRyMoODtLpbesN                                           
19710601-024536FIN197121971040119710601     892008059.27     195043649.16        0.53        0.51        0.22     508471655.46  993620023965.94    7161167365.33    368200067    3826614550000000110
19710601-143853FIN197121971040119710601    5350537892.45    2357727078.15      139.59      122.73        0.44     500276565.21  242915828696.60    3420396637.14     16889842     19210731QZoKTiXLKvPjulUWXMCUtVfATzbC                                
19710602-002721FIN197121971040119710602    6161292762.42     182249938.63        0.57        0.53        0.03     157539659.88  510149959323.19    5026686052.38    322474023    341780406MMYHEsAdHQrXvDXqWNGKyGRnmNQy                                
19710602-083813FIN197121971040119710602    8255964516.97     663481294.63        2.49        2.34        0.08     781432366.48  422661409022.15    7100447000.68    266242157    283937482aJZDEsbtUZIVIFHQlUkKimBOIJCkSOi                             
19710602-164201FIN197121971040119710602    2742075117.23     312652068.00        0.53        0.45        0.11     386177840.80  919813661402.74    5262873718.85    585253442    692695647VXpGhfFbmgISLSMZVQlpBtNxkRhiLKvoTFIEKvFgIOL                 
19710603-020526FIN197121971040119710603    3705338233.52    2412598466.85       10.60       10.27        0.65     217261448.58  957355512437.87    1793869254.01    227650061    234962523zjoKtxCKSTNWLpRzJEjyVWiVEuzmYUTLdbyRHLSIgDUbYquZsCvOKJvFaWMu
19710603-160249FIN197121971040119710603    3452264256.85    2069047897.66        3.99        3.46        0.60     469132718.86  223999957715.48    8154820561.38    518351186    5988019290000000073
19710604-063219FIN197121971040119710604    4159523889.92    2084402037.09        2.15        1.85        0.50     419887184.39  466403491083.59    7094982297.10    970415305   11278215240000000223
19710604-173856FIN197121971040119710604    3728238512.10    1200144308.92        2.87        2.70        0.32     730434178.48   76093483293.40    4679477873.52    418829712    444859840QNZUltgBGCXGYshw                                            
19710605-101230FIN197121971040119710605    7700092426.81    4077285031.25        7.45        6.44        0.53     911018968.94  745399304635.89    4714823014.95    547001697    633042150FXFYeNQJTmypAWxzHPOBgNFDcXaQQFB                             
19710605-125931FIN197121971040119710605    2394240549.70     296743138.64        0.62        0.53        0.12     857231518.71   22992598391.75    6836338670.87    478816176    555979990rkWTCsQbCPAUfRcKLCwMGTdIqvRSpGXQyDXxU                       
19710605-193823FIN197121971040119710605    6165111918.75    3385923969.39        9.29        7.81        0.55     526043566.25  398815887312.88    1120419604.59    364561137    433375066eyGBByYTpoRbgjJdHtPbQdJTXrTbcWTJkSHlPvDAkK                  
19710606-001551FIN197121971040119710606    9105563013.66    5050542221.54       15.74       15.08        0.55     989066260.98  986849661813.99    4259181827.66    320804373    334977076NkpmsBILljFbVIAskKSudkLAIHYbeCnBzSVbIcIypZcePYIXqxdlNs      
19710606-115108FIN197121971040119710606    2133349000.49     844638505.79        1.44        1.30        0.40     968427188.95  727444230776.92     890714187.96    587314293    6473551230000000022
19710607-021509FIN197121971040119710607    7296056387.27    3658532145.50        8.12        7.96        0.50     192763331.49  369228152924.91    8060395739.49    450681538    459466078URZBtUKnpDKKHZbOejdWhikbEaSqvjzvEtNLbCtShSSaX               
19710607-070458FIN197121971040119710607    1198994824.71     723927618.33        3.20        2.95        0.60     452391087.00  940353993790.77     553824361.61    225888620    2452241670000000120
19710607-080505FIN197121971040119710607    8184035180.38    5570874405.90       25.03       21.74        0.68     434542260.69  798412870202.95    4796595001.00    222556932    256209366lSBXSwESnnboFFeSvHxFjlfxrwIZABfGMjiWUbhTmnRHnPFOTMlMAQnZJA  
19710607-191444FIN197121971040119710607    5214951995.62    1687817235.03        1.85        1.59        0.32     411394848.42  151256710007.45    1019485691.60    912259419   1059469739KystGlBRwWHnygomAkGxXAAHJowCiGoTIuBrJfHMDMYlMVI             
19710608-053352FIN197121971040119710608    1947125251.16    1054665529.47        2.12        1.94        0.54     526353965.50  207431794999.97    3930493530.49    496900126    543193772jEDMMMXIiuBzANZHiHyWmFFHVoTLvwUegqgIIMHlatdnrNCMwtJ         
19710608-163423FIN197121971040119710608    9599686462.75    1893467904.89        3.59        3.01        0.20     956428465.30  453129544167.26    3013307318.03    527731584    629797745VcbAKPfBIpRdEaWhZBDoBABArjGqRCPYqanHvstLOVuMQC              
19710609-090527FIN197121971040119710609    4950297296.80    3020958822.86        9.29        8.62        0.61     118668039.82  949763020688.36    6209138451.38    325247187    3502673220000000214
19710610-005914FIN197121971040119710610     720840419.46     354203192.72        2.41        2.40        0.49     595493848.85  239936881784.08    4707564690.07    147143311    1476106280000000207
19710610-091054FIN197121971040119710610    5045873278.98     373679455.13        0.56        0.52        0.07     569084337.92  726804750669.57    6464946210.92    665052545    7163753910000000211
19710611-002633FIN197121971040119710611    1939121021.75    1181806486.56        1.92        1.91        0.61     906236400.13   75321741268.40    5862524616.20    616555027    619654665WWZnPQCzopSOWpJARPzEqydPAK                                  
19710611-023550FIN197121971040119710611    1237040952.55     833018544.08        0.87        0.81        0.67     933286299.27  546688956331.39    2910302246.10    952993151   10317091920000000033
19710611-172538FIN197121971040119710611    5926910187.92    2943366959.72       20.93       17.94        0.50     189930454.95  994092508710.79    7856302323.99    140652387    164086027QTlJJPTwTIKGjWucWLFdQIFqUFDViLqZHmopzBSaxPctxonmQDYpdPzwRDD 
19710612-040352FIN197121971040119710612    3382402614.76    2293561796.41        2.95        2.75        0.68     241083625.42  436596969435.85    3052215384.92    777164983    8346007190000000220
19710612-081056FIN197121971040119710612    1830420362.52    1243775890.01        4.40        3.95        0.68     259671221.02  500974595537.75    3283867695.10    282597241    3150519070000000058
19710612-112228FIN197121971040119710612    2029440128.70     876619264.91       10.06        9.82        0.43     445406394.12   75809421532.30     816314407.03     87169177     89225039xusTszaAbgwnfcAmfKVarNCrANUVCpmHQKKuWPXvljshueoBLMHi        
19710612-203547FIN197121971040119710612     721554376.82     429293813.09        0.99        0.94        0.59     738310733.67  705953582494.09    4777108521.75    435016410    454613766dBBCsCzeivSxrOWJZkMbNfLitfJSVqvvAy                          
19710613-030431FIN197121971040119710613    4434246459.39    1410207741.43        2.49        2.38        0.32     105001839.37  354655112184.85    7166532847.39    565385088    5921779470000000198
19710613-150735FIN197121971040119710613    6468280453.53    4016467472.90       80.04       74.51        0.62     577308899.79  602027572975.83    3230649724.87     50179428     539040910000000055
19710614-002418FIN197121971040119710614     910599243.76     143905342.67        4.76        4.10        0.16     582698988.09  252124047531.64    5626146874.68     30234153     351267160000000132
19710614-091700FIN197121971040119710614    8431415570.08    4202462749.90       12.33       11.16        0.50     994897828.54  505265618500.36    7524819631.52    340893799    3765168360000000174
19710614-101214FIN197121971040119710614    5601894875.09    3541555479.05        5.26        4.48        0.63     900501433.45  367912526082.68    6540650311.58    673747382    789878042NtOdvFBFUhCVdhuIepZmNOBReS                                  
19710614-174253FIN197121971040119710614    4808599312.99     133452524.18        0.18        0.17        0.03     788657395.96  670553376542.93    9789570652.59    750134254    785240262OQrOAucqBZdHWTvrsGTQqDUAJesbyHxtJHEzCHKBOOQPPk              
19710615-004715FIN197121971040119710615    6810992513.95    1194896420.32       18.85       18.83        0.18     982505014.28  985001540622.59    6412526630.30     63389094     634465810000000052
19710615-032840FIN197121971040119710615    3774997167.92     234776598.42        0.27        0.26        0.06     321024295.25  893977338836.05    1415254867.84    854875095    898738777kkhSvCsfgbDUvsiZWtPQwjkYPwKrfTUFMGMCWCBXBcOcTkaLSudO        
19710615-095433FIN197121971040119710615    2547492142.46     733441334.73      159.32      138.13        0.29     871864325.45  781189355837.92    1246522597.87      4603592      53096310000000135
19710615-190004FIN197121971040119710615    7789672149.78    1217665323.37        9.30        8.31        0.16     968204469.03  733931460218.70    5097433325.51    130952377    1464631230000000103
19710616-075905FIN197121971040119710616    6000533081.33     644280995.67        1.13        1.06        0.11     835918366.96  558466882951.80     471696195.00    571926352    606026236bDehSFMUUzvBayHEfHPXduNBnPkf                                
19710616-233311FIN197121971040119710616    8130740332.92    4838191732.40       12.58       11.54        0.60     119098039.94  816728361347.05    9112193834.64    384563017    4193980560000000182
19710617-032620FIN197121971040119710617    5130977033.88    2694904320.14        3.11        2.99        0.53     488710858.15  685290939503.10    8205581634.46    865637076    9014975640000000165
19710617-180825FIN197121971040119710617    6766852889.42    1550824220.01        3.67        3.52        0.23      10263855.48  469560099277.83    6853084639.72    423112818    441195693QAIfXCkZkcOUWysYZNIrQhFKChnxkXeYAlUVoUXQtalpMEzkjpnJDLQMx   
19710618-034354FIN197121971040119710618    6994972080.47    1514763282.70       16.27       14.77        0.22      23795699.71  739052173068.68     588550001.65     93074342    1025745890000000154
19710618-074902FIN197121971040119710618    1049465815.14      80635195.85        0.22        0.20        0.08     133664433.08  796084082617.87    1162236346.30    361753642    394959652bqxEENiCeuJtRlUKFwhdKteH                                    
19710618-141628FIN197121971040119710618    5530990642.39    1857499779.59       10.36        8.72        0.34     371812502.28  697006610605.89    4912745058.04    179302538    2131176880000000007
19710619-020632FIN197121971040119710619    5217110614.10    3128002871.98        3.88        3.25        0.60     874358036.26  875101314783.56    8845678883.65    806131894    961705814tECVFzaZYGOIcLqmNMn                                         
19710619-045202FIN197121971040119710619    5489510790.45    3040963338.81       11.63       11.30        0.55      93815195.72  336315839347.53    6371571359.49    261413467    2691155530000000065
19710619-064724SECAAAAAAAAAAAAAQZCOMMONACTVZHjFEzJjfeyMso                                                        PCX   626915357    1855081618500111        0.440000000175
19710619-115126CMPNDADqvWeHTUAmUatCSDcHERRuXjpHdzMqjiLgxFOplPZNfETQIO         0000000239ACTVMEAA+ 193712033972 Wilmington Rue                                                                                                                                             V6M 1W9     Fayetteville             WI                  United States of AmericaMorland                                       QUujYaUnNJeoPLUKKphQWKhlXObMZSlPSaTHW BuVtURVEAZwEGEbTyCDOXavUCCOPRoQxIDRIOLGGTPmchcerqzoDVhYmDEORswlspqNvOWrLZCPr                                    
19710619-195522CMPkBFzLPYLDHAuIEHlgFFBqUhnO                                   0000000240ACTVCLBB+ 191712242566 Milbury Avenue                                                                                                                                             89127       Greensboro               RI                  Canada                  Petersen                                      VqYJDYkWof NwRPxiyaASzTXaB                                                                                                                            
19710620-101939CMPKwGGHtkLxtWGPwoGFVBKTqHdHhmZbSsgyyHfJEsFJbOuJAQfYzTNZNcIDF  0000000241ACTVPSCCC 188401073123 Clint South                                                                                                                                                83734       Concord                  CO                  United States of AmericaKekua                                         dIRnCIVWPNHdaFQKZfvBQgSLbZRRmrqAmEEKmROalQJlHIUHEIKlIXVVSsnVmGSzOASZgMyWpQPIdbdCOSSVJDcUImcNy                                                         
19710621-015349CMPdfFANecQKvrSQgzQKpIQVdGVbtGsTGppLzsrQESzNGrlVGjjGlGEuMtSRXwM0000000242ACTVHMAA- 185108131845 Dunn South                                                                                                                                                 44303       Wichita                  TN                  United States of AmericaCheung                                        Cfkhb BDAVpLvNZAhKPUoBQKMZPBSggtvVEWTMXWmVIFERBCujNrvNdlErUfUlojHcgEKEBGwezinaKldz hTcZmyGFWEyUnIBjReWRnhcFscBLhHz                                    
19710621-093019CMPtWwKapCDGKDqBvwDJQvKfXxUMzFDUXQBf                           0000000243ACTVCAAA  192208099396 Pasadena Lane                                                                                                                                              V6H 1U8     Des Moines               LA                  United States of AmericaHunkin                                        HtQJKkojzqAVXGVb woxe KcanNSsQvIeoNnSjJXiagUTjfTGffRWWHOYFQGffOiLURRJdgDnSAIKqECStIdMhoziyTvCHPJaZE KjKAbCAmJmZJI rEjuHK RhFgFWkeocPgbX               
19710621-160336SECAAAAAAAAAAAAAQUCOMMONACTVoAmeTLPeqpwO unZTuGxYXddffm                                           NASDAQ12558649     1948100819181005        2.57UOiPPAqTHALSquMEWyPKUQDUMJVXvMfKqTZ                         
19710622-003937CMPNBlLFolAbmXBmOMhThAUqP                                      0000000244ACTVWMAAA 1850111511583 Wayne Road                                                                                                                                                19227       Regina                   VA                  United States of AmericaPile                                          jDqQVMmnxtdV zxTfgTck PQKEVbBEpwEcuGgkrcCltyWMFTGZPPFbHzzxNHwmBhRwXzQIAtLEqrhHVbINpKBaDoNKILuUYMVAxrXziiMAbHdygPikQpyzafTAFUTXXPLifeODgOHbzPGqIJ      
19710622-031618CMPWAUYdXNERWrDlFxcxhSWqEIJvzOFNSKbuUHsrWRIRHHkQpsvEXCCZHBCM   0000000245ACTVARBB- 1932110723402 Miller Court                                                              Apt. 157                                                                        19147       Eugene                   MI                  Canada                  Warshauer                                     ZjDyMTByBDtLMFKjZeivCaFDBNCbexoSGCEUgZPFQQCyBtRXFUkROFdbAjqWygYJJaRpfDBQlJHBxqAbRHZngyaOIxDaWJwmsGMzBLTAAFHRQrihBknhoqBVSr                            
19710622-173100SECAAAAAAAAAAAAARICOMMONACTVUMsYgVMeTyxmXfaCcBNeRmLMHSlpyzSJUEMNNHeW bDELFRgMNriCpMRASGsfF        NASDAQ918643152    1948080818521229        2.80KmmVMAnFFPQmIEPRJFeYqLOdwxWQuDObsQcTKGNrrp                  
19710623-033031SECAAAAAAAAAAAAARDCOMMONACTVxjxTeyvbyWJbdF TOdLKCUvyHgxFUqjTNEWUCOYgqZGmdKIvziUgvm                PCX   312460388    1891040919461002        1.780000000090
19710623-055021SECAAAAAAAAAAAAAQYPREF_AACTVYclBwDBtyL ZuOsICSDrEJKtpZtBMvZ                                       AMEX  135970461    1882112219630629        0.090000000116
19710623-153902SECAAAAAAAAAAAAABZCOMMONINACVNwLEZzrGahvFPczINOELdFDSjIDBqOBDcXKFsChxAzlXMoouR                    NYSE  534843063    1865062318860725        2.85dGTSaPOJMHvtCCHelvrPOQXnY                                   
19710624-023206SECAAAAAAAAAAAAARHCOMMONACTVyQGOeEIbBOgHREP                                                       NASDAQ37084801     1944111218910111        2.260000000162
19710624-183815CMPkCGxWShTICEMykTPjwUmen                                      0000000062ACTVCGCCC+        9863 Boll Boulevard                                                                                                                                             82601       Saint John               Manitoba            United States of AmericaVandenburg                                    VLKtWMBrONDIlIwLJtsYSztBUgEKjqoJRITCeMXztUfWQiKRHKGOIwckDiCdQztaNOVKQSqYEcEUoSEKYFXlWvEgfmbhOcXIJkbDyZQKaS wvAAPKDRkLSnRNOYoFv                        
19710625-071415SECAAAAAAAAAAAAARCPREF_BACTVIcIaJnrPHPDVvgyBeQIhvKBdYxzjRKHzRJLAIEEBLhmpZHbLvzJBnTJShh ryE MQyTkThNASDAQ429642608    1968080518531213        2.330000000054
19710625-124019CMPLvBNKChTxNjVTKBVEpzZQwVGKgiVlzHlFUjQRZfm                    0000000190INACCCe   1915060423822 Marvin Crescent                                                                                                                                           23502       Long Beach               MD                  United States of AmericaTanious                                       OtROqfFmRNSX                                                                                                                                          
19710625-153248SECAAAAAAAAAAAAAQXCOMMONACTVG FfhRKkIiExOWwCCC UfvjfIFasLkcrrSbOrcEPPDJO                          NYSE  993499658    1896032519241103        0.48YtvHEQBjudJlIIctWcFxmnzyLLXwZIjQbTYYSJjShQPPW               
19710626-064445CMPeNVEuhGtjVFOeaxSShmAgVEwrtbpRJelgzytPiOodxcVKqffUJ          0000000236ACTVFLCC  1903052521818 Palm West                                                                                                                                                 T6D 1F4     Rapid City               RI                  United States of AmericaAfalava                                       jGvHgLboeyQADEUVQXCrfKKBzkJvjnoAzxBuvVMoygErNELeHlhUEdZDcSVRLbjUXMdPqNLgCKMVBwdHwDcVbHYMBuASQorMnSOJHYFZOmJtSOStMoiQnDSRVezUP                         
19710626-235256SECAAAAAAAAAAAAAQSCOMMONACTVBeuiNsHyFLwFYYs U dGrrT H                                             NASDAQ307101287    1970040319180225        0.40zCNcUXNeZAUXsHb                                             
19710627-051230SECAAAAAAAAAAAAARGPREF_AACTVgIOMzwgzcfMSfpTGejOoKPydy iVdhTzcuk                                   NYSE  320098358    1933052818641008        2.00CVRXvUkWOxdMcWRMhABiVpiKwSnFEzHzbbeQ                        
19710627-073142SECAAAAAAAAAAAAARBCOMMONACTVAUOKknhbJYojNCMoOKOrrXNZjDSSTBwUrGWQiOLNZapFMZ                        NYSE  785837252    1854012818790318        1.820000000208
19710627-180222SECAAAAAAAAAAAAAQWCOMMONACTVUaLLRWApZEtxNOTA                                                      PCX   70629292     1951011118940115        1.44EKxtQJAcqNDYsGjPTVlSMPKGHLQauQwSokAAzptqRDUgdn              
19710628-043336CMPFkqRCPDzQSwBVrQO                                            0000000237ACTVMTCC          7226 Vickery Lane                                                                                                                                               E7N 1F7     Springfield              Prince Edward IslandUnited States of AmericaRamoutar                                      gntSBNtzeOIREISQKLX                                                                                                                                   
19710628-044308SECAAAAAAAAAAAAARKCOMMONACTVrvJZnFmoCJYhjOJFKBwKjuHwgjnHtHrvCLUAOXDXZJKPiHpKZPUMCDQGVOiFcojoTPll  NYSE  457172909    1902041819391109        2.22XUhuCIMVvmnSqMBPsPTqVPeOhOJjWFWHqbzvsVmNTAFOvA              
19710628-203638SECAAAAAAAAAAAAARFPREF_BACTVhLEOuKlfGLBFFqBcefivZwpCG dAFpG                                       PCX   125245819    1903090318780527        2.520000000186
19710628-232155SECAAAAAAAAAAAAARAPREF_CACTVsWgQAWPmXErsPlCnyjJgMDMhTGELHEeFhSGQRcpWLNTMXxNfFJKIKVuj              NYSE  965647483    1944042918740521        2.40RIoafLXyzvuVdAypgRHDbVyCNFqJLTgbS                           
19710629-120632SECAAAAAAAAAAAAAQVCOMMONACTVVxubHJBXsaqhNGAKrSS BFgRKUSzibAr                                      NASDAQ774271433    1892122818720314        1.93mqXmkgPPhQUGVluJIDZDxHwwoISSW                               
19710630-005159CMPXiuLDVDnYQnZdWqIeVWutEjPXZaaQbOqjsNvlFMIc                   0000000238ACTVBNCC          20653 Adams North                                                                                                                                               99581       Gary                     MI                  United States of AmericaGalizia                                       AaTzYcVMIkuoBzLEwIRwfoUQBhqxJRBCXSBLpVF WveLSKaEzAgtuFZNHETsZbDUFHlsUKxEHbIxyKeuXwErDFQVJPAiZWO pIQiJhktiHjfNCSJBNHbUnoDafOWcUlZOREGSCVbYYwqJLv       
19710630-151952SECAAAAAAAAAAAAARJCOMMONACTVacLpLwLdTNZAwIKgUEpIJMyGEapFfP                                        AMEX  172782220    1859062819560704        2.22NzPPOvaDXUEaahXSUBxgGTdt                                    
19710630-235958SECAAAAAAAAAAAAARECOMMONACTVVXAXKWKLThHQgBBOndGGyWyJadEEjTePuOXsgtRXsVIAthLaKsuYOXBoIvhs TlJBWqbNNPCX   759059014    1923121019030825        2.290000000168
