19740101-014029FIN197411974010119740101    9827677948.37    3945326580.84        8.46        7.77        0.40     240667683.82  742552939122.54    4660117347.97    466096388    507613183yNswyMTeJisZhBAUQKoZSIKDiQjQGQezvJmxBiPyRJAQuJv             
19740101-070217FIN197411974010119740101    9834290872.48    1791341814.04        8.85        7.47        0.18     240178046.27  164401701405.66    6344086776.24    202468326    239884798hSAOpCrPCpgAkXnAJGTxFjcuADeHUaavHTPF                        
19740101-093816FIN197411974010119740101     305242839.96     196908724.44        0.66        0.66        0.65      67780917.13  550754452883.11    3196370564.43    296169279    2999212530000000062
19740101-205020FIN197411974010119740101    5014158137.05    2415372122.88        6.32        5.55        0.48      90257234.21  512710631209.13    4494975680.74    381969047    4355762850000000046
19740102-085906FIN197411974010119740102    5980391415.12     685423796.14        0.92        0.92        0.11     843406674.20  581363622992.69    3033849321.59    742985983    7479156720000000042
19740102-213016FIN197411974010119740102    2943468088.41      93022772.06        0.41        0.35        0.03     952620789.97  719968027457.62    7682411545.80    227040216    267506715PjlPgtyXFQMaQwoAnVgbUFMVCFQGEgeGVOPIPEPLwBmXWxRK            
19740103-034328FIN197411974010119740103    6399558543.72     251853374.58        0.28        0.24        0.04     647213752.11   72909610498.41    8270895650.27    885561949   10599323330000000118
19740103-151734FIN197411974010119740103    7501477442.43    2368671204.99        9.46        8.87        0.32     623629248.18  917264900949.81     500785862.57    250303165    267120147RICOfhFDpPHwKRHsmPHYTpTzGDeJMQruPEEdPICrMiweHGwOFQYNoQXZWIjN
19740103-185334FIN197411974010119740103    6951128033.17    4104555107.44       46.23       44.77        0.59     355706344.91  911341061081.35    1099267545.72     88786486     91681109MsyYBSXNmpCCDtQsKITr                                        
19740104-064714FIN197411974010119740104    6057921657.68    2480008945.83        6.11        5.64        0.41     475062863.75  913050237101.45    1461513996.19    405824967    4399576980000000225
19740104-102836FIN197411974010119740104    3692901889.51    1308431075.51        3.01        2.55        0.35     497756381.78  890083136120.00    1835345613.53    434826470    5121727290000000055
19740104-162855FIN197411974010119740104    3660454198.81    1975018927.64       34.66       29.30        0.54      84735372.82  640739865030.05    8384079709.80     56977364     67408090bqfvTyldyQqhQaQgOFO                                         
19740105-033155FIN197411974010119740105    6863572335.50    3830172137.39       11.81       11.31        0.56     380061366.83  767574082381.86    4161196068.43    324431623    338604622rbQEMTDSSmesMYTyFxMzrehZuuBFNALNTiGRlH                      
19740105-100240FIN197411974010119740105    8018323069.13    3549624148.69        3.68        3.28        0.44     312557025.44  457865741805.55    9896670967.18    964382749   10830508500000000294
19740105-223515FIN197411974010119740105    6406461545.16    2547445187.08        4.65        4.49        0.40     339232289.45  994907024794.56    5364973464.67    548366819    566854412UfSHWSCITBCAOZQunWBPoRwGIRuCUoPSdEQARTADOJmAyACdfM          
19740105-224530FIN197411974010119740105    2368641356.09      15343964.28        0.02        0.02        0.01     706284201.10  275407817795.30    1218757829.92    841317024    906925105VTGIYOHqQTinymJiaerSHchHKAKjpPD                             
19740106-070618FIN197411974010119740106    9273512264.50    1048510315.32        1.13        1.11        0.11     750366285.32  764852255771.99    4190472935.15    929651890    941755147jRhDJJDxLPxUEMMpdhzdZNqRVTuzMCrlMcwMsdHNvIEBwDfErPG         
19740106-111925FIN197411974010119740106    1106783593.84     464346767.05        0.76        0.64        0.42     798040716.23  540150937190.80    1142209318.67    607109718    726648789MMYHEsAdHQrXvDXqWNGKyGRnmNQy                                
19740106-173624FIN197411974010119740106    6504969359.03    1301159825.46        3.02        2.59        0.20     843883571.05  568763753746.04     417424861.75    430896666    5014582700000000241
19740107-043012FIN197411974010119740107    9490095296.59     627748316.83        0.73        0.63        0.07     459361482.03  863545660182.88     681280708.93    856213618   1002494913qNiTaifXkCYIMerIPWjQOUJQOrpXZUVLYpDp                        
19740107-092818FIN197411974010119740107    4110161939.33    2621149775.13        4.14        3.97        0.64     448589296.86  160198920867.07    4631469225.24    633021982    660120710KystGlBRwWHnygomAkGxXAAHJowCiGoTIuBrJfHMDMYlMVI             
19740107-131706FIN197411974010119740107    3219370947.42     993323985.09       33.59       28.93        0.31     276976065.54  451879641705.40    2931470045.23     29573655     34333358SJyzkTKNVmGtmiE                                             
19740107-141237FIN197411974010119740107    9430667762.53    3550044487.07      223.60      214.05        0.38     153479121.20  220737192149.23    3324589989.61     15876879     165849460000000277
19740107-214503FIN197411974010119740107    6442871097.88     956986117.05        1.08        0.97        0.15     754204457.23  414901492681.09    8203137355.36    882685897    988211250JNrlzArRLtDOXxp                                             
19740108-030253FIN197411974010119740108    7995715274.39    2092262588.22        2.38        2.26        0.26     394552671.80  437284303547.13    7776608058.79    878692132    927126575qQNLoRKgByNkJNWWHSmbWfSfrFOWKnHMYJKOSyJjTS                  
19740108-045130FIN197411974010119740108    5609629404.29    1110306046.15        5.11        4.36        0.20     194280381.70  504008360755.94    9874724314.04    217444839    254660345IGdiEywJBcATiQxUreXhZFNmItSTGTzCWbMRFCVCvGNDFskCX           
19740108-083401FIN197411974010119740108    9462699678.62    5142277950.48       23.29       21.95        0.54      62346162.82  404382978350.97    5120863919.86    220818029    234281793mqXmkgPPhQUGVluJIDZDxHwwoISSW                               
19740108-185449FIN197411974010119740108     196311672.70      86023845.71        0.10        0.08        0.44     520254855.92  334398918546.34    8995647661.34    893324879   1019464255XdCwDlGsXFstGqdCIcNOKJfTOQPnoEeELXbNmwOl                    
19740109-052155FIN197411974010119740109    7674184911.66    4452186505.67        6.18        5.97        0.58     349080462.26  944466192849.45    2523787797.45    720946174    7458924110000000095
19740109-152521FIN197411974010119740109    7451089295.20    2791781372.89        3.50        3.28        0.37     676656506.95  592830781530.32    2401261309.39    797103191    8516082780000000058
19740109-185849FIN197411974010119740109     206343207.05      50286829.69        0.06        0.06        0.24     263683500.44  820531589160.77    1437919529.06    807640081    9028403670000000319
19740109-193602FIN197411974010119740109    1194085715.66     431711125.78        1.30        1.25        0.36     813221200.96  194318973833.82     501755004.49    330838897    3455519070000000026
19740110-061950FIN197411974010119740110    2925021889.12    1513994942.35       18.82       16.04        0.52     750923263.38  333511444513.73    6779851909.84     80432063     94416427eJrkPOGbPloJTlEKCMUyNKBpvGpCjXvROvjLfKTOvLUUcv              
19740110-144950FIN197411974010119740110     425250439.67     201489412.78        0.35        0.31        0.47     125034893.43  545280147179.14    9817393826.67    570198495    649024022NBlLFolAbmXBmOMhThAUqP                                      
19740110-205936FIN197411974010119740110    7998859841.06     924077436.98        1.41        1.30        0.12     894829937.28  898046425545.99    3442668630.77    653999669    710601594QAIfXCkZkcOUWysYZNIrQhFKChnxkXeYAlUVoUXQtalpMEzkjpnJDLQMx   
19740111-044338FIN197411974010119740111    2972746181.35    2066407474.81       69.32       63.30        0.70     809144913.48  154817267652.37    8806553945.03     29810003     326466460000000061
19740111-092342FIN197411974010119740111    8379477865.93     476857198.11        0.75        0.72        0.06     316585679.90    8891275670.60    8126055190.46    638372503    666094597DGDgbyTniJxSJJPHLVwwcatOfVEGLQJcDCwMnGNsQnkAvm              
19740111-122020FIN197411974010119740111    2161828783.24    1495010008.86        1.56        1.48        0.69     124692531.76  626247651911.02    5103815793.97    959480853   10077579760000000040
19740112-002208FIN197411974010119740112    7328271713.17    4057304117.64        5.43        5.10        0.55     524637726.75    9744858400.05    5452033569.26    746723927    7956201040000000012
19740112-110746FIN197411974010119740112     830696748.05     417771334.54        3.70        3.48        0.50     942098259.01  674949780027.53    3595829246.28    113044211    1199481740000000143
19740112-153042FIN197411974010119740112    1066669238.77     688124633.35        3.43        2.93        0.65     786605616.37  672028560074.44    5623091008.01    200829315    234599436hAZTeeUwWHJnxVqOIIMdOeIUXVFVRVcjVxkKbHSX                    
19740112-231430FIN197411974010119740112    6630777878.24    3851789700.74        4.06        3.41        0.58     998221443.28  286917993592.42    2093820535.30    949748529   11301790620000000240
19740113-005524FIN197411974010119740113    2138636253.62    1172396780.98        1.63        1.59        0.55     798835075.08   63718218548.99    1623274266.94    720364399    7393008360000000242
19740113-104131FIN197411974010119740113    2306602243.94     423911123.51        0.54        0.51        0.18     501159068.76  781458317300.64     500880065.40    779830328    8281795630000000035
19740113-180055FIN197411974010119740113    5608949071.45      57792107.60        0.07        0.07        0.01     859899173.75  470196114963.56    3150214116.35    857539307    884848751mnSNZsOOTQfGeTtBmUNXOdRKTXHPDQHLYzLOmgJhpjXennHqIMZ         
19740114-015812FIN197411974010119740114     455385220.20     307255315.79        0.74        0.67        0.67     946746775.60  616664551407.15    2743271001.74    413734870    4579343330000000223
19740114-020838FIN197411974010119740114    4152804936.19    1300377697.26        1.35        1.34        0.31     679954660.67  333739027822.05     915153479.82    963923120    9710924550000000307
19740114-092740FIN197411974010119740114    9645263262.44    4914655274.15        5.67        5.31        0.51     742055105.55  181941574450.69    9648641103.93    866069898    9251060660000000345
19740114-142254FIN197411974010119740114    9441330956.28    3666706073.51       24.27       23.21        0.39      66536303.98  112582302510.33    9523297207.63    151082278    157981706XRRaoTGVkESYUzgHljeXSSJwJXOeXA                              
19740114-164057FIN197411974010119740114    9491844752.70    1140692207.53        3.85        3.48        0.12     501940069.98  268289685190.96    2406989844.28    296646739    3277568580000000011
19740115-045432FIN197411974010119740115    2810647195.59     836880656.87        1.27        1.09        0.30     764494971.57  136897493989.20    4492311353.49    659629256    768363544BvhtIYLKwSFVFgnsTkUZnIpBxtfPFEEeEcMLBFYLtOxBVxdDDIhwS       
19740115-082214FIN197411974010119740115      25591329.73      10193659.46        0.01        0.01        0.40     950812284.09  214778363948.54    3441976686.30    939012938    9431977730000000034
19740115-204411FIN197411974010119740115     517717413.71     117773807.59        4.63        4.22        0.23     498344455.83  993144226880.61    7108732284.08     25422343     27900531XiKcfZmoGQnBHAdYEzmdTwSdbIDPEXDvLJbgRSdkrsLGrsJIESgMl       
19740116-023456FIN197411974010119740116    3455150395.40    2188119488.14       12.20       10.72        0.63     652143766.95  178855287488.11    5576034368.67    179334425    2041817070000000090
19740116-093607FIN197411974010119740116    8028066134.79    2447431251.21        3.95        3.38        0.30     212125211.80   81584051228.73    3795988798.67    620322459    724054454YwfZSzCHnIqSMrTYCCEtVKrNxTKQsq                              
19740116-103652FIN197411974010119740116    4720035242.67    1182960008.94        1.25        1.15        0.25     197872614.62  983063704056.42     333812700.81    944111556   10312768660000000282
19740116-230225FIN197411974010119740116       8199230.13       4718467.59        0.01        0.01        0.58     506534224.86  360311664007.46    1009605308.93    858985806    9244388090000000254
19740117-031537FIN197411974010119740117     387268404.15     259465833.37        1.15        1.14        0.67     709680566.86   52369336868.97    5095313491.01    226036485    2270873720000000333
19740117-132139FIN197411974010119740117     790608779.10     516783952.17        4.98        4.92        0.65     596094471.84  865887914851.41    7310493352.66    103842032    105086021AChNrBRFTkjZjDXSGVlG                                        
19740117-205256FIN197411974010119740117    4482831391.71    2203335354.63        5.59        4.89        0.49     472810069.82  275208010885.62    9766836859.03    394102750    4507464190000000255
19740117-232731FIN197411974010119740117    3488648902.25    1802420883.58       10.51       10.32        0.52       7611783.12  736656512495.40    4736158258.58    171417928    1746932190000000205
19740118-040742FIN197411974010119740118    2751622949.80    1360488439.04        1.77        1.59        0.49      59804079.42  288370144348.75    1047621333.24    769537027    857341618KsLBXnElVKdTMXGCGoOrJDQaBpHiZwbprNnHXjI                     
19740118-062723FIN197411974010119740118    1511340597.01     218577667.64        1.05        0.88        0.14     955171015.22  633409521533.24    6577737031.92    207557722    247237866hLJBQUzrFVOXJcPWoMTCtDJWVHTNVVRwBxaKF                       
19740118-102453FIN197411974010119740118     619028865.64     277824899.32        0.78        0.71        0.45      13024592.69  955578647147.59    5644088920.55    358157051    3909454230000000272
19740118-131456FIN197411974010119740118    4473989525.89     840605710.86        1.22        1.21        0.19      77464914.51  887241274019.09    8531593872.83    691203935    695066695DqBocwuofuCIqGFcSsnDIIJAHebRp                               
19740118-144717FIN197411974010119740118    2825607236.08    1163071952.40        2.43        2.29        0.41     254000288.75  372005839897.76      77820856.69    478269273    508805604zRUPBBfUiMinqnbQBpsAavFODFdBPmkYvLolpCtKqmeICrhsJTmwX       
19740118-181325FIN197411974010119740118    1854093254.68     946806263.54        1.97        1.84        0.51     902634904.88   95908697380.99    5823805378.23    479707989    5139287420000000033
19740118-213612FIN197411974010119740118    1580749686.09     394432451.22        0.48        0.44        0.25     683163458.59  672451050778.20    9973208800.68    825054095    8954950530000000150
19740119-092740FIN197411974010119740119    6555626650.30    3075859122.43        3.29        2.96        0.47     906650993.04  896886055094.20    1348739838.07    935694530   1037571080kdkMSIAUXjfEwPBQSgTKSIKmszCtWWXwKGVRUzPODH                  
19740119-183212FIN197411974010119740119    2692191855.11     171982220.03        0.22        0.19        0.06     198854202.93  507516883054.02    4663393332.96    787787941    901506790QPoUnLDTrDgYSUKWmSCDOMHFQOuOStATjAIXdgAbzman                
19740120-060230FIN197411974010119740120    1829465180.41     476777148.07        1.32        1.12        0.26     668155410.94  588132982188.97    1072412304.99    360897680    424288228IddATadJgdCfioVIuoybWUMFoSVrQfTjTzmECHLAKP                  
19740120-174959FIN197411974010119740120    6356923422.74    3752286493.47        5.68        5.09        0.59     115345461.67  138274311066.09    1745914556.94    660418151    7369866420000000182
19740121-003152FIN197411974010119740121    2208781143.66    1076314585.38        1.68        1.63        0.49     298686505.02  624178785076.14    6158500022.90    640844894    661100122bYDPbZElTEYkPhtQKSUTHJfDnAFenTJmrpOieWeYRcAAHCLrUbHWOw      
19740121-111026FIN197411974010119740121    3626934421.29    1867184434.21       15.72       14.96        0.51     553410719.84  314583994531.52    1635769130.93    118771911    124805082LKcmIFGIvNgAcvIcDsIfLSTCBTFZvyKmVsXmANBQQ                   
19740121-162542FIN197411974010119740121    9714137059.49     480620599.24        0.67        0.60        0.05     552547855.41  239963991750.97    1705545418.21    715571832    801176872vYoIOxDrItARtHaxNNHDZTFUGnBCypH                             
19740121-201911FIN197411974010119740121    7701296655.42    2560428014.26       19.22       17.22        0.33     621501459.57   54829920823.56    6237747165.03    133195172    148725318xxRWgFWhHQXdeKNPcnoCMTCjPFSObJGqoPSDtvlZYonwJYFKKwWGnyj     
19740122-062323FIN197411974010119740122    8604106121.12    1842199541.02        4.51        4.50        0.21     147238141.36  481925336494.09    1011644604.97    408442088    409777573zIHLKvPBQrCTBYzpZzUJZwMrKqTpUZPyXUykkId                     
19740122-115930FIN197411974010119740122    2441321996.86      44572131.45        0.19        0.18        0.02     530578394.56  427095801460.08    5353709538.52    230051775    245436753PbZdBtNVFkoHUVrXoPHrheGsXLJgIHgHTAbSKZsIPv                  
19740122-235054FIN197411974010119740122    6698624566.76    1575748202.33        1.87        1.80        0.24     250589954.59  115787743441.83    5585803179.08    844185961    8731443490000000214
19740123-021057FIN197411974010119740123    4581399864.22     353025635.57        0.47        0.44        0.08     350561717.73  369363215741.42    7060438239.98    745098947    809044669PozAgYtmghzwqacMhOFSFF                                      
19740123-021222FIN197411974010119740123    3461831791.27    1644817755.80        4.90        4.38        0.48     793101018.30  279403043003.33    1064366603.59    335407050    375538435KoviRxUIRFITXCLew                                           
19740123-072544FIN197411974010119740123     918411420.64     487657626.99        1.17        1.01        0.53      72823299.67  864284811079.16    4937548330.77    418524795    4819912610000000301
19740123-165256FIN197411974010119740123     101957358.01       5255595.81        0.17        0.15        0.05     494355884.09  950440167149.59     742565796.18     30171471     34881166UKFcnKTFeKKrDiCQaSvHKASfMHqqwaibByIFXMzCNUKdDSAl            
19740124-014951FIN197411974010119740124    6295789351.95     655930149.07        2.09        1.93        0.10     888235289.55  518479584432.78    1121010127.61    313255280    3400313310000000199
19740124-045734FIN197411974010119740124    2793670995.60     947794817.92        2.56        2.38        0.34     542790164.33  459102209386.00    6538556906.33    369915413    3986531530000000125
19740124-152129FIN197411974010119740124    5133431651.05     364785365.69        1.45        1.29        0.07     434284820.82  427812182442.61    7071785415.39    252247870    281963017VPfRrzGJDSXFSOgYEIxOaJaDXEAMCqvMuZEQm                       
19740125-003115FIN197411974010119740125    2181370423.13    1132385466.41       45.77       40.31        0.52     450895119.29   60675231567.87    7503146273.59     24740263     28094470imdafqhUOHJJweSjJLCsJtrIwQTHOvwNcouZrYzKuEbA                
19740125-083552FIN197411974010119740125    9841999608.69    5117767087.06        7.37        7.01        0.52     749416042.80  952160563583.18    2140355462.57    694579626    7300866060000000198
19740125-114022FIN197411974010119740125    1972048467.40     921592269.77        1.30        1.09        0.47     356630572.90  921322036016.05    2735730331.09    711520928    847822035NDADqvWeHTUAmUatCSDcHERRuXjpHdzMqjiLgxFOplPZNfETQIO         
19740125-152323FIN197411974010119740125    3590249075.17    2445155372.51        4.09        4.03        0.68     916944079.11   20212394255.13    7146784814.33    597715661    606211318OVJLucFRYBOGFvuGZWfrWIXkXlBAMCEIbLeGWNDEcqjSGqJQxkWjJNbeHGX 
19740125-221946FIN197411974010119740125     629254794.73     238650134.44        1.62        1.46        0.38     197253471.63  112389058747.09    5389900256.30    146936907    1631279210000000008
19740126-012922FIN197411974010119740126    4231655473.38    2080816752.74       11.22       10.24        0.49     948535487.15  857975528470.16    4713786528.23    185417116    203303708tqlRQYAzmtTPakQfMSMZlHg                                     
19740126-123459FIN197411974010119740126    6917549328.06     677399436.73        0.70        0.66        0.10     973741809.11  927359325556.95    3601336443.52    961216491   1021718660lKuICZZKIDMXlDyhjCaIFqBluEJVAjYEB                           
19740127-001826FIN197411974010119740127    6026818260.14     842632794.17        1.23        1.06        0.14     459661118.05  529339521096.31    5720412494.24    686994888    7912806790000000251
19740127-022950FIN197411974010119740127    9946426625.52    3302218501.47        5.80        5.01        0.33     265705494.30  849507798759.60     688356911.01    568858887    6589501670000000192
19740127-144621FIN197411974010119740127    1464220020.16     260330443.64        0.30        0.25        0.18     435855582.74  163650675563.38    4337864809.78    864600684   1033157341eNVEuhGtjVFOeaxSShmAgVEwrtbpRJelgzytPiOodxcVKqffUJ          
19740128-020804FIN197411974010119740128    8175445636.35    5623344657.98       38.74       37.25        0.69     374437518.18  115019858635.10    5683615798.92    145144923    150953894qKZmxEJdJHmHxmqcMqVLIgrwrTMFGSYepLzRROMkSDC                 
19740128-094713FIN197411974010119740128    4274047370.60    1599517195.90        3.14        3.10        0.37     363050740.64  256367256856.26    5537044344.57    510141800    5159230720000000249
19740128-112348FIN197411974010119740128    3965640235.68    1475305087.78        3.84        3.46        0.37     906438287.43  300316644240.00    3910459988.75    384501121    4268798670000000340
19740128-180102FIN197411974010119740128    4003585154.87     651012910.10        1.32        1.22        0.16     854177332.28  506507733763.14    8152514263.22    492857370    5328654190000000016
19740128-195757FIN197411974010119740128    4668499292.50    2835948789.82       36.88       31.64        0.61     160244720.40  759549490497.69    5052376937.54     76906668     896317630000000100
19740129-004225FIN197411974010119740129    6135640683.85    3757616626.31       24.30       21.02        0.61     148257709.95  379829903247.60    6241822468.55    154610088    1787948410000000022
19740129-060349FIN197411974010119740129    2879728481.91     991148529.58        1.02        0.88        0.34     610131565.88  182755594920.38      77046699.55    967507548   1127105366gIOONPxnQUwBdFNEMLBUXdUbFPDWDVOVnWIIMRpOMbaMGipmCAICpjncsHs 
19740129-063152FIN197411974010119740129    7607961132.29     666717069.91        1.14        0.97        0.09     667349216.37   83710050612.68    9800317771.66    583373156    6905003490000000009
19740129-145317FIN197411974010119740129    5421213377.45      59714702.96        0.14        0.12        0.01     155682957.92  750521249213.93     181321855.09    439662175    4908138820000000325
19740129-195743FIN197411974010119740129    9191292427.67    3138500103.88       17.90       16.39        0.34     714175588.72  232970329834.46    1828956157.18    175351291    1914763670000000330
19740129-212146FIN197411974010119740129    7896033763.68    3337942173.30       84.17       80.40        0.42     447328839.08  370871952165.26    2735785844.21     39658084     415152670000000157
19740130-045253FIN197411974010119740130    7056863519.30    1397589671.38        2.69        2.42        0.20     623864856.68  140737515894.82    2735191640.98    519534659    5765016860000000152
19740130-101544FIN197411974010119740130    9549534671.88    4676322442.04        6.41        6.12        0.49     678619315.40  440110674494.63    2725976736.60    729874272    7643915170000000013
19740130-124721FIN197411974010119740130    3630244471.67    1427468673.33       24.74       23.47        0.39     872100521.44  439269421106.49    8704606623.82     57698531     608093000000000280
19740130-130438FIN197411974010119740130     544936474.72     223524490.63        1.22        1.04        0.41     448296428.80  660416008059.53    4150971441.69    183550284    215414960hJTjBraMaWddGWF                                             
19740130-231526FIN197411974010119740130    5311133393.89    1455769240.28        1.74        1.57        0.27      49427845.57   58807311376.03    1415201204.97    835873621    924909023sPFpJfRunRmoHacLH                                           
19740131-012506FIN197411974010119740131    5581109250.12    1331708625.42        2.46        2.08        0.24     995469929.18  823121673089.77    8244056623.74    542308479    639820009OhGyMTcWMJdQpJQZIiaxBfCuXgKBUhaQsuoACPYaXpbjkXNDZMmSDD      
19740131-063611FIN197411974010119740131    5896365659.90     182802361.55        0.26        0.25        0.03      60054453.39  129488995427.66    5132525867.66    697440509    7398346030000000220
19740131-131456FIN197411974010119740131    8061213160.44    2540006191.16        8.31        7.26        0.32     769954479.77  441194331942.00    4105392609.07    305681474    349875800vXSEWKALOAvhIlwNVfQQBHKxBjyZoXiQNPJjmHVRQmuFFmfzfaBJyGV     
19740131-144002FIN197411974010119740131    4301437072.39    1435071805.91        1.87        1.60        0.33     213956431.37  955232090829.32    2673785049.87    769077244    8988153870000000312
19740131-181908FIN197411974010119740131    7017899983.32    2018190101.37        3.85        3.60        0.29     204255579.84  615143418312.04    9261544858.09    523544678    5609852280000000235
19740201-050837FIN197411974010119740201    4380156157.11     371633079.48        0.66        0.58        0.08     979985080.86  825980701152.62    6441979942.85    563908847    6436100770000000194
19740201-134000FIN197411974010119740201    8901295600.66    1408583368.47        2.96        2.72        0.16     938463091.25  479046433934.29     393197992.36    475440260    518009194SPxWWxntruWsXkUhrLeUTFIRwNluEpnOeOAYsCBLnc                  
19740201-225943FIN197411974010119740201    1877764165.98     257502166.06        1.13        1.02        0.14     142856687.96   24508472177.90    3831535249.87    228599764    252792035nUdcNsETZCLxuPVMKh                                          
19740202-073610FIN197411974010119740202    4862111861.90    2954156394.08        4.29        4.27        0.61     897067590.37    5226408110.67    5701958949.29    687906347    6926184510000000295
19740202-144225FIN197411974010119740202    5816919156.07    3433950327.40       27.59       23.08        0.59      38808757.52  451398638859.81    9876499629.60    124449474    1488160290000000344
19740202-162305FIN197411974010119740202    6117382985.85    3138865127.18        8.05        7.51        0.51     759103613.63  708650244265.02    5154740265.85    390115955    418126385nJeCzbUuGqxTKWAoQUAHEtBPtJA                                 
19740202-165043FIN197411974010119740202    8709498284.61    5802692264.08       18.67       16.06        0.67     561911852.48  528611784178.61    4449727089.71    310787780    3613774020000000310
19740203-044347FIN197411974010119740203    6786161084.45    1455348705.34        7.24        7.01        0.21     457639479.53   20045458453.12    1912251353.54    201024124    2076087620000000146
19740203-081419FIN197411974010119740203    3785492566.05    1128174359.94        1.16        1.09        0.30     217693715.15  823866833760.01    6619604856.18    974805162   1036796601sRWWIhWVTcdKuZKNfeibPUSU                                    
19740203-124901FIN197411974010119740203    7073569710.65    1957876635.64        6.80        5.75        0.28     936838839.56  310299810623.84    4622475742.35    288021912    3405950240000000197
19740203-134815FIN197411974010119740203    2252473445.25     412485627.31        0.57        0.56        0.18     727802644.26  881887114816.68    5886293903.28    722768957    7324939770000000024
19740204-014941FIN197411974010119740204    2235717769.98      15008750.68        0.03        0.02        0.01     492163256.33  327512675077.09    4895347926.53    578686326    6855312700000000117
19740204-051310FIN197411974010119740204    6262698176.94    1221963714.70        2.05        1.86        0.20     122766648.81  721230743430.72      93433115.63    596089597    656366152HazhIGPeCVSzQZwuNFJTfJUbhYdYFIlCd                           
19740204-164204FIN197411974010119740204    4189742800.48    1912753803.63        1.92        1.63        0.46     490304498.38  932699850693.29    7187651435.76    998108476   1176540633xtCKWBjqUKBQIRxNAFhHNGkothLlKEOJLIDZHCCNWPKwSBnHHcnYM       
19740204-190648FIN197411974010119740204    2645628720.08    1579235777.86        7.75        6.72        0.60     690712382.36  876256694483.95    9309371485.16    203877482    2351570590000000063
19740204-220652FIN197411974010119740204    3995937870.44     204018667.10        0.29        0.29        0.05     885688383.66  287877120187.98    8769414314.24    697694806    7049897360000000049
19740204-231712FIN197411974010119740204    3327986007.43    1021665110.31        1.38        1.18        0.31     274912909.39  684889558815.29    4366849011.45    738809244    8654572430000000230
19740205-032840FIN197411974010119740205    3532771185.23    1489938976.59        2.32        1.98        0.42     835565887.46  683463708899.28    1941015100.09    642362130    753611023rBMPHLouqFXXMgNIhGTqVDHGAsCbGzEmOWSDGxBXmbKbrEI             
19740205-132330FIN197411974010119740205    9501686375.36    1585695548.92        1.83        1.79        0.17     124521876.01  101318058895.05    8159403705.50    864566071    8847903610000000296
19740205-222608FIN197411974010119740205    9622922205.28    3266121959.66       17.57       16.09        0.34     345916648.80  832046493227.94    1548008242.64    185886632    2029278210000000306
19740206-045938FIN197411974010119740206    5805547626.72     393541054.05        0.48        0.46        0.07      56355827.92  807643586338.69    5497611846.14    825100932    8603095490000000151
19740206-071925FIN197411974010119740206     715838941.61     279576263.31        0.41        0.38        0.39     523122101.46  540662509631.85    1937112444.46    690161196    7394943480000000334
19740206-175234FIN197411974010119740206    9659652002.00    4604547424.15        7.58        6.40        0.48     963433618.47  163910153601.34    1226133092.52    607119612    7196466710000000144
19740206-203454FIN197411974010119740206    3830371005.12     451075264.84        0.80        0.71        0.12     586973736.10  779330668447.18    1870289820.14    567278005    6330236590000000161
19740207-041532FIN197411974010119740207    3863339681.21    2546181238.47      632.30      589.36        0.66     989990529.23  634576428869.56    8563613624.50      4026879      43202330000000127
19740207-042552FIN197411974010119740207    9015738736.49    3367319836.85        4.72        4.22        0.37     941106933.08  384329825120.73     749901646.06    713899758    797839473bDehSFMUUzvBayHEfHPXduNBnPkf                                
19740207-155901FIN197411974010119740207    3145924983.44      90198948.64        0.13        0.11        0.03     677981218.50  182964805886.31    7448381918.93    703208494    807686581DcixvPMjYlaZGygYVQDbBjxviLTHeYsokWRRkADUoia                 
19740207-214648FIN197411974010119740207    8254569580.72    1876262468.02        2.37        2.16        0.23     892595952.64  595284300379.81    7679920757.73    792116574    8682840380000000202
19740208-052458FIN197411974010119740208    8663852687.71    4251107198.44        4.62        4.58        0.49     690617324.67  502302951506.02    3972277288.41    920082612    9283339290000000300
19740208-063954FIN197411974010119740208    1968498831.93     945441709.57        1.39        1.29        0.48     520907023.01  530459354271.38    3358451558.82    680724293    732735698zSzyZVwpMSypTaf                                             
19740208-093431FIN197411974010119740208    6665141784.62    2733770996.27      509.29      484.56        0.41     806986144.43  933915068243.30    2121670702.63      5367829      5641727ASbGTNXRFSOYSfTSaVbYApEoKYKyPDUCfmKoywwEshF                 
19740208-110637FIN197411974010119740208    4391280785.68     834175915.82        6.20        5.74        0.19     757214014.06  549204036924.51    4667776856.31    134600746    1452295250000000189
19740208-174555FIN197411974010119740208    5385706416.25    1858858703.18       59.91       57.98        0.35     847275852.80  120379278806.03    1303493108.86     31029048     32058676dGTSaPOJMHvtCCHelvrPOQXnY                                   
19740208-182952FIN197411974010119740208    1543269112.93     961292882.08        3.66        3.34        0.62     727949691.22  556721298639.58     119313526.37    262395091    2881161590000000043
19740208-184615FIN197411974010119740208    9442245704.33     327019478.78        0.78        0.68        0.03      29172603.80  266296197547.44    8476328992.22    417350548    482072193qjSaOCoSjvkDDsGBRSZtQArhIwHqECVHSANLKMfXfgkBvoVykkPSLPYv    
19740209-040150FIN197411974010119740209    8244966853.63    4094136001.68        5.91        5.73        0.50     301496191.13  448344090044.25    3432340580.26    692814019    715101677olGIXXQFLdIHXDEuMLdDVNJbXfMiSChBOXXHPRgqQfvPMFOMefo         
19740209-142614FIN197411974010119740209    7437356121.83     298209031.24        6.56        6.03        0.04     182691230.73  696168426146.97    2136738554.60     45427197     49417474HTVgzOLbcXLlFrFJcvEFRXR                                     
19740209-180823FIN197411974010119740209    5382144191.96     319037251.49        0.37        0.33        0.06     686733410.76  997705876990.37    4347963476.90    854397211    9524165420000000048
19740209-223139FIN197411974010119740209    5260112495.93    2588014462.75        2.66        2.43        0.49     461292308.40  752090692876.32    7645244935.42    974641518   1064032128maNnBELccTuKDXojbbmSqMAOzQwExqMJWPLSOAAZCgXQxjEfFORZfzbxQ   
19740210-000441FIN197411974010119740210    8319338510.09    1983446649.59        3.68        3.52        0.24     859070970.94   43765208295.42     125602334.00    539368575    563805464caOaabgKJQaXSZiUGJIHBtXLntUfKAkQvMDyj                       
19740210-082711FIN197411974010119740210    7553534955.42    2669689428.46       12.69       11.15        0.35     126503693.07  978285068585.94    2668926577.67    210385689    2394114040000000245
19740210-111503FIN197411974010119740210    1780889447.56     500091557.13        0.77        0.75        0.28     150833461.68  546184793569.36    4251567222.08    647569774    6627298860000000268
19740210-200519FIN197411974010119740210    3332071558.81    1294306175.72        1.43        1.29        0.39     776144577.32  109128140180.64    2267442690.21    903899343   10049180190000000018
19740211-002949FIN197411974010119740211    7777893245.38    1226342476.71        2.05        1.72        0.16     371011124.19  356364904665.63    5059766395.13    597291896    713562964IYXYDYXzMPNoklZTdipMzRqgCNIOKJHazWaAqvQYkNmrDITClMRGjaTm    
19740211-115735FIN197411974010119740211     376408018.43      31744810.73        0.04        0.04        0.08     435779608.00  689772433765.32    3443407896.38    865649603    8905323740000000099
19740211-140536FIN197411974010119740211    6758717691.37    2481637474.21        3.00        2.77        0.37     492761180.27  482229209412.45    6904131128.89    827243976    8949059430000000030
19740212-012444FIN197411974010119740212    4948426591.74    3235988928.40       19.32       16.33        0.65     183049881.42  651813800981.36    9922689327.52    167503148    1981029100000000006
19740212-075807FIN197411974010119740212    5013962617.58     541073416.72        0.96        0.88        0.11     608643103.78  867307334298.35    1299677075.30    566266748    618118055KmmVMAnFFPQmIEPRJFeYqLOdwxWQuDObsQcTKGNrrp                  
19740212-092053FIN197411974010119740212    2227222673.27     588124015.98        0.59        0.51        0.26     406561164.42  960782179465.23    5731785798.38    991957346   1148042288BRtMqXSsBDukvVHTiOgEMWtHXrYWlFJqYAkUUXXEpmmWVYnGCknscAOAskMP
19740212-134001FIN197411974010119740212    5480416184.71    2301534714.35        2.34        2.23        0.42      82208194.66  348398571627.17    6415298076.48    984957505   10322228560000000229
19740212-195318FIN197411974010119740212    2969647214.09     375956800.34        0.71        0.61        0.13     542487703.06  418769387498.68    5543875128.33    530596605    615532764mBRtpjNBECQCRiWtjEutqI                                      
19740212-212523FIN197411974010119740212    5314002695.45    1471828045.89        1.76        1.67        0.28     842297287.75  777382406801.60    2055775734.53    837909792    8839593130000000173
19740213-081658FIN197411974010119740213      49637903.95      30600019.45        0.37        0.37        0.62     306330815.95  109543555503.96    9503021544.23     82404450     829254660000000210
19740213-092145FIN197411974010119740213    8372193271.23     136847008.29        0.21        0.19        0.02     552129482.17  935243545549.08    2754541893.84    651169391    711214877OQrOAucqBZdHWTvrsGTQqDUAJesbyHxtJHEzCHKBOOQPPk              
19740213-191249FIN197411974010119740213    9388809238.26    6217966005.52        7.82        7.59        0.66      23988671.48  700819283219.60    3887241503.07    795559827    819701900RoWWWWjHcEnPEUUWt                                           
19740214-031546FIN197411974010119740214    5757089918.63    3010248024.44      540.73      450.68        0.52     500602126.01  713886693204.07    4331237342.87      5567017      6679337eZCQjyMmFdRWexdtIZLQhOOJyGrGYSQXYtwRPBLnMHEfMTMFz           
19740214-105019FIN197411974010119740214    2625351221.09    1383822742.72        2.03        1.98        0.53     998157409.17  150372959195.68    3902832801.80    680641625    699385613OqAIeBICyTDaCjYBokKBWwGIbTbHykBtzpJVuZzfWHKRHbYByNSoGLc     
19740214-204157FIN197411974010119740214    9670601049.15    1594329768.56        2.26        2.05        0.16     661583562.23  666305536706.57    9264522410.85    706424682    7774786010000000094
19740215-081200FIN197411974010119740215    9006373442.41    5636167771.07       71.34       66.68        0.63     475295107.15  480096712327.13    1169031279.86     79003705     84530577gSPTnEYnBdFkIWPfTapBoPBM                                    
19740215-084235FIN197411974010119740215    2589395969.24     123731229.74        0.31        0.26        0.05     720505133.97  306741670811.62    8178477363.77    401775733    4684597420000000168
19740215-192853FIN197411974010119740215    5428465415.93    3447424498.60        4.42        4.03        0.64     502466477.43   57328868420.58    3146519737.52    779381131    854421190JaBRAUCPDCLITNXXrADVCSIopfxogeRFkYFvBVlr                    
19740216-025817FIN197411974010119740216    2083128440.18    1041328659.53       13.56       11.44        0.50     170443604.61  428210766538.47    3581670901.37     76808538     910492450000000005
19740216-061612FIN197411974010119740216    5648443785.03    2041658616.40        5.99        5.16        0.36     929699816.40  430028459266.08    5862768472.14    340801817    3955178200000000188
19740216-110721FIN197411974010119740216    6798329270.15    4588255690.28        9.41        8.39        0.67     807539743.55  530280307609.72    6498255586.61    487738092    546852847CJDIgUzBAIqWZQVUTlyQjQGEMKgPacOT                            
19740216-172406FIN197411974010119740216      16407485.16       6955244.07        0.01        0.01        0.42     869903401.56  951363408053.98    7072756566.92    623878873    707181768DhEFIsYSMqHQmxAANGFHPWdKF                                   
19740216-184951FIN197411974010119740216     126102153.65      84542278.86        0.18        0.15        0.67     862734692.13   80676943494.72     165653912.71    461056709    5482685030000000298
19740217-032903FIN197411974010119740217     599491420.28      44487537.48        0.11        0.10        0.07     282327722.20  790032705484.15    6877895134.68    398242370    4423992820000000140
19740217-074100FIN197411974010119740217    4276072794.16     433746358.18        0.46        0.43        0.10     411323382.73  381146665413.68    8789043752.62    952671820    999711493CKqQGzXcNXMPWzzEAqHxSpCdCwJEirgSInSJOMkfzMBleWwhgbxmoVEVYU  
19740217-194444FIN197411974010119740217    8308590815.71    5188601995.83        9.43        8.37        0.62     756058566.69  284976496609.58    8604735856.27    550043681    6202056720000000309
19740217-205238FIN197411974010119740217      86542735.19      30109302.43        0.03        0.03        0.35     110934356.12  776158782014.83    6742823380.18    885561085    932166935VFPdVkRgURQBNEbzjlLXHmVAaEVWSCWcJXimOnutgjQJTPAYiGf         
19740218-003944FIN197411974010119740218    2093255219.99     525611333.57        1.08        0.91        0.25     355970669.88  701215234518.51    4544665639.31    485531738    5775456590000000324
19740218-040908FIN197411974010119740218    1766363526.42     664618826.36        0.71        0.61        0.38     567234307.54  326373354196.82    1629876114.02    937428194   1083594758ziJohMcvsgUVqHyXNSwWAqFRxoSF                                
19740218-071435FIN197411974010119740218    3842780249.08    2473320862.48        2.69        2.46        0.64     496323157.82   72097707630.31    6074530702.69    918158418   1003897451GzDXOWXDABSzNrogrDpc                                        
19740218-140526FIN197411974010119740218    8576584453.33    1769745207.39        2.96        2.64        0.21      28442825.67  551254386818.52    6037515143.66    597823473    6705131200000000169
19740218-162208FIN197411974010119740218    2835735576.27    1206516074.76        1.96        1.70        0.43     962188920.62  316220519963.72    7246941430.36    614948728    7089770300000000053
19740218-212540FIN197411974010119740218     839862672.76     464435314.39        0.50        0.44        0.55      35224943.31   54268913607.62    5249629078.47    922637079   1053149321yCYxzdCtKDVDKNxAugXBOfBjJNSubdTVTPNMQGEtO                   
19740219-001842FIN197411974010119740219    3603382527.03    2334960130.71        2.56        2.31        0.65     195385301.82  585103819343.03    3272261164.43    911756422   10101517150000000136
19740219-042116FIN197411974010119740219    3213539514.69    2051690135.04        6.27        5.32        0.64     138723836.11   58242451810.69    7033258414.32    327453758    385877840OKehKyGaHgbEeBcBDAnFaXwXmCfzDCIig                           
19740219-143403FIN197411974010119740219    3600811549.30    1727755755.87        6.12        5.86        0.48      45819223.84  748753441831.55    7277063664.73    282153053    2950646410000000343
19740219-205529FIN197411974010119740219    3970296535.48    1145366181.35        2.47        2.25        0.29     636542876.32  957557467992.21    9234516074.63    463276116    508476220TGCJKTzuEdhxAvEJ                                            
19740220-083421FIN197411974010119740220    9355930458.77     389201646.51       14.72       12.90        0.04     210398300.71  734262341499.65    3222426722.75     26433269     301789560000000050
19740220-115039FIN197411974010119740220    5270107482.03     364456263.56        0.48        0.45        0.07     946668956.01  768670586702.43    7884325921.65    757575943    804008486jnhGOQaSGPLzBRc                                             
19740220-151520FIN197411974010119740220    7868155248.49    3889373408.82        5.25        4.83        0.49     199615213.84  941975365148.92    6537241405.82    740649489    804605553WWZnPQCzopSOWpJARPzEqydPAK                                  
19740220-223701FIN197411974010119740220    3834498420.46    1595348704.95       15.42       13.72        0.42     278116497.72  388232166170.71    2767478682.76    103476848    1162686650000000243
19740221-103804FIN197411974010119740221    7582657691.54     632718814.54        1.67        1.48        0.08     320181127.11  872000317492.81    9758670467.26    379728478    4283108490000000052
19740221-221252FIN197411974010119740221    9786737003.15    5005930597.12       10.39        9.75        0.51     268651659.56  941854797833.96    8214375005.92    482006312    5135957620000000120
19740221-223135FIN197411974010119740221    6244181481.03    2600471894.43        4.25        3.77        0.42     809203372.68  129822977570.35    4520781183.84    611942478    689299883FkqRCPDzQSwBVrQO                                            
19740222-055025FIN197411974010119740222    1150418432.90     140365143.15        0.34        0.29        0.12      57436078.95  334316580578.15    4027217464.36    417750876    482315964jEDMMMXIiuBzANZHiHyWmFFHVoTLvwUegqgIIMHlatdnrNCMwtJ         
19740222-162236FIN197411974010119740222    2548352734.04    1224639682.49        1.53        1.31        0.48     398445971.44  977461399714.34    6174518983.16    801575547    9334317910000000311
19740222-180211FIN197411974010119740222    1215850474.30     733999102.16        1.62        1.53        0.60     497493099.85  278430140855.33    7905691494.38    454190923    478190582jTZEOvrZoPvhHhEVycMTgdSeDAHkDvARlkstBVErphrWGVaKu           
19740223-022516FIN197411974010119740223    1090986708.42     536484319.36        0.87        0.76        0.49      63679852.58  891718688900.61    9485581853.99    617540213    7101878500000000269
19740223-065716FIN197411974010119740223    6630098514.68    2429262561.48       13.33       12.21        0.37     254221632.19  434309377296.69    4378960585.74    182241447    199015716pmVFtISJNicSLMLBUTybzczhOfHObPpMYpBqjAaxrDHJ                
19740223-070102FIN197411974010119740223     560791778.17     168403603.73        0.24        0.22        0.30     137760972.66  988895558887.79    8535448254.33    701628693    782534195dLhVWzazSySPNOSRlJUZTKAqSudRG                               
19740223-142449FIN197411974010119740223    4137959673.69     401774716.86       84.40       76.90        0.10     142886950.25  504479141456.20    1704019627.95      4760407      52249330000000110
19740224-001651FIN197411974010119740224    6676348823.00    3747435716.44       11.20       10.38        0.56      59218221.90  429942722784.88     646830016.22    334542009    361140665JySpXSUPXXRQAhXZYVXuSJeBKDIpCmynRTiStS                      
19740224-094303FIN197411974010119740224    7367665169.09    3671633249.25      132.24      113.65        0.50     939161812.29  733047874710.47    7298711616.28     27764135     32305678bSRRblvmDfNJIUUERFKAuupeAUU                                 
19740224-161817FIN197411974010119740224    1652231399.86     840813921.48        1.00        0.85        0.51     285682815.33  756497182915.05    9940473522.96    844537867    986698664EVUsfGZbFTVUBMUvYJxLFJecNoRUrFGd                            
19740225-024955FIN197411974010119740225    5100898186.82    3478688616.23       16.87       14.52        0.68     868864089.51  140720533364.97    5437191484.17    206161721    2395198500000000029
19740225-123341FIN197411974010119740225    3865308155.97      12759192.08        0.06        0.05        0.00     738141575.88  681988410764.25    2153283184.60    213597632    2493558770000000106
19740225-181516FIN197411974010119740225    5901263709.17    1567315136.53       15.04       13.35        0.27     333051074.60  531732958699.54    3845680092.61    104197574    117395995tECVFzaZYGOIcLqmNMn                                         
19740225-194301FIN197411974010119740225    5339757293.75    1934931130.11       77.51       72.28        0.36     344720670.05  440043799174.71     817613092.87     24963521     267681390000000176
19740225-201010FIN197411974010119740225    6328637367.17    4229096388.33        5.38        5.20        0.67     398271508.57  770611530647.34    1935077752.97    785764881    813717134FhhfrkesbFUwpaFPO                                           
19740226-015504FIN197411974010119740226    7791713640.26    1534026251.87       12.10       11.38        0.20      27042120.07  952955950250.46    7014604380.36    126792028    1348587310000000335
19740226-105610FIN197411974010119740226    4499113635.40     821582378.80        0.85        0.85        0.18     468623050.25   92308778396.80    3668158244.69    961158498    970212485COuSdFGyHSPGOUhjCwiAIgrW                                    
19740226-120332FIN197411974010119740226    9904014278.22     178849026.31        1.04        1.00        0.02     230640566.60  771101195857.78     721773943.93    172295067    178825261eBZLwzfHUBLxsWSFpQmudmDjRXm                                 
19740226-142335FIN197411974010119740226    2377942803.09     424677660.13        6.91        6.14        0.18     250538478.22  542784979327.65    9817395639.94     61445459     691616760000000019
19740226-203415FIN197411974010119740226    5437317969.83     361304821.33        0.46        0.44        0.07     126315120.49  245795979734.63     220959192.80    788073270    8205685810000000184
19740227-021235FIN197411974010119740227    1480164458.50      42785266.53        0.06        0.06        0.03      73526199.52  405330112769.56    5177895607.26    660785289    6655006070000000179
19740227-032930FIN197411974010119740227    6136210372.10    3631445322.24        8.95        8.61        0.59     405583041.39  781297850747.92    3449422362.36    405799315    4217472000000000177
19740227-084457FIN197411974010119740227    1896863967.86       5941217.25        0.01        0.01        0.00     276616970.29   89943853142.54    8866131649.08    589295026    6459845400000000316
19740227-115824FIN197411974010119740227    4911659486.23    1930592293.76        3.43        3.31        0.39     920619617.70  516040356433.80    9844587236.56    562273953    583281285MDjVavoVSMeRlCAiXqmFZzvARFaNTAslRoYCUeWRGOXU                
19740227-132258FIN197411974010119740227    2215026780.60     349493723.79        7.96        7.40        0.16     457681959.72  567284846827.38    8290723507.10     43912136     47200273XLTxGrTTSMIeAKqzJEDWF                                       
19740227-230656FIN197411974010119740227    8712504332.39    5930290693.35       10.89        9.61        0.68     515437231.68  907908917905.01    8172428639.02    544427299    6168827090000000078
19740228-102826FIN197411974010119740228    2615681371.52     258454762.29        0.75        0.66        0.10     332907071.79  644576255933.83    3946888648.81    345111130    389144871XiuLDVDnYQnZdWqIeVWutEjPXZaaQbOqjsNvlFMIc                   
19740228-123049FIN197411974010119740228    2693114644.13    1620917764.93        3.70        3.59        0.60     698705714.50  638953551226.55    3398052270.72    438344499    4518572400000000059
19740228-160034FIN197411974010119740228    2643714404.69    1676055869.33        2.61        2.44        0.63     995366198.40  791106318270.81    5658955829.45    642451306    686486601yRflLhHvroMJBNHcMIDiQuHspAHUTFVE                            
19740228-232511FIN197411974010119740228    9954799972.75    2014373551.73        4.21        3.90        0.20     229991979.45  657700679422.52    8996728439.03    478005926    515857513XDnNdfGcCiNIOwdZoWMTZgVYEOsHLSH                             
19740301-014113FIN197411974010119740301    8131545943.96     521980269.90        4.56        4.02        0.06     576010984.51  625721382568.95    5167275381.43    114510902    1299685360000000328
19740301-134606FIN197411974010119740301    5790768217.04    3876405760.37       26.85       24.04        0.67     671166277.48  455487042806.34    6614538629.32    144386463    1612217700000000086
19740301-175237FIN197411974010119740301    7231137853.13    4852366032.98        9.69        8.84        0.67     674158853.59  103371030776.19    1955547487.41    500748971    549074266HxzoYsDAKSPENhVFhNKSkKmGIMCcGmnILQJPtbDNGKngRypBIdcTCrF     
19740302-012103FIN197411974010119740302    3627096849.64     507426650.12        6.62        6.17        0.14     328872251.81  601403068385.89    6728751605.57     76592740     82189286iNHnTftjXfvHrITLJdLaYdULuwCuiDvUOwI                         
19740302-121118FIN197411974010119740302     915217705.49     450023867.77        0.75        0.67        0.49     801587605.58   69341524766.45    1325120318.26    600687741    6753139270000000072
19740302-205622FIN197411974010119740302    1568519845.64     515865660.03        3.15        2.69        0.33     225637585.19  281957790823.16    6275279129.13    163796611    191463972XFIdEwZygbPJVVwGVWIfBAXvHBXIOxdvsyIikUuSMNZsQaMY            
19740303-003454FIN197411974010119740303    7986415938.05    4007906381.57        4.22        3.91        0.50     348549443.53  906074197503.22    8699071995.99    949012088   1025394255jlkBZXPcVEbEkvquHcRWHHHVGNQxJWnBWpCCCKENWGMjHFABR           
19740303-083422FIN197411974010119740303    1364674332.15     456446192.65        2.60        2.47        0.33     878225063.48  168647049778.11    9979355419.84    175780054    184442583HlQPdCFlfEZpMPIC                                            
19740303-123413FIN197411974010119740303    1719560711.04      24937653.38        0.05        0.04        0.01     927478069.35  341003716076.48    6015480925.94    525073151    5696396770000000285
19740304-003427FIN197411974010119740304    1017442466.34     666546582.19        3.84        3.23        0.66     188609277.95  274161671353.80    9213995737.22    173627890    206613772RIoafLXyzvuVdAypgRHDbVyCNFqJLTgbS                           
19740304-061826FIN197411974010119740304    8067496624.68    5557234821.25        9.10        8.72        0.69     184693699.97   29971881701.86    6588833729.89    610812956    6370656140000000041
19740304-182337FIN197411974010119740304    6544533975.53    1848668673.29       10.40        9.29        0.28     141847022.01  267542060613.93    1871877379.44    177739384    199051699QNZUltgBGCXGYshw                                            
19740304-192054FIN197411974010119740304    7041767111.67    1512536538.25        2.36        2.13        0.21     263077518.06  901458149570.27    6499899640.63    640875451    7089774480000000338
19740305-073115FIN197411974010119740305    6608064308.25     512334892.58        0.54        0.49        0.08     131243533.93  372848033927.40     163937415.22    944773202   10517320000000000037
19740305-140044FIN197411974010119740305    5021227990.31    1666537807.16        2.67        2.61        0.33     621462589.88   70649095654.76    6465445547.15    623298961    6384926780000000135
19740305-225215FIN197411974010119740305    3402650461.18    1722044482.39        4.34        3.73        0.51     619884946.33   99048740488.43    7133608497.57    396646378    461557317WCJJAitQbHnCKfmKEVEELEBjYtHsVGTBpOMMCLXEadMPRGRTA           
19740306-092554FIN197411974010119740306    9003776223.90    3197961058.98        3.67        3.39        0.36     807015920.70  860063424212.60    3414783887.72    872261316    942014851FEJqDJbFBHFbMSWLMHkubadniLCUCNTSGIPYDVhVRqNYCB              
19740306-150040FIN197411974010119740306    5323095271.96     275556293.63        0.31        0.29        0.05     690508768.56  336591133580.83    8772070902.72    896222528    938739434qKjXPsBHCteFFjjVUJyGXLGVDBNKBTSUHGZTe                       
19740306-194709FIN197411974010119740306    7134342751.40      81236423.14        0.13        0.11        0.01     276313769.12  292213921147.16    6452970084.32    646504408    7142705230000000175
19740307-081458FIN197411974010119740307    3723762474.85      40518809.15        0.37        0.31        0.01     381773637.77   22790135085.22    3022483844.92    110480475    130452583BCRRYMzpoAimKRITzLWLsoomeKjnZvguJDE                         
19740307-154853FIN197411974010119740307    6651624106.04    3448013917.97     1514.45     1447.96        0.52     948438225.35  142078144274.62    1248718127.79      2276748      23812970000000314
19740307-205530FIN197411974010119740307    1910167030.60     580184308.89        1.72        1.66        0.30     760191963.22  905708260376.65    5636325420.24    338088458    3496555580000000105
19740308-052350FIN197411974010119740308     591280298.79     201131829.19        0.62        0.52        0.34     482806230.66  385861450207.57    5088077953.01    325931895    384982769EVDrXsEiEnLdzKgVPyHxGfRHFwSXDLmBVPRuIGzcczcxVVXFnGDnNgo     
19740308-103436FIN197411974010119740308    8161681660.54    3868802395.86        4.11        3.80        0.47     542466033.40  733305434077.15    4796392573.51    941545828   10170018480000000167
19740308-182345FIN197411974010119740308    9594586594.64    3209716700.32        3.22        2.87        0.33     227097324.13  841511766735.06    6302805057.08    995403305   11168385520000000165
19740308-212100FIN197411974010119740308    5294139468.09    1412230110.11        4.72        4.10        0.27     370637346.69   16436887995.70    8726495845.98    299337032    3446950720000000077
19740309-000952FIN197411974010119740309    4324368847.05    2254694907.14        2.43        2.12        0.52      14283031.05  131491967521.83    3115870655.58    927768656   10658477740000000318
19740309-024805FIN197411974010119740309    9808619371.94    2553787197.49        5.48        4.70        0.26     885266610.48   80691582687.49    2868081300.51    466010686    5439366390000000271
19740309-113432FIN197411974010119740309    3630456354.12     820810349.50        1.29        1.26        0.23     323741389.06  801640451618.76    2340889961.31    634580075    652137868uBBFBUhgSRFtzQIYXtbEFRe                                     
19740309-173002FIN197411974010119740309    7696357082.65    2165406984.91      143.66      122.98        0.28     806191055.13  774871394758.51    6370853105.85     15072968     176072150000000163
19740310-033534FIN197411974010119740310    5044988774.39    2208420343.58        3.86        3.76        0.44     499022501.25  798534731507.55    7704732208.16    572003164    587609137vDOkAbyNyfNiUAoMMxwWWTIWEYeJPfPRnnjcwmlWawDedDa             
19740310-074308FIN197411974010119740310    8764527921.03    5505714087.56        8.63        7.47        0.63     843107381.57  310502716869.11    4597337297.59    638203383    737425199GKXARCFbFebKiAlLUJXKJgRjmqXdAQcnJFJAKTzRouxMxMVkXQMjtVZu    
19740310-174021FIN197411974010119740310    3767277801.07    1639313804.77        9.08        8.81        0.44     858473792.19  313425283222.76    9598448913.10    180543153    1859966350000000233
19740311-015540FIN197411974010119740311    6794704940.70    3578092463.69       54.84       52.61        0.53     297658714.37   70714460375.81    8456257657.62     65245934     680122870000000332
19740311-025034FIN197411974010119740311    6655458401.78    2016737287.89        4.29        3.75        0.30     264172246.71  415842488146.65    4058742772.76    470483350    5380901750000000023
19740311-124323FIN197411974010119740311    9616322968.95    5037257845.16        6.57        6.34        0.52      91636065.18  323249618831.24    4068064144.95    766570358    7945222200000000342
19740311-163749FIN197411974010119740311    9082771804.38    2340923944.53        6.89        5.97        0.26     577240181.04  643441267431.47    1598369254.01    339979232    392037488wiFRVPFqQNGELjgHzDAyVoYLlCEZUsKnSGD                         
19740311-181154FIN197411974010119740311    1283128168.41     393530266.78        0.67        0.63        0.31     696973167.73  671824722897.46    3077267895.09    587995581    621933170aoTgMQQOVPapOXWxUW                                          
19740311-192902FIN197411974010119740311    1947860571.57     253772058.19        0.28        0.24        0.13     580889647.15  478012798777.53    4906843635.45    907280207   10483527160000000107
19740312-054001FIN197411974010119740312    1449768075.11     201640334.88        0.33        0.31        0.14      45673238.50   47353057434.57    5386397291.18    609745895    6483987970000000065
19740312-095955FIN197411974010119740312    7342700908.40    5090919826.23        5.78        5.00        0.69     111001152.44  358564714314.60    3361917481.88    880810838   1018214859qRAMrJWYRgHUIFKxEZjraB                                      
19740312-171900FIN197411974010119740312    4479104545.51     731602223.86        9.72        8.16        0.16     433838671.19  105829133988.75     987408875.98     75248383     896262610000000308
19740312-235249FIN197411974010119740312    8172637873.06    2079876383.26        3.06        2.65        0.25     352951610.20  779731153462.55    8170439816.05    680314154    7842821830000000209
19740313-114040FIN197411974010119740313    6194833401.21    2831651487.08        7.44        6.43        0.46     190145114.89   94079173147.22    8176245214.99    380753752    440106764xItpdiEnJJAMNVucbcMCrZOxGKVLQtYwdGnBtSGBDqMTsWQhoJxXwANLFnQo
19740313-171059FIN197411974010119740313    9031577096.20    3027999377.26        3.26        3.03        0.34     466627828.37   74177620081.61    9576205058.25    928944019    997980447FXFYeNQJTmypAWxzHPOBgNFDcXaQQFB                             
19740314-041916FIN197411974010119740314    9602422686.17    1348647650.93        2.95        2.64        0.14     403648666.87  286986711727.18    6238059185.73    456786235    5109854820000000015
19740314-070602FIN197411974010119740314    2970383404.72     302382914.40        0.41        0.37        0.10     979978255.74  943171471887.78    7754405118.74    730147760    823862223EHhVHPSQttYrETUxcMnrihIePeOLrTFUmdIKeQiGfzuibJwRV           
19740314-115614FIN197411974010119740314    5177371807.50    1239993035.87        2.31        1.93        0.24      61390344.41  516173782866.57    6924939577.40    535841803    6418005540000000067
19740314-220805FIN197411974010119740314    3417938602.04    1830592453.13        2.08        1.98        0.54     750781828.45  959932038451.92     872789915.65    880237765    9249706840000000089
19740314-224034FIN197411974010119740314    6517161978.32    4080466173.72      155.54      134.89        0.63     955410512.67  190199038974.09     613920004.70     26234305     30250077NtOdvFBFUhCVdhuIepZmNOBReS                                  
19740315-090038FIN197411974010119740315    3323482696.58    1300520209.39        3.33        3.22        0.39     890757378.81  376425135577.75    5572181145.90    390155923    404407684tDPWLFEtBmpAwavVQikXwNpRaJ                                  
19740315-175846FIN197411974010119740315    2924373623.96     329511878.64        2.82        2.57        0.11     587082164.35  863477444860.27    5674612459.13    117030542    1283057130000000000
19740315-195204FIN197411974010119740315    1179882161.70     696280843.82        1.94        1.77        0.59     337388167.70   40635626880.66    5384134177.93    358456305    3942914510000000145
19740316-012815FIN197411974010119740316    7837880528.95    3176504009.08        7.82        7.11        0.41     632576235.49  509761258696.11     999496427.98    406431933    447073979NvcsQmlNGvrUpHVMNMKHzdZhzXKERsNxWKMVBzKlsSBM                
19740316-080219FIN197411974010119740316    3557852011.04    2104768581.34        7.99        6.69        0.59     969020277.74  524647104026.94    9873735069.42    263297993    314474533VZFBRwvFHyQCUMDVoBLLIIBmacVsHPTyOUvhQJtRzByXxTqcURyaA       
19740316-153505FIN197411974010119740316    8501164947.33    3378225602.87      232.49      212.61        0.40     166367217.92  698914545611.77     307625084.02     14530533     158893650000000166
19740316-194624FIN197411974010119740316    4792432828.09    1559686771.24        2.12        2.03        0.33     480806875.19  594350218480.59    7488168052.77    736875398    767693678zjoKtxCKSTNWLpRzJEjyVWiVEuzmYUTLdbyRHLSIgDUbYquZsCvOKJvFaWMu
19740316-211337FIN197411974010119740316    3635735773.87    2079037926.89       15.41       13.81        0.57     710933858.68  954307441511.27     634136734.68    134898072    1505223990000000248
19740317-042700FIN197411974010119740317    4210546212.87     544568311.93        1.52        1.30        0.13     175829593.31  835825795888.87     757234830.75    358759467    4178109880000000149
19740317-132035FIN197411974010119740317     455066344.91      23285863.73        0.12        0.12        0.05     742266663.39  398608760350.76    9716622642.11    194982801    1982356650000000155
19740317-235826FIN197411974010119740317    8784418136.76    2359151222.40       19.90       18.50        0.27     323235438.44  431461496976.34    2073464906.01    118565444    127535575cjSaOXnFRxMLKQEIORXsThOgBtEagEQlinpIRP                      
19740318-011834FIN197411974010119740318      47683199.50        204035.31        0.00        0.00        0.00      98353469.64  722002353749.14    5734460292.79     75315649     87718076RSWvpXShAohbCnBYubXQUbMLtPavDHUQn                           
19740318-084856FIN197411974010119740318    4737392427.05     689763486.11        0.79        0.68        0.15     105444187.56  181767392358.01    7987231107.74    878330282   1021840684XjSxlGRryfrgvCMaReGMEXLJuiXaSRQMSTRccKTbdXRVwcSDVVf         
19740318-200726FIN197411974010119740318    7996952007.86    5078104167.00        8.91        7.62        0.64     448908161.61  950583444489.99    6823765084.55    569866092    6661539030000000124
19740318-200753FIN197411974010119740318    4232073525.57     797053989.32       13.77       11.55        0.19     573976000.90  434808282488.57      78454069.31     57875980     689976420000000122
19740319-032025FIN197411974010119740319    7726830657.95     468095992.42        0.92        0.92        0.06       3305218.92  425525898805.14     966375766.15    506242979    506682056VxmNpSrxEBXnLfMwj                                           
19740319-071920FIN197411974010119740319    8169308151.28    5631383464.28       55.28       51.00        0.69     537493389.21  861094570107.21    2847704164.15    101875380    1104110380000000322
19740319-140446FIN197411974010119740319    9368654826.01    3881090835.62        6.53        5.69        0.41     326401600.00  323705270669.39     837494466.33    594593654    681494096hcPDGWJeqNhVOJEHQzDTICfkFUCNaLlcnCkzQvSJALfIzRb             
19740320-015606FIN197411974010119740320    5646365596.77     635869844.43        0.66        0.65        0.11     234954370.46  991731049791.79    7921678851.67    968986132    973785545VJecwNGRKWWFBmyGzHnLJQDTAFYJSdZYFIIDBdQdB                   
19740320-040931FIN197411974010119740320     943691816.24     440103519.94        0.44        0.41        0.47     169395614.16  611325470701.25    4564140539.29    991895679   1075516901dTeGxDjIdTKaDZkEQ                                           
19740320-133139FIN197411974010119740320    5177995225.95    2442219908.73       40.10       37.74        0.47     531390148.43  150016418473.73    3369393620.50     60902300     64703344inZSWxMORYAMakTEICVCgOECFdCknDeuMDaK                        
19740320-212446FIN197411974010119740320    7650048093.77     369796772.32        0.61        0.51        0.05     718100297.56  532845411609.79      99443395.54    610561500    7322072000000000021
19740321-073613FIN197411974010119740321    4931979502.82    2227306728.66        2.66        2.60        0.45     746029553.78  440606511590.95    2207739087.03    837322938    858196302KxqdRJELXtJQoGpgGbFDgGWOHRTXJHg                             
19740321-122842FIN197411974010119740321    7348994474.68    3427261149.13        7.37        6.90        0.47      99780358.31  321203206110.68    3851493143.79    465092808    496702001WtLJlcZhUpnUJhcOl                                           
19740321-194051FIN197411974010119740321    8113352536.00    1329761564.30        9.12        7.80        0.16     523118416.14  432123186755.77    3924521354.58    145803389    170479143cPOOydoHzXLJKVJoZqQOPxiAbZSEOCBSZFKLwPxTGzZgA               
19740322-065007FIN197411974010119740322    7599555292.21    1618680890.41       15.70       14.35        0.21     679825066.15  494050558359.04    8281221688.64    103106747    112812637XEYdozBcEbPhRFHwKiUQyBWXKiOSSZlHFtNCTxUNaBRyBgaISh          
19740322-094600FIN197411974010119740322    3637568463.18    2130250242.11        5.37        4.78        0.59      21191319.30  576671845948.27    3002337273.77    396345066    445968575BELJVClFSUDWQNFrxaHxDDEMSOMNqTeWbFtIh                       
19740322-183048FIN197411974010119740322    7433467496.11    1283111558.79        1.59        1.53        0.17      15316244.76  151327780632.52    2229281311.92    806635869    839639357ILluFBdLbXRPNPnaiojyEqsGqUArncqWACvKTGoQnLdlqc              
19740322-235340FIN197411974010119740322    3724783584.88     832706281.08        1.03        0.91        0.22      83950357.88  513279977175.41    7762939786.62    808821484    915685392IHAiIELZmpMXSKIrRVovqarZpwJMeyEpSwQWmbjcix                  
19740323-012112FIN197411974010119740323     410500188.77     247472706.12        1.24        1.14        0.60     749216826.74  829967476075.39    7439472494.40    198896024    217346896yURWxInlVahogpZHAunTIhWpDHUoQwnugkGiHKWVDOnuTAuSApjDJaf     
19740323-090318FIN197411974010119740323    4054152160.27     426383433.75        0.69        0.62        0.11     866046917.32  657765461690.92    9619193709.35    617649059    692821032qudERoimJkOWiyHWWzVJVdUHAjrTJ                               
19740323-093715FIN197411974010119740323    6710837802.72    3113971785.55        4.99        4.82        0.46     885525510.11  365103801908.63    3307289570.26    624221067    646330295OWhkEOObBxFJLmuCTofocjzocIKbNsmlUvpBNaiWNzJI                
19740323-162943FIN197411974010119740323    2672035175.97    1609695327.94        7.44        6.23        0.60     711130968.11  186198714595.26    4070532471.35    216489256    258547314JCFOaBxNVpRmAPrlOMHhDbxMXtDSIqOWAypHKArsJlVKEInHOA          
19740323-202823FIN197411974010119740323    3208818151.91    1362115664.44        1.64        1.53        0.42     725826288.29  902775091412.62     205603781.55    831099399    8916556460000000101
19740324-015408FIN197411974010119740324    9588544132.69    1147491640.59        2.08        1.93        0.12     975415254.09  103921492637.15    5841825091.82    551644849    5954446640000000228
19740324-115237CMPWOeORZjONJrMMFhfyOvFLmfqNTXNJnHMAmZRQXyYwksVOd              0000000353ACTVCAj   1971070710947 Ardmore Rue                                                                                                                                               93319       Palmdale                 FL                  United States of AmericaLambert                                       aiQiYOhCSWkXDBKD JKIxRLYlvLPBEZALeJmXVaAAZNt ISSlWAdRLJAfMFioOeTWaLNRUTGUROOpicDMZXsQVwbgqFoq xySPRLTScAReAgJChTUAZPQXZv                              
19740324-150142SECAAAAAAAAAAAAAYACOMMONACTVEjBUhXWQKJvVqKVfEhT                                                   AMEX  167013249    1908030618570529        2.260000000174
19740324-150221SECAAAAAAAAAAAAAYPCOMMONACTVlTdJSNQzOAsESEbdzcnKGWfMQyHQoI                                        NYSE  880841401    1961121718760317        1.13PGDBgEZqRneMoLzzQWIWKPqUm                                   
19740324-224911SECAAAAAAAAAAAAAYLCOMMONACTVLUuBPRIwvuLtXPUIH Qpkt                                                PCX   320420046    1913052819461211        0.120000000229
19740325-052625CMPdaGGtcoTREcrZvEbKVXTGbZcgwEydZMugGTKPnwbTU                  0000000352ACTVCPrB  185311202694 Lamar Lane                                                                                                                                                 V6F 1S6     Laredo                   New Brunswick       United States of AmericaChu                                           qVTSyAmxGdIgsNJldTWPMgIBwEpqBFvLDYUQcFKEHQQkiuVmJSCALDnHIPcvEIyvIK GwZjgDCSMd                                                                         
19740325-070411SECAAAAAAAAAAAAAYHCOMMONACTVJlyGiOFHPmLEIqPsFQXTDHPBiWSuUJXEiUFHKbYiD                             NYSE  367067178    1958022419600624        0.620000000145
19740325-090707SECAAAAAAAAAAAAAYDCOMMONACTVpfswHuolKOAECRswBeVxHWGLLVPZxyEsSzFfenqbUmaSUhAbbOMaIOVvNfdULvRChOWR  NYSE  916687618    1850121418760306        2.430000000121
19740325-090801CMPDgCLMNjmKXvnbcxbsNRzicFHLhHVDWDkKUSGCEKJtTHOqhICxuVIu       0000000351ACTVHMCCC-1940070522506 Hulen Boulevard                                                                                                                                           60703       Columbia                 Saskatchewan        United States of AmericaKriger                                        SAGXDTSZxirzFYqvgEDoUD SNdUVTWWMHeGxPBPrUMdloJJBLZKkHHuELNNAzqRvKbTnoBDfODA                                                                           
19740325-113350SECAAAAAAAAAAAAAXZPREF_AACTVyvXTKjekixHnYjQbalgYngPITRgJJHzRE                                     NYSE  770289683    1862020318661112        0.900000000141
19740325-182542SECAAAAAAAAAAAAAYOPREF_DACTVzSxdJxiyMSC WQsEDCyVhiCbIKvBQH                                        PCX   628889883    1924020118630223        2.91pArpWSNsgNKTOPAFFXMA                                        
19740326-025823SECAAAAAAAAAAAAAYKPREF_CACTVZvUaacoIdp                                                            PCX   539148450    1863012919100227        2.580000000130
19740326-052157SECAAAAAAAAAAAAAYGPREF_CACTVQsCBHEhRiSKSMHRKqVuQmbzsfyBQMawrSSYo                                  AMEX  565720936    1893052119190104        0.020000000268
19740326-132203CMPgGWmrXJoqkjXNgwDRfiWhPTGZW                                  0000000350ACTVACB   193910256281 Trace Creek Park                                                                                                                                           10201       Fontana                  MS                  United States of AmericaMoppin                                        uDPCgvyyPpKZXDidOJSLQPVIztlZjHTBbPUmEABTLhqdZrRrQtb kAfvTQoIExzyAWsOXHBbPHSSN                                                                         
19740326-183729CMPKwEuePbqXSKWLGKXUZjUklpgUQeBiAT                             0000000349ACTVAEdTYU1939091013327 Darlington Drive                                                                                                                                          V6Q 1W1     Lewiston                 CA                                          Pitta                                         WCUQdsSWSRehnZVKDgxgcczhDYTTFjwPVAuwbXHclLbg lZkDI bvsphIHBIIMxXuIhPCBUwvKRcUwzPHSFNmZ tBrvCLMZLMqKRzwOoCVMS                                          
19740327-032606SECAAAAAAAAAAAAAYCCOMMONACTVHjRFSCrnbO ljMrsmNFPAvHSwIInT                                         NYSE  329567475    1872011019130607        0.960000000330
19740327-055317CMPWzOtPSWtykNIHobQCFqQBRbotBuTKxcwgtMGZlvSuzkznMNrJ           0000000348ACTVARA-  1886060319381 Towerwood Crescent                                                        Apt. 416                                                                        89033       Elizabeth                MA                  United States of AmericaAird                                          xxwGIfApDMcTOwIOjRKdCtAUITUAFTPQCAVPVGJOcqTKUPonclIFBZXxCMmrGRVyGVE JHOIlpImznLwAKRMDBtdkSwMYvUGRApZY lBYCBOiEKCXNq                                   
19740327-120945SECAAAAAAAAAAAAAGVCOMMONINACHNaKmhGjHsNakOIKTjrzOoyPymQYFMCKTIKiEOwjOTQaC                         AMEX  548496288    1966061119440415        1.44eyGBByYTpoRbgjJdHtPbQdJTXrTbcWTJkSHlPvDAkK                  
19740328-000921SECAAAAAAAAAAAAAYNCOMMONACTVrFLhOUinOaVtQJ                                                        PCX   734661574    1940112818550628        0.260000000053
19740328-012505CMPbhCOcOvQNEbBAnMceSOKIWFWXZjykjxqQIOCQOISWCHAjEeDSloP        0000000347ACTVBNCCC+188309033855 Cantey Drive                                                                                                                                               33606       Toronto                  MI                  United States of AmericaFugitt                                         REjUAebpWVgMmFNqJLEpwHlGeVCpiShgDHQvNsBpUFMPMmNDohLwyFgYSZfNXUPkbiRtMeNSptFLPBYWnrnmZGRhmpWiyRyxuSEKeEPfIRN                                          
19740328-061528CMPpEGIPCsKwtTHCezUJixADHRHcVKNIYrTyyOPIF                      0000000346ACTVCXCzrm19391020552 Teal Park                                                                                                                                                   M5E 1W2     Anchorage                NC                  United States of AmericaTerry                                         qYvNPLxOYUiXILlURxWZopyTigAIkuPWONBEgZRVIOtcXYwr GSwqwsczEZy                                                                                          
19740328-175647SECAAAAAAAAAAAAAYJCOMMONACTVLhrIArDz FwpNJMGGdhOEQxeqJwvIYUwEcSYBUuLvgTCpPePuyIFvttgxHTQUxe       AMEX  791866436    1864032019490610        0.50ILluFBdLbXRPNPnaiojyEqsGqUArncqWACvKTGoQnLdlqc              
19740329-035848SECAAAAAAAAAAAAAYFCOMMONACTVTyWcyVzvLMTD NhPoOOwjfFGfTRZdzwwCQGUDcQLSYHoAOWKwdCeJDlljnkoWz tTEu   PCX   118694332    1899072418520723        2.220000000297
19740329-115958CMPzRUPBBfUiMinqnbQBpsAavFODFdBPmkYvLolpCtKqmeICrhsJTmwX       0000000172INACBNB   1906061415326 Frostwood Boulevard                                                                                                                                       10285       Tallahassee              NC                  United States of AmericaMalinchalk                                    xUVAuYj iBTbmOoDJZtZSKTFOInr                                                                                                                          
19740329-233943SECAAAAAAAAAAAAAYBCOMMONACTVtmjCPPaTjOYUIQMLDpMYLupAGbwGGDHKaWRT                                  NASDAQ38281918     1877080519170716        1.47NiBcGbDvQsFXSbRxOUPzUvEKLCXRVlDFrhOUHduBWHC                 
19740330-085803SECAAAAAAAAAAAAANPCOMMONACTVaJaRG ntGeBjBHdBQKtqJhjlxkeHTMEtJD IOLgzzZmxxfiIxFxLLeyQhxxXkCVmsj    NYSE  223189255    1949111119660626        2.720000000018
19740330-094402CMPhLVgKYfIAzFOLUtDEVziLsKZDBUvAfdYDovfLNhVCUwSfIDPgAjrqNO     0000000177ACTVOIB   1928080219059 Ginger Avenue                                                                                                                                             77078       Amarillo                 CA                  Canada                  Elfstrom                                      KMPxAUmn TaDgU cXPjgjzcAwJLhPZOc HjRLLdbIrIeAPIzdcHYoVPkTdUOzUtlhSGTXmuNNsaLfAGlfMIwJGFyIwM XuuFlgRFA                                                 
19740330-201945SECAAAAAAAAAAAAAYMCOMMONACTVVQUHNmCCdofPkm                                                        AMEX  76573217     1943110719380514        0.57RMTnrMvVJASTKHRLEbVigGiqmMcuEfgORmhMFOQrbUUDPpoBC           
19740331-065827CMPqOdVHYxDVZvGNRKGYVTrFSwxPzXxkMvZgmZdThHHL                   0000000355ACTVMDA   1925121910906 Runyan East                                                                                                                                               20077       Salem                    IL                  Canada                  Hollinsworth                                  MKBEUuXOVtADMIEpoZQNUDgLgfJMIVVcEEFsQGuLgQHHdJOXNDne  JzASzMMOyHFLZcCswjqnzBHTTSQiIXSjGkEpHKfFnLgEsAvEJ cVLnlAOKVr hHORAFEYXIW zWV                    
19740331-150443SECAAAAAAAAAAAAAYICOMMONACTVJEMuSrsTFQjPyveVadoSpDLhRJrJVJURJFQJKvAPnIWOJORH ZcH                  NASDAQ172930446    1925050819170622        2.84DIPPjcmxrwIwYNRnOzSotzgUkufjD                               
19740331-184513CMPJmnZyvJNUAaGfANXOFMOuyDJFNiMeGrtTeYaLNPbiJyoUj              0000000354ACTVFPRbgh188901206976 Oakmont Park                                                                                                                                               93808       New York                 DE                  United States of AmericaKempe                                         xpIzbeIQncToyisdFnDzZYuNPLmskrNbDZFFwMkxwPPgBfilDPHtDg qWQKRPeGMdc QDmVDQHDRMOaH                                                                      
19740331-235958SECAAAAAAAAAAAAAYEPREF_AACTVgKVOtBmAXtOIKmbKhyKQfifBkeaL AbHpPeOQEURaDaiIvLJdWNGkpCmhlIMMvHQNYSB  PCX   249558146    1857053019510910        0.25KoviRxUIRFITXCLew                                           
