19680401-035309FIN196821968040119680401    9407765660.24    4949195578.06       74.08       71.94        0.53     403369398.68   68901479028.95    5966522685.99     66805196     68800257iAJNmDakgxlQcGOiloFqkXDmRxJezUSKSBPCvqFfSbAlV               
19680401-081553FIN196821968040119680401    3551506338.93     378555875.39        0.78        0.77        0.11     446032620.71  119253574372.15    6730359576.40    487506982    494283688PozAgYtmghzwqacMhOFSFF                                      
19680402-065039FIN196821968040119680402    4460805159.71     829549736.25        1.30        1.11        0.19     501734109.73  359673011301.08    5157912724.69    637500690    7493427640000000031
19680403-122805FIN196821968040119680403    3439134836.53    2320226827.97       46.31       45.85        0.67     478640892.61  963995205280.61    1518972544.12     50107313     50609855eyGBByYTpoRbgjJdHtPbQdJTXrTbcWTJkSHlPvDAkK                  
19680403-174035FIN196821968040119680403    4989477250.55     606697271.95        0.80        0.79        0.12     605126776.60  743267028062.41    7891061246.87    761618548    764111439TzOOKJSXlzetRDAZNOaBGRiAoYkrPjDLzvR                         
19680404-033837FIN196821968040119680404    3157435662.74    1367924536.84        4.12        3.61        0.43     100482922.85  744479811205.42    3026320468.86    331731557    378461539RSWvpXShAohbCnBYubXQUbMLtPavDHUQn                           
19680405-030559FIN196821968040119680405    1147552323.96     670873507.89        0.69        0.68        0.58     879848665.99   17321803275.11    9796454151.66    971434928    9848767000000000004
19680406-003012FIN196821968040119680406    7537341565.42    3362021981.30       21.72       20.58        0.45     570796150.62  115462168830.47     751703485.42    154774667    1633331790000000112
19680406-220235FIN196821968040119680406    3057741427.33     766391302.35        0.82        0.69        0.25     941563320.74  276478771222.39    4939275134.41    933897378   1103840469YNouztDEEgVJnWzrV                                           
19680407-064704FIN196821968040119680407    8570226907.01     337762548.45        0.35        0.32        0.04     251279179.95  410128739396.26     531365946.74    977571986   10540578120000000011
19680408-061814FIN196821968040119680408    4639037238.10       4196809.51        0.01        0.01        0.00     814671091.42  407351830060.85    3778152875.45    642982018    7067026630000000035
19680408-232902FIN196821968040119680408    1101747569.01     487863096.40        0.70        0.63        0.44     866814842.34   80868048333.19     331020780.36    692693131    769364207XiKcfZmoGQnBHAdYEzmdTwSdbIDPEXDvLJbgRSdkrsLGrsJIESgMl       
19680408-235013FIN196821968040119680408    5608748141.68     991700257.96        1.94        1.89        0.18     282378613.36  702279673057.26    7143441421.12    510389505    525014185SAFZEJLLiMLuOrGrCmR                                         
19680409-121744FIN196821968040119680409    8836856357.47    2411251405.42        3.10        2.95        0.27     573504014.07  957905683277.08    2823842221.75    777740815    818030955dGTSaPOJMHvtCCHelvrPOQXnY                                   
19680410-001531FIN196821968040119680410    6722608239.83    1919462040.33       31.48       27.45        0.29     126345315.65  978954762819.28    4605075055.94     60971234     699284520000000053
19680411-053639FIN196821968040119680411    1962785468.83     157273529.74        0.38        0.33        0.08     561038697.00  297304354575.51    6848002185.78    415638730    4744978060000000046
19680412-104700FIN196821968040119680412    1373524345.98     249118988.43        0.40        0.34        0.18     646495336.16  637581151958.04    3136662716.99    629527207    734206524FCOCNTOPibcmwDBHblaHXU                                      
19680413-002403FIN196821968040119680413    2723742487.71     284772384.53        0.40        0.37        0.10     515400835.18  988307882605.93    6660318162.48    706212029    767971001YGODXTYUYQHKSUzVdmTrHaaZEgiuZLXAwzvjFZMnWXdUSECjfiOJYU      
19680413-225619FIN196821968040119680413     438040641.60       1945224.59        0.01        0.01        0.00     164175560.23  242592531117.19    4594593044.17    192070380    2175226430000000008
19680414-123335FIN196821968040119680414    2604143504.18    1557610059.01        2.64        2.30        0.60     897982392.15  770241846660.18    3252942413.85    589569954    6758417980000000086
19680415-004537FIN196821968040119680415    2271355563.66     261735875.79        0.63        0.54        0.12     824222928.88  250991772870.22    5144038806.10    414345653    487576899vnbESGDLPDBDVwsKNSXPqRYLGXjuxVJrQDsEcEVAYIyXWMFThaGbMIZNd   
19680415-143305FIN196821968040119680415     570383147.00      11589750.94        0.48        0.44        0.02     144972318.05  407340677878.46    9985837648.79     23912585     26182938qNBRLBcNHRMNCOGgoLutSmLjluU                                 
19680416-113452FIN196821968040119680416    5390882498.93    2469226277.31       13.84       12.05        0.46     799230853.24   88271176527.10    2184941864.61    178349926    204854516yzVtIWYoRQKKPNbDwXqdBMdFXWIZfiTteG                          
19680416-190028FIN196821968040119680416    2611850476.82     938956103.30        1.67        1.47        0.36     851462350.10  714573625560.09    9294559101.49    562198319    640818103WKHSDaFEDSYXOynePKHWBGLeJ                                   
19680417-194543FIN196821968040119680417    8978982266.75    1332007125.20        2.05        1.94        0.15     948590389.46  905668910096.60    8412276322.70    649837640    685482531PGaykMWIRXtIvCjWQotAVyIQMBtfCUlqpQvbAcJpMrOZRoSijDVbEagyXN  
19680418-045341FIN196821968040119680418    7419941376.88     583055909.29        0.75        0.68        0.08     264765858.14  820490546441.90    6570785447.21    773681235    8513040140000000064
19680419-073112FIN196821968040119680419    3819243072.45    1837430911.53      201.41      177.30        0.48     290124613.68  559635631130.63    5182026529.88      9122715     103632830000000057
19680420-130358FIN196821968040119680420    1408457183.83     760388623.41        3.64        3.54        0.54     220945741.90  520929152920.44    8676227479.01    208709088    2146150750000000084
19680421-080115FIN196821968040119680421    5457838873.35    2371855851.39        4.70        4.01        0.43     680201899.45  767229360052.96    2587954561.21    504151170    5916544150000000099
19680421-161227FIN196821968040119680421    4206648448.15     173325669.40        0.95        0.92        0.04     347128615.46  150020442565.58    5650745308.95    181979123    1889765360000000006
19680422-154939FIN196821968040119680422    8399637923.01    3902785180.08        9.26        8.14        0.46      31554080.13  618386954563.16    8458018392.84    421565164    4795430520000000030
19680423-170542FIN196821968040119680423    7867797777.89    1823114482.16        3.79        3.17        0.23     949984950.10  533580916387.56    6635668088.94    480747943    574975983zScyndwxOcLUXIwtrdKPFPDeQiYudN                              
19680424-155727FIN196821968040119680424    7655898735.96    3407379036.66        3.97        3.51        0.45     908355701.48  405712568857.54    1245857266.67    858074888    971523008BlzKUNpcdbxQGHwUAaQlIXGgyZmHnyRREOKBwpXvXwwWEOWiNJVMXWALS   
19680425-000209FIN196821968040119680425    1529699951.18    1032007041.36        7.03        6.92        0.67     844001590.19  233513011211.15    5462062474.69    146878854    1491649010000000114
19680425-185837FIN196821968040119680425    9698242601.41    4805662752.03       23.22       22.62        0.50     792004105.29  437027650430.21    8989235422.62    206925226    2124716900000000080
19680426-165450FIN196821968040119680426    9952894059.14    5185201236.80       31.43       27.00        0.52     131610641.88   79332851245.06    8294785969.36    164974171    1920387360000000054
19680426-195941FIN196821968040119680426    3063180920.15    1356873065.17        4.07        3.43        0.44     463730698.15  427825600720.98    2528082031.23    333484096    3954441820000000062
19680427-025844FIN196821968040119680427    3875111116.10     278949370.49        0.35        0.29        0.07     866161274.61  291197410337.41    6575609646.76    804093954    9528160870000000085
19680427-110136FIN196821968040119680427    1484981969.82     545017424.27        1.06        1.02        0.37     241861366.80  515325313424.74    8938095139.71    515761092    5329058490000000003
19680428-094246FIN196821968040119680428    1006046247.88     294028980.90        0.35        0.35        0.29     638389412.44   47864983195.47    7049652101.49    841458952    844387497YtvHEQBjudJlIIctWcFxmnzyLLXwZIjQbTYYSJjShQPPW               
19680429-093814FIN196821968040119680429    4914166002.20     680287998.63        1.22        1.10        0.14      43348872.14   56324623752.98    9623014183.53    557191231    6203460990000000097
19680429-115601FIN196821968040119680429    8018438574.13    4992966533.40       60.77       51.93        0.62     969250782.33  586190876183.04    9789231045.92     82161942     96147445rkWTCsQbCPAUfRcKLCwMGTdIqvRSpGXQyDXxU                       
19680430-154537FIN196821968040119680430    7718366646.66    3260545235.79        7.38        7.35        0.42     841307486.78  864958359684.16    4150935752.53    441875366    443347700yRPdOOYwDRIgGtBTaFzyuaZQ                                    
19680501-082449FIN196821968040119680501    9243901100.60    3240660037.51        4.51        3.99        0.35     503651632.92  938134425233.86    1144997006.02    717908599    812273304dBBCsCzeivSxrOWJZkMbNfLitfJSVqvvAy                          
19680501-090705FIN196821968040119680501    3156934749.38     748832145.78        1.05        0.88        0.24     364335184.17  880010470064.41    6198435889.87    714933425    8547235350000000094
19680501-171934FIN196821968040119680501    3830565135.17    2182231956.06        4.74        4.43        0.57     405384008.57  188740476971.46     152716976.71    460851907    492378073VXpGhfFbmgISLSMZVQlpBtNxkRhiLKvoTFIEKvFgIOL                 
19680502-094114FIN196821968040119680502    9678787895.04    3001791902.37        4.79        4.45        0.31     797869867.60  697347447602.71     447194571.71    626268503    674053818VRCqMDchijxAuePBgjywAGgqrVRBEFpiTlAyRVbIdJsaEVtlYWHXc       
19680502-123203FIN196821968040119680502    2163971601.74      93020588.94        0.19        0.17        0.04     977081193.63  276356455748.78    6678548114.00    489851558    5394844890000000083
19680503-112204FIN196821968040119680503    7243601958.68     462310717.67        0.51        0.44        0.06     312981097.72  101631992760.59    7588358272.60    910008364   10390246730000000020
19680504-042145FIN196821968040119680504      86359599.46      14764781.21        0.02        0.02        0.17     394178135.03  211854600559.16    4343697984.86    752157799    820442557NkpmsBILljFbVIAskKSudkLAIHYbeCnBzSVbIcIypZcePYIXqxdlNs      
19680504-153853FIN196821968040119680504    5829611401.50    3752189853.97        4.53        3.79        0.64     324710649.16  787714052865.16    7426540902.35    828045950    989034454zIHLKvPBQrCTBYzpZzUJZwMrKqTpUZPyXUykkId                     
19680504-174537FIN196821968040119680504    3999230813.26    2056040531.72       20.34       17.45        0.51     776109111.70  735363085038.83    5987588100.31    101094647    117804217YwfZSzCHnIqSMrTYCCEtVKrNxTKQsq                              
19680505-112504FIN196821968040119680505     820602016.89      92172600.47        0.09        0.08        0.11     848596711.33  168331630378.61    2852709925.53    994055452   1113743417RzFPWFvwZRrSBSctRiMfHfNKAAwdNTjFVMI                         
19680505-172530FIN196821968040119680505    8511526191.49    4112019195.45        5.77        5.64        0.48     495817234.68  240474011877.94    1927359429.43    712824962    7290393270000000032
19680506-033457FIN196821968040119680506    8515385065.34    5385623470.35        5.53        4.99        0.63     948397937.25  808092903327.54    6840350255.68    974326597   10783663790000000079
19680506-224640FIN196821968040119680506    6699094070.98    3435074283.07       20.01       17.65        0.51      35496682.29   95286180197.68    2209031213.71    171701739    1946266530000000103
19680506-235758FIN196821968040119680506    9405764275.13    3766223378.74        6.91        6.78        0.40     959890293.34   49242694811.45    4531072154.47    544753818    5558104610000000069
19680507-115811FIN196821968040119680507    3094572230.67     505098412.73        2.65        2.51        0.16     995569828.40  314484376636.50    8873849170.73    190462849    201081757jUcWBvgxKjCwRpvXoIjBbXiBA                                   
19680508-074009FIN196821968040119680508    9989020719.80    6345569961.47       26.53       22.39        0.64     118074618.32  124459761975.02    6477444561.04    239143801    283404477jlkBZXPcVEbEkvquHcRWHHHVGNQxJWnBWpCCCKENWGMjHFABR           
19680508-223919FIN196821968040119680508    1989296713.20     655208650.64       14.90       12.83        0.33     523002170.20  432943914073.11    3304343559.90     43967251     510631170000000000
19680509-074731FIN196821968040119680509    4931616615.75    1302234710.06        3.82        3.68        0.26     511237219.97  992553103634.53    3858415344.91    340704841    353920855rqMbvwSCBGYCGMEPKQeELcTKYUzuwRMWTqYPIirIgRbOCStxEXLeiAEZJCb 
19680509-111421FIN196821968040119680509    2960685870.46     572135532.62        1.06        0.92        0.19     795612809.07  680190180725.03    6731613904.48    538637173    624734516KRtMROFTkhVPydRKxEDtVV                                      
19680509-223532FIN196821968040119680509    7284318427.67    4333010030.54        6.19        5.26        0.59     368416413.21  817909854558.45    3510691678.97    700512039    824141894LRYKYZXBcxmTSSowQAFUfTJRSoIvPgvimQgPedHDROTgzAImiQMWqxVFPKu 
19680511-040936FIN196821968040119680511    2026390506.87    1184903085.88       11.48       10.22        0.58     752810515.50  622212596370.45    3141147445.37    103255246    1159425900000000049
19680511-102718FIN196821968040119680511    6855552398.63    3148828218.74        5.00        4.50        0.46     218959705.46  856230015587.53    7594084244.04    630245180    699637993nUSbwozHKnjEMwDGEwifsBDVkWMEUCXcZRAlqaRyXugMDSPCvILEtSe     
19680511-140040FIN196821968040119680511    5840171945.70     134168760.61        0.33        0.28        0.02      35631987.97   52722420468.29    4756584992.06    404225031    473296586CKqQGzXcNXMPWzzEAqHxSpCdCwJEirgSInSJOMkfzMBleWwhgbxmoVEVYU  
19680512-175412FIN196821968040119680512    2487802954.40    1526323537.93        9.08        8.80        0.61     390765216.96   83145289002.34      83119609.84    168059265    1735017580000000047
19680513-044925FIN196821968040119680513     359981713.00      63514098.72        0.07        0.07        0.18      46889448.54  132981309092.40    9860292813.41    890053584    9515560580000000108
19680513-124752FIN196821968040119680513    6857696423.51     307748179.33        0.44        0.42        0.04     588095074.80  822135605541.54     241804193.61    692072018    7396393000000000073
19680514-112412FIN196821968040119680514    9654846551.21    4606877220.08        6.35        6.29        0.48     805814347.05  260591255342.97    9447439453.70    725905998    732523765zZCyFkqieiPsUGvBJwvhXNW                                     
19680514-232146FIN196821968040119680514    7089697654.37    1013349232.67        1.71        1.45        0.14      65469146.10  206748418207.23    5053323326.18    594147466    697940908jRhDJJDxLPxUEMMpdhzdZNqRVTuzMCrlMcwMsdHNvIEBwDfErPG         
19680515-024925FIN196821968040119680515    9789481771.28    3469798490.96        6.02        5.29        0.35     497944754.65  374960357697.98     825137311.23    576123145    655627852nFkXCFIQQcAPOHRuYtieKkGSZpAdCmvxWPuheWUSLiFkN               
19680515-075333FIN196821968040119680515    5237126687.72     294869999.85        0.52        0.46        0.06     942017763.45  200430063644.02    9917783088.02    565386651    6366469940000000077
19680516-071952FIN196821968040119680516    2740148354.36    1083036012.67        1.65        1.55        0.40     993928887.99  658813482817.63    2158386065.44    655695814    6998478330000000039
19680517-124048FIN196821968040119680517    1271207252.30      21024497.13        0.02        0.02        0.02     977104826.12  799019576077.17    9238680683.44    895898500    947460795PJfOlXRPMTdOuTIMAy                                          
19680518-072136FIN196821968040119680518    2805128679.28     293155828.02        0.42        0.37        0.10     509101382.36  251047032540.96    5776767843.26    693660116    7944901380000000082
19680519-041511FIN196821968040119680519    8497421904.92    2328228612.63        4.20        3.83        0.27     754829466.88  802242934035.90    5340099231.42    554521239    608299183jLCjOYaAGVEUrxGtMU                                          
19680519-132753FIN196821968040119680519    2543984849.20     516561756.86        0.76        0.71        0.20     116730065.64  194450932997.52    9124653225.27    683733714    7297112030000000092
19680520-180239FIN196821968040119680520    7071531659.52    1413878248.96        2.79        2.72        0.20     718211710.88  542656700589.13    2793046187.15    506313014    519006201FQCxtQRoMnVlnjwEERVRrjOJDAIyWTEKGCbBNsvTNBMQXXA             
19680521-054449FIN196821968040119680521    7950445772.68    2359434280.16        4.97        4.86        0.30     640038914.43  989238787715.35    9372716085.60    474399839    4854372320000000071
19680521-233057FIN196821968040119680521    3667736548.26    2470165349.01        2.77        2.69        0.67     726531641.46  105236923186.61    3556692110.68    892968417    9173549490000000019
19680522-110939FIN196821968040119680522     556041234.08      36166048.56        0.06        0.05        0.07     487969484.82   36275001127.81    1332070623.66    643256840    7312691210000000012
19680522-223532FIN196821968040119680522    1481075752.95     930528005.73        1.44        1.29        0.63     275351103.24  587054688038.19    1990753001.41    645769449    7225339140000000093
19680524-041811FIN196821968040119680524    6440752101.30       7604062.04        0.06        0.06        0.00     594369647.43  553995954248.54    6142580559.61    127410441    1321597890000000044
19680525-045956FIN196821968040119680525    4268723198.76     962594546.17       27.82       25.11        0.23      54257826.09  762545335983.42    3047589177.77     34595507     38337417PGDBgEZqRneMoLzzQWIWKPqUm                                   
19680525-175618FIN196821968040119680525    1509807206.27     841463331.06       10.39        8.68        0.56     986841210.15  840028686824.34    7707997810.39     80985368     96977649YlpZAosXzsuvTxMJSRMUB                                       
19680525-204643FIN196821968040119680525    8621405371.04    5310088977.63      340.16      324.60        0.62     657516163.68  979352315160.21    3967006534.65     15610752     163589100000000051
19680526-224329FIN196821968040119680526    2548838809.25    1526593118.68        3.00        2.50        0.60     503813822.96  198860558483.03    1921590981.14    508999369    6107278890000000075
19680527-095727FIN196821968040119680527     477631129.91     275261546.62        4.41        3.86        0.58     733453058.27  211302319213.60    9492923785.25     62429367     71307776hUAyAuPbTqDYKLMtyUtVl                                       
19680528-135712FIN196821968040119680528     910807370.01     463692814.36        1.99        1.85        0.51     862770855.99  331265987111.04     767655035.14    232876609    2506090150000000061
19680529-131928FIN196821968040119680529    9461297186.77    5523531546.02       31.13       27.53        0.58     503371960.61   68735288263.47    1660732376.61    177455457    200657284OKehKyGaHgbEeBcBDAnFaXwXmCfzDCIig                           
19680530-181736FIN196821968040119680530    5226853642.10    1004313353.21        2.40        2.10        0.19     676781077.02  770758084941.06    5715128295.55    419036245    477538648JOlePeOMqNiWFtIikbYCtGoucRYkTNggTpiDSTEocDbaMdhzl           
19680530-233147FIN196821968040119680530    2590261281.03      11622587.52        0.02        0.02        0.00     381359278.67  869550955054.45     747863848.71    667573629    6752951000000000076
19680531-075529FIN196821968040119680531    4847118247.75     947173546.59        3.56        3.49        0.20     383044885.33  422048225434.82    5316055729.33    266028636    2716466740000000110
19680601-063922FIN196821968040119680601    9908528182.33    2225390659.62        3.37        3.16        0.22     323982908.42  371802594672.29    9473783500.03    661130177    7035889950000000055
19680601-200746FIN196821968040119680601    1619467041.29     176767160.90        0.20        0.17        0.11     394488856.80  590434307537.33     563864388.45    875923865   1039641848yJZRFbHLdseBeTnJIpEmTJtfrrDaEFBWyS                          
19680602-104118FIN196821968040119680602    1431961517.82     351549369.17        0.46        0.45        0.25     110878141.50  630300985606.58    8181353304.86    759149129    781629400UXKSWgGTVwuzWNnUV                                           
19680603-004906FIN196821968040119680603    4710114109.38    1195083446.17       28.35       23.87        0.25     577993397.49   61424594803.20     690295553.55     42147844     500672950000000065
19680603-030715FIN196821968040119680603    9759427087.18    4420734037.95        9.97        9.62        0.45     610623996.85  326141271886.66    7798432485.36    443375818    459531737qjOkQFaDSxTZNGLQvBGVtJue                                    
19680604-053637FIN196821968040119680604    2844130824.80    1713938775.37        2.17        1.98        0.60     656985141.46  777970585540.79    6367422161.36    789409797    865757081LoSyvUwXvGnKexKhSbbtArGnpUcArarLDzSDOEMMZBwKPwRuADFxSFJ     
19680605-084422FIN196821968040119680605    2506731678.49     866203345.75       39.08       35.70        0.35     515584898.33  888396163283.11     239906521.85     22163683     24261156UxwoFfdmLfKmuJCZStrMNOScJQzWthcXUUiyvsPHTsRlAJPOiKyvchxt    
19680605-174825FIN196821968040119680605    7344503539.40     635793640.29        1.09        0.94        0.09     654861263.13   14681772719.58    2345958410.89    582876825    672962538JaBRAUCPDCLITNXXrADVCSIopfxogeRFkYFvBVlr                    
19680606-160911FIN196821968040119680606    8070630074.25     566404625.47        1.97        1.85        0.07     618658843.45  397470789898.50    8681035502.92    287824735    3059682900000000115
19680607-110851FIN196821968040119680607    1349501094.20     177684596.26        1.05        0.93        0.13     831446648.29  701866763594.57    1617428423.97    169374222    191736304jmClCXBcZwINVyetRxHbWYRbsYBIFkuIGtecXWIN                    
19680607-135951FIN196821968040119680607     594969934.94     155173497.55        2.61        2.37        0.26     288414222.22  704979482878.92    1614724043.22     59512776     65371393MDjVavoVSMeRlCAiXqmFZzvARFaNTAslRoYCUeWRGOXU                
19680608-045153FIN196821968040119680608    6148168541.98    3530809406.85        9.73        9.33        0.57     105915567.47  623458284129.10      40744335.50    362894241    378476255JNrlzArRLtDOXxp                                             
19680608-071626FIN196821968040119680608    4577708259.29    3178686414.45        4.91        4.77        0.69     306985184.61  881906992561.25    2030545684.53    647903618    666300140QFRbFMIOhFIvNDHHKUIHIwUDsyiGpkDUVMQO                        
19680608-234746FIN196821968040119680608    6212448363.08    1334008947.28        2.82        2.47        0.21     453147027.73  121068214031.01    5284710683.30    472705548    5401188930000000070
19680609-163641FIN196821968040119680609    1850638813.74     200242009.49        0.43        0.43        0.11     273491927.57  326678868273.62    9261184444.72    461723624    4665355190000000063
19680609-171844FIN196821968040119680609    1382035983.90     541321205.22        1.23        1.07        0.39      36128101.73  801450362066.20    6222171227.30    438944442    504423978caOaabgKJQaXSZiUGJIHBtXLntUfKAkQvMDyj                       
19680610-181808FIN196821968040119680610    4294543357.80      86613936.03        0.46        0.41        0.02     297265966.59   14307873859.18    5303500364.44    188766191    209319105PAKPEEUQmMEQCIiKNBmUEBtPfusQRkopGWWnKXMrfXJjrgUvxcuTzMgPK   
19680611-020748FIN196821968040119680611    1583664665.44     806964109.07        3.22        2.79        0.51     507205576.19  714470697317.77    1536470484.16    250510672    2887680890000000025
19680612-024303SECAAAAAAAAAAAAAJGCOMMONACTVrFALDSWBSGSnzzMwTwjF                                                  PCX   792341095    1923092319301212        0.68dGTSaPOJMHvtCCHelvrPOQXnY                                   
19680613-055651CMPEVnyFUGFEJmFNaFNVU                                          0000000124ACTVSTCCC         3274 San Jacinto Street                                                                                                                                         21284       Henderson                NJ                  United States of AmericaKasting                                       eCMAUILpOBgkldVNSnmchkCPMNhQIRQCQkTqJALGKGBUkRdSEKBPk eztRTDZbJWBAznJDBQa kdcVNeNKVfMkmYkU NAVXxqXWGA Jtw                                             
19680614-102954SECAAAAAAAAAAAAAJFCOMMONACTVtZVXPNivYmcKiIoOwwGzwKftrcpUPDkCQKoKbPbBFvEcH                         AMEX  848522297    1889053019210419        0.54nFkXCFIQQcAPOHRuYtieKkGSZpAdCmvxWPuheWUSLiFkN               
19680614-170123SECAAAAAAAAAAAAAJECOMMONACTVUtoEIg aYYaIOZHqbaoiIfKAFeYAefmUjkCQrFFtSeJsFiBEurvHgEqprAKBkNWSBchApoNYSE  506721656    1930060818691015        1.300000000072
19680614-203054SECAAAAAAAAAAAAAJDCOMMONACTVOStNwLwpIlLRvMVQEGigfSHHsYzqKWRpyXIXiAcOH                             NASDAQ364968850    1901082619661108        0.93dBBCsCzeivSxrOWJZkMbNfLitfJSVqvvAy                          
19680615-182230CMPhJTjBraMaWddGWF                                             0000000123ACTVRAAA  1950111420920 Balmoral North                                                                                                                                            74138       Moreno Valley            Manitoba            Canada                  Okun                                          dlyJtLYcJmhGnSrBsWBxEqEzNOMoXqSQGtDUMJUMKxQZWoJIQQRToRKEZdQBUfRRvKhntLSpZjrSnARvnRFvZjjVReOdGRNZtISUCKDGJiToZHGTTecNUOB                               
19680616-105830SECAAAAAAAAAAAAAJCCOMMONACTVRtffDRwxjXdhGANMNfZRKFByDpnKfFHkBIPJtGOOJCDVINqVQFpVg                 PCX   643887645    1875052319411123        0.45zScyndwxOcLUXIwtrdKPFPDeQiYudN                              
19680616-173605CMPVSvMNAtEDeXQNEDooBurhHTZUGXzfeRCZXFKsELbuDdCGvFheOL         0000000122ACTVFRB+  1911032713056 Beatty Way                                                                                                                                                23283       Las Vegas                AR                  United States of AmericaOdonald                                       IQiKqSpBFVFxgPqzyKTQfCJmUQRNMNeOrQvKqQ NPxz                                                                                                           
19680617-062416SECAAAAAAAAAAAAAJBCOMMONACTVbQiPAhBJXYqJnNhIugWOBQZRI                                             NASDAQ769161945    1918073119540313        0.410000000077
19680617-233019SECAAAAAAAAAAAAAJAPREF_AACTVKQNCmlNrCaKozrTtwxjFtXtOLUEymubHULanCRApTUOCOoNTl                     AMEX  608656022    1956120618690708        2.440000000014
19680618-035609SECAAAAAAAAAAAAAIZCOMMONACTVwtERZLMKsSYbyScRwKWFhAKuuJRqFbETvejObbEQDSd odsXJrodRLJJIVOVOQrSO     NYSE  601651039    1870041418980108        2.320000000012
19680618-060536SECAAAAAAAAAAAAAIYCOMMONACTVFieMLbpaoNUcUBPjwgHlDZdQwGxzQfBIaUTXRhHGdHkX WInTBjEBOoOCTeZor        PCX   784709609    1880060118690309        2.450000000035
19680619-020636CMPKsLBXnElVKdTMXGCGoOrJDQaBpHiZwbprNnHXjI                     0000000121ACTVGRBBB-1943082013058 Wisteria Lane                                                                                                                                             46248       Allentown                CA                  United States of AmericaOdums                                         QRYMQKVPLVqAcEFKbyz                                                                                                                                   
19680619-122940SECAAAAAAAAAAAAAGDCOMMONINACyaVsFhUzAcjyhMIjAQgqWRANniFatEH k                                     NASDAQ131790475    1916060719220828        0.170000000072
19680620-091506SECAAAAAAAAAAAAAHGCOMMONACTVYYVfwPqJeDLuMPucBgZsWayATxUPhIJU                                      PCX   76607741     1907032918720918        2.90VXpGhfFbmgISLSMZVQlpBtNxkRhiLKvoTFIEKvFgIOL                 
19680620-124337SECAAAAAAAAAAAAAJOCOMMONACTVQpNWvURADDBNNk BROgKyUPSjJYLBinPAUiLQj                                PCX   650719276    1852122118800329        2.250000000112
19680620-175735CMPsFUPMbMzZhWukEqBOFVslISMGF                                  0000000120ACTVMTCC  1942112017575 Sunscape Upper                                                                                                                                            77232       Fort Worth               MO                  United States of AmericaEmswiler                                      UOqTLdSpKLEJlOOdMFzvlzcrmqiBJLVrlnFrsJCKOUlAzdEqmxVJKVRUSOMnTtlIEuZbQeYEpJSuczNPsjiNMuXZcRoddWEUxqDbPwlUBIADVLYnyaeDTQPXDJ                            
19680620-205546CMPHEvjYRLWLhRJTUgTBETibpNyyFyPDERSmCAIRWwtnGbQOFZqk           0000000119ACTVRRC   1881033111674 Greene Way                                                                                                                                                60608       Kansas City              AR                  United States of AmericaBideaux                                       vDAUagpHXrPRyZiPWVZSnXtTWuZymWDQjTobhTTJGJdXBbNOqPQ                                                                                                   
19680621-081309CMPHEGOhdnxjYISpGXhRRUQahEU                                    0000000118ACTVATA+  186502043647 Crumley Boulevard                                                                                                                                          M6S 1I8     Irving                   AL                  United States of AmericaWilliams                                      OtKbLUBJQYSmltCwIVwIPJYVzrrLepAHUAbYABqtrbcWwDwUUkOUVIQKktRvjFIvQIsTkXlAmogZKLhqazdyQYm  RQYQjNzTrZNMSHoKPmBNAyWQEopCdBNIHUyIyeAPqMHBIK               
19680622-000024CMPIBCqnhGjFJlbBaLpCfWlwAwAXuFGAsRugroSvLEF                    0000000117ACTVOOBBB-1918040318643 Yorktown Upper                                                                                                                                            85063       Coral Springs            MD                  United States of AmericaCarreno                                       AUSUe zTkxElcKLqstSYdIBJeqBUGMqFWbSgJfDQRyunuumzoFkVUxKuiNLSRMpAyHqmFAENwNISUCEKVfIsSzLSzfTEHKm OjsKHOoKSIxadVDMDPtqsmWKZWcqDRBJRRFTVFAmxdcERsSwR     
19680623-032943SECAAAAAAAAAAAAAJNCOMMONACTVCJFJoSBNeQFmtyTAyy                                                    AMEX  362783053    1962033018810102        0.46dGTSaPOJMHvtCCHelvrPOQXnY                                   
19680623-035600SECAAAAAAAAAAAAAJMCOMMONACTVFFZzrrEOWQCgHJJKUMLUHpISKfAzmYH                                       NASDAQ97062002     1923041319290629        2.020000000104
19680623-234805SECAAAAAAAAAAAAAJLCOMMONACTVjwMbpYlIPMzvbhruvZGESGLDFDFedUNugUgfGLNHwOYSWcT eCJ STFGOLSRmBHHF     PCX   766768698    1912100219540924        1.650000000085
19680624-230820SECAAAAAAAAAAAAAJKCOMMONACTVEowildVKLgxKPpZBfTCQGDZ U                                             NASDAQ46862062     1939040919291211        1.720000000041
19680625-230100CMPRROTPAhGxBXCsDRWwCaoSoQOjzYvsXPjjDoaqguiSANJtSIiUgcJfFuX    0000000116ACTVRACCC 1881061410463 Winsome Boulevard                                                                                                                                         V6W 1W8     Flint                    NE                  United States of AmericaWaddel                                        VTKZxklOeJRBhOGGQuCFVOZHUAyWCgWYRdfoDKkZOoljxFJawXzNvVNDhYIudULLCBRWZDMwyJpGHWpyPTkfnhVVTJETPLBBMVjkMOG                                               
19680626-164604CMPSqCUkYbSlmUBVEeHQcYWlEhwLjOKBYzdJQXvcxaOioFLRqACxzvRPPNtjbD 0000000093INACNGB+  1924080813971 Milbury Court                                                             Suite 397                                                                       V6I 1Q7     Manchester               WY                  United States of AmericaRabinowitz                                    ELUVpMxjmndODjcSRlKtNfTvMJpTIPGMqGekEXFHSVvsOChBRjPQLNrvZMxhPVcgw                                                                                     
19680627-130053SECAAAAAAAAAAAAAJJPREF_BACTVsEXHwMAssMsdgSNJwfCQqG                                                AMEX  386574639    1875041019200103        2.87GQgODZYcTEajaEMYDrWGoMdiJOENBaMGcnwYwuNTRPoOXXVjWD          
19680628-082008CMPXiKcfZmoGQnBHAdYEzmdTwSdbIDPEXDvLJbgRSdkrsLGrsJIESgMl       0000000091ACTVGSAA- 187511074433 Fillmore Avenue                                                            Suite 209                                                                       T5A 1X3     Sacramento               FL                  United States of AmericaKekua                                         U HAloqbuooZQBvGvUVUWFLjNfsCCvsZQqdBRzlfZEMa YRnmaCQgO sxiLSPSfKQTdyGIzrSMGZAPEOJCyDrZDwMgTaVoONPNBqN                                                 
19680629-110527CMPMCUMedIwKXKWmxZtjKLGmNhZVZwXLheDyjZaNegMuWB                 0000000125ACTVPSA   1900022414904 Chadbourne Boulevard                                                                                                                                      77208       Jacksonville             KS                  United States of AmericaRedifer                                       RUdFVeHCWONyTdSyAZlKqwXzjrQKrZEHlnGkyeRkaQuxPDSJadzYIpEYSwpJFUNCcIiMagZKlN jVWtGvLyJVwPFCrgu                                                          
19680630-082335SECAAAAAAAAAAAAAJIPREF_AACTVFjTydLFwUhvEPbIBNKGitCQZPeKjxpSpeYTW                                  NYSE  85001564     1951020219640328        2.710000000075
19680630-235958SECAAAAAAAAAAAAAJHPREF_AACTVnSpKNNcQhRjTrFDKPLEWoKqGhIVPRYCGAYlpxiUvyVjFZRNYTVUPipFsjPEooxVvbxpU  PCX   414162776    1901051919090825        2.95kCGxWShTICEMykTPjwUmen                                      
