19700101-002157FIN197011970010119700101    7386096043.02     844656057.02        1.69        1.64        0.11      15467411.12  204822102347.64     759258258.56    500361938    5142591750000000122
19700101-193855FIN197011970010119700101      24180392.81       5263332.66        0.02        0.02        0.22     574812130.40  939768074283.62    6380706666.22    300286635    319121393RzFPWFvwZRrSBSctRiMfHfNKAAwdNTjFVMI                         
19700102-042354FIN197011970010119700102    9464509279.44    2203451456.06        2.79        2.51        0.23     121512704.01  751730890220.53    2944661582.94    788411886    877746110MCUMedIwKXKWmxZtjKLGmNhZVZwXLheDyjZaNegMuWB                 
19700102-204642FIN197011970010119700102    3739220586.69       2117987.17        0.01        0.01        0.00     641662261.13   75741583379.24    7828927272.27    231214405    253925874EVDrXsEiEnLdzKgVPyHxGfRHFwSXDLmBVPRuIGzcczcxVVXFnGDnNgo     
19700103-084144FIN197011970010119700103    1838650294.85     847561018.67        0.86        0.84        0.46     222218358.18  435206205246.33    1670035716.61    986483039   10071650120000000069
19700103-225247FIN197011970010119700103    8026715243.91    5582118715.70        5.71        4.83        0.70     303658139.18  570206526445.23    4266651172.63    977897022   1156817143UXGHkVXHONXySRVzmlfgOKLOPXECLsMMjGzHJnirREX                 
19700104-112821FIN197011970010119700104    1933460328.07     839651661.47        2.80        2.70        0.43     746156065.72  254304861977.81    7762225160.76    299346848    310875600jmClCXBcZwINVyetRxHbWYRbsYBIFkuIGtecXWIN                    
19700105-053818FIN197011970010119700105    9386112569.25    1048542825.50        2.42        2.27        0.11     502820464.21  666817117772.12    8521506413.30    433902671    462555656PGDBgEZqRneMoLzzQWIWKPqUm                                   
19700105-122128FIN197011970010119700105    4968946727.38    2342565720.49        2.91        2.58        0.47     417845557.27  403043277691.08    2248544548.40    804985150    907772788BCRRYMzpoAimKRITzLWLsoomeKjnZvguJDE                         
19700106-000013FIN197011970010119700106    8185679123.52     935329685.75        1.85        1.84        0.11     457624404.42  870647860026.36    7627245714.09    506315601    508662786UJvSHHJxMUEYmrOEqYVQ                                        
19700106-095936FIN197011970010119700106    9731888458.14    1819826254.08        1.96        1.91        0.19     358891742.64  499995551064.81    8183285366.90    929569433    9550318240000000151
19700107-044717FIN197011970010119700107    7227691005.57    4048527532.03       18.01       15.07        0.56     540096866.69  276870981573.10    5451073030.22    224791963    2687312600000000062
19700107-071119FIN197011970010119700107         22844.71         10177.75        0.00        0.00        0.45       9413217.76  447559212805.64    8245121756.24    106290719    1223652680000000058
19700108-033918FIN197011970010119700108     369875338.20      72318379.60        0.08        0.07        0.20     272585092.01  692288753088.14    5673656503.47    942386875   10722983810000000020
19700108-131414FIN197011970010119700108      64614837.08      32278698.65        0.03        0.03        0.50      80880344.87  683238841745.78    3208433711.96    966113762   1065030004EKxtQJAcqNDYsGjPTVlSMPKGHLQauQwSokAAzptqRDUgdn              
19700109-061448FIN197011970010119700109    3544486382.44    2200770897.54        2.61        2.46        0.62     732596981.67  798114821552.59    4519059439.81    842655638    8936051610000000130
19700109-202725FIN197011970010119700109    2183401374.02     482143184.58        8.00        7.62        0.22     315286594.30  364625525892.55    7162838956.29     60254592     633066780000000185
19700110-145334FIN197011970010119700110    9183497153.79    2476507234.22        5.73        5.20        0.27     152618145.47  179530157201.65    1053894061.39    432069232    476030331JOlePeOMqNiWFtIikbYCtGoucRYkTNggTpiDSTEocDbaMdhzl           
19700110-225825FIN197011970010119700110    6137813386.63    4095958553.09        4.34        3.70        0.67     913394514.78  105711087614.98     968452143.87    943589558   11067125120000000104
19700111-012555FIN197011970010119700111    9954931264.36    5942904509.30        7.32        7.27        0.60     433949044.88  532302657325.84    6333633930.10    812320969    8172246990000000157
19700111-085929FIN197011970010119700111    8648780561.54    5758956149.36       57.35       48.66        0.67     479007463.05  408630689622.41    4129426909.21    100425483    1183557860000000048
19700111-212403FIN197011970010119700111     673089776.55      10075766.58        0.04        0.04        0.01      39828255.75  825240292403.19    6053695280.68    248889888    2622694820000000180
19700111-231057FIN197011970010119700111    5949563959.64     835399377.96        0.90        0.80        0.14     872938751.00  144970809134.84    4834625275.53    927636678   1042361995OKehKyGaHgbEeBcBDAnFaXwXmCfzDCIig                           
19700112-011412FIN197011970010119700112    8047864430.85    1693724531.81        2.18        1.92        0.21      36062627.48   40485572673.39     249386334.28    775270835    8811292920000000075
19700112-080922FIN197011970010119700112    8807517189.18    1942579430.90        6.18        5.98        0.22     598681119.86  150774035191.32    6984969715.09    314320703    3250066770000000172
19700112-214108FIN197011970010119700112    8223042851.03    1407042525.30       10.74        9.89        0.17      95422238.29  171769987016.77    9811766956.15    131030926    142304532xNZnDTSoUVPNSoYdgBUPLqzOHFZzrIJQNLRxXgjb                    
19700113-030323FIN197011970010119700113    9646193053.00    6049856711.14       16.88       16.20        0.63     120603539.40  397683028969.66    5232722373.20    358499960    3734701130000000145
19700113-201529FIN197011970010119700113    7855538922.36    4310724612.83        4.62        4.15        0.55     456260540.91  644414723213.89    8919239981.74    933822782   10377893130000000133
19700114-045308FIN197011970010119700114    6906477094.67     949799430.86        1.66        1.44        0.14     184062447.07   87907295835.58    5923025663.96    571669561    659160914hJTjBraMaWddGWF                                             
19700114-063629FIN197011970010119700114    6406601609.48     316957103.19        1.10        1.00        0.05     659624591.00  847536959734.73    9851150752.86    287334858    316406018DIPPjcmxrwIwYNRnOzSotzgUkufjD                               
19700114-134547FIN197011970010119700114     376466443.05     194569663.27        7.50        6.65        0.52     787056693.55  636295459103.31    1402247565.10     25933719     292432590000000174
19700114-154300FIN197011970010119700114    5840227807.89    1292987235.35       11.07        9.92        0.22     872806818.32  314512536663.87    4914429147.57    116762573    1303161590000000045
19700115-001017FIN197011970010119700115    1103132741.94     263087636.13        0.54        0.48        0.24     280371762.87  583050758697.51    6690985997.46    490803621    551680708nUSbwozHKnjEMwDGEwifsBDVkWMEUCXcZRAlqaRyXugMDSPCvILEtSe     
19700115-122102FIN197011970010119700115    3510428917.87    2008163201.54       49.78       47.43        0.57     817732204.88  925068143803.30    1567529738.07     40340865     423391080000000055
19700115-154224FIN197011970010119700115    2299445809.93     969762972.63        2.64        2.42        0.42      18758415.14  456436782994.45    4379015529.21    367179923    4004145860000000003
19700116-011212FIN197011970010119700116    4512278685.51     533989804.47        1.94        1.70        0.12     733394609.32  864311665400.73    1491949449.71    274959839    314004217BELJVClFSUDWQNFrxaHxDDEMSOMNqTeWbFtIh                       
19700116-144502FIN197011970010119700116    9664613247.52    5850451837.35        7.42        7.06        0.61     888078729.31  473750710364.18    8284055222.62    788221336    8283431970000000131
19700116-183917FIN197011970010119700116    1912522551.58     842745164.08        0.90        0.86        0.44     961746782.43  869693911850.54    9342558413.26    937675398    976917308gDqcCBxupXLOeBnjyoDuJKKpXXazMTBejzLaoxVkzpfVHbeQYNnEL       
19700117-093718FIN197011970010119700117    3880168914.11    1422047242.07        1.86        1.77        0.37      82148735.23  639767228589.84    7404524032.23    763165390    802841470rqMbvwSCBGYCGMEPKQeELcTKYUzuwRMWTqYPIirIgRbOCStxEXLeiAEZJCb 
19700117-104451FIN197011970010119700117    7271035323.17     920804966.66        1.44        1.38        0.13     887792022.15  550527140195.77    4068150869.04    637660684    668806181vnbESGDLPDBDVwsKNSXPqRYLGXjuxVJrQDsEcEVAYIyXWMFThaGbMIZNd   
19700117-203236FIN197011970010119700117    5721175685.32    2802575788.87       15.59       14.23        0.49     192786778.09  111327466663.26    3842100005.00    179779048    196962380PJfOlXRPMTdOuTIMAy                                          
19700118-102409FIN197011970010119700118    3310427514.41    2013530064.36        9.78        8.95        0.61     921840886.12  548445945819.52    3883250417.99    205961509    225067567BlzKUNpcdbxQGHwUAaQlIXGgyZmHnyRREOKBwpXvXwwWEOWiNJVMXWALS   
19700118-215742FIN197011970010119700118    4561873222.77    1030541837.47        6.52        6.10        0.23     542760809.01  888929008554.94    8007382137.49    158047663    1689944210000000103
19700119-034809FIN197011970010119700119    4901492379.13    1645673033.01        1.68        1.60        0.34     814503714.39  312892766319.98    1066149675.35    980303973   1029054593YlpZAosXzsuvTxMJSRMUB                                       
19700119-092914FIN197011970010119700119    2258486982.21     278691413.65        0.60        0.51        0.12     316896274.18  154848480619.00    3980675898.41    466447569    5477360210000000059
19700119-154638FIN197011970010119700119    9274509637.61     621640916.67        0.88        0.77        0.07     348957038.04  914793250528.89    6387194778.06    702822076    8118207240000000000
19700119-185752FIN197011970010119700119    9272598483.44    5122523496.21      431.95      375.86        0.55      76196659.72  479236604842.20    9967561975.77     11858960     136287930000000092
19700120-051859FIN197011970010119700120    8673658996.26    5696832028.40      112.21      107.92        0.66     629439884.61  490665834000.21    3504773765.66     50770669     527876940000000095
19700120-113602FIN197011970010119700120    1806872427.61     221343169.96        0.25        0.23        0.12      46425284.24  955672373716.42    6803260968.92    882177166    9739025660000000134
19700120-164400FIN197011970010119700120    8619650752.07    4381644013.97      122.36      120.42        0.51     818405062.51  858603856561.79     412289312.51     35809544     36385651JrvIZAzWlMCTHGbTEAUdbBtPiFGrTXDLPtHHrjDyTiEWmrrZ            
19700121-052000FIN197011970010119700121    6192340523.71    1218302546.26        5.12        4.50        0.20     326324303.20   87354312076.54     863800299.83    237852797    270908251rkWTCsQbCPAUfRcKLCwMGTdIqvRSpGXQyDXxU                       
19700121-131713FIN197011970010119700121    6078130901.10    3197783921.20        9.64        8.06        0.53     489957433.78  663087650330.46     619398191.84    331660960    3966153370000000101
19700121-211126FIN197011970010119700121    5677652780.35    3433683755.07       20.89       19.09        0.60     734959941.57  803078449081.25     741377631.88    164352292    1798390480000000144
19700121-223329FIN197011970010119700121    5576662574.84    1781753845.94        8.08        8.03        0.32     827700309.87  544081803848.74    6425565851.70    220617663    2218868900000000149
19700122-132212FIN197011970010119700122    8628085242.55    2052561235.78       25.58       21.88        0.24     365847390.75  497611018838.01    3566578865.46     80239993     938147460000000182
19700123-014428FIN197011970010119700123    6702629101.34    1682618394.19        2.39        2.08        0.25       8757150.50  180031071638.87     793260792.72    702939371    807287131dTinRyMoODtLpbesN                                           
19700123-141702FIN197011970010119700123    7590274256.29    4221975832.63        6.19        5.37        0.56      60901807.99  883242971131.92    7463864037.26    681593645    785586068RSWvpXShAohbCnBYubXQUbMLtPavDHUQn                           
19700124-020952FIN197011970010119700124    7524204022.74    3980636833.12        6.31        6.18        0.53      18313764.70  413738513414.70    6701447247.71    631181328    643823212ONhcAQwlnmqCCWDoczkXiLhbZXsEJrEEXDUBOGQFbkIMJyvn            
19700124-192317FIN197011970010119700124    7096635740.05    3467366216.61       11.93       10.56        0.49     868024559.71  431725963327.92    7635835820.70    290545707    3284408250000000074
19700125-124403FIN197011970010119700125    7823788514.94    5341440137.84       33.12       31.52        0.68     853882959.35  133284408204.85    2017299298.42    161263700    169482230hLVgKYfIAzFOLUtDEVziLsKZDBUvAfdYDovfLNhVCUwSfIDPgAjrqNO     
19700125-212645FIN197011970010119700125    8698474835.98    5080307786.82        7.02        6.01        0.58     173763409.68  594013711223.32    3647851163.32    723720581    845630413sEdXWlAyBGoFClpXvyNNafsKbfeEnSrT                            
19700126-052244FIN197011970010119700126    7910159302.47    4267507154.35        5.32        4.59        0.54     644080406.22  434393822917.74    5852700433.67    802897586    9306518540000000051
19700126-203453FIN197011970010119700126     510156229.55      44108724.61        0.19        0.17        0.09      64573568.72   21965399533.74    6589620305.03    232934833    266746858sFUPMbMzZhWukEqBOFVslISMGF                                  
19700127-133946FIN197011970010119700127    9608511703.05    3454905043.56        5.68        5.58        0.36     444216600.20   13611851256.34    3731391031.16    608635582    618814728NiBcGbDvQsFXSbRxOUPzUvEKLCXRVlDFrhOUHduBWHC                 
19700127-204640FIN197011970010119700127    8136356739.97     269395005.31        0.34        0.31        0.03      77864339.65  185651281768.57    3829042202.31    800532698    876164056DhEFIsYSMqHQmxAANGFHPWdKF                                   
19700128-045056FIN197011970010119700128    8077282040.47    1504506335.36        4.36        3.74        0.19     731209035.10  773265553952.84    3456596514.82    345315195    402294050nFkXCFIQQcAPOHRuYtieKkGSZpAdCmvxWPuheWUSLiFkN               
19700129-012639FIN197011970010119700129    7242263622.37     998797843.04        3.45        3.22        0.14      65314361.33  884443498313.03    2775825416.17    289128004    3104865610000000007
19700129-014319FIN197011970010119700129    4494131803.16    1232546569.66        1.97        1.70        0.27     796551040.72  836965605050.71    7655993914.67    625335524    7236546230000000099
19700129-135510FIN197011970010119700129    5419742405.65    1343446097.45       15.02       13.79        0.25     275048363.15  697534775542.64    4112042964.19     89433161     97445742yRPdOOYwDRIgGtBTaFzyuaZQ                                    
19700129-142629FIN197011970010119700129    6699266314.31    3828940798.80        7.92        7.19        0.57     370809943.08  345655907954.15      21722010.43    483405021    532167279eBZLwzfHUBLxsWSFpQmudmDjRXm                                 
19700129-225304FIN197011970010119700129    5570221912.20    3803669632.53        9.86        9.58        0.68     881141454.32  331377384721.24    8904769198.84    385731319    397053459YtvHEQBjudJlIIctWcFxmnzyLLXwZIjQbTYYSJjShQPPW               
19700129-235028FIN197011970010119700129    9527101163.10     630484205.07        0.91        0.89        0.07     892785203.21  162361811294.40    4540128053.91    694632149    7053485620000000160
19700130-134059FIN197011970010119700130    1187368748.44     150763289.17        0.17        0.14        0.13     964869726.76  894465716698.72    4353045932.38    913140484   1063739663WqeiYOFGTjVEbfOBYccBfxuAwwzR                                
19700130-180738FIN197011970010119700130    9646816083.01     555446540.05        1.65        1.54        0.06     214255894.34  455612457287.30    8682233815.64    336877832    361093393zScyndwxOcLUXIwtrdKPFPDeQiYudN                              
19700131-061447FIN197011970010119700131     739809639.58     270383515.03        1.17        1.00        0.37      76096261.97  521836225788.09    4790708406.59    231679741    270891536gIOONPxnQUwBdFNEMLBUXdUbFPDWDVOVnWIIMRpOMbaMGipmCAICpjncsHs 
19700131-210831FIN197011970010119700131    1135126284.02      80739726.38        0.10        0.09        0.07     592623030.44   99741105268.25    8278649097.89    774481353    883535795FQCxtQRoMnVlnjwEERVRrjOJDAIyWTEKGCbBNsvTNBMQXXA             
19700201-165652FIN197011970010119700201    9337513984.07    3854186678.17       14.76       14.36        0.41     112574238.13  901816497055.36    9144637768.24    261045356    268354336QNZUltgBGCXGYshw                                            
19700201-172218FIN197011970010119700201    7851090599.23    5053899938.95       12.99       11.49        0.64     988099886.03  480592079147.03    1340983338.92    389178978    440033523HEGOhdnxjYISpGXhRRUQahEU                                    
19700202-004309FIN197011970010119700202    9989473152.38    5258804617.32       52.49       45.49        0.53     803289949.34  689572194678.52    5604040802.71    100177640    1156035720000000171
19700202-052524FIN197011970010119700202    3903704780.62     264996222.80        0.98        0.89        0.07     418636595.42  133071886969.24    5698602348.55    269869028    2988306590000000121
19700203-015538FIN197011970010119700203    2218314284.91    1488959494.42        1.93        1.66        0.67     442243766.54  400120334257.98    4860405421.40    772669734    8968091590000000091
19700203-121107FIN197011970010119700203    1542781884.09     190291669.74        0.51        0.50        0.12     964222821.86  570383076946.80      45821438.39    372395887    380500639EVnyFUGFEJmFNaFNVU                                          
19700204-073453FIN197011970010119700204    9902545314.78    5821616082.87       14.68       14.61        0.59     282905080.67  630621389259.25     305615488.15    396557961    3983836900000000038
19700204-153839FIN197011970010119700204    4665090252.36     722263251.13        2.29        2.03        0.15     769818936.49  874145792904.73    8673898364.75    315756996    356312178QTlJJPTwTIKGjWucWLFdQIFqUFDViLqZHmopzBSaxPctxonmQDYpdPzwRDD 
19700205-121517FIN197011970010119700205    2294696967.22     539394182.91        0.59        0.56        0.24      76226286.64  563976409568.71    7608650236.29    920194508    960516683TxTPsLmGwimWWXASxFWhHELRSjbULIsdFngWTKprXoTR                
19700206-083953FIN197011970010119700206    3992023596.43    1877414565.29        9.93        9.67        0.47     646199485.50  844029812296.16    1575979572.42    189012934    1942035300000000040
19700206-144302FIN197011970010119700206     458743535.17      89381644.77        0.70        0.60        0.19     202010312.27  597026583399.66     680214780.02    127842095    147819187qzuJbEnLbLOlOtyvsWNfYJGAxriKRxn                             
19700206-154842FIN197011970010119700206    4336140509.45    1929262961.55       14.71       13.56        0.44     133685202.25  812452886610.94    8427050167.53    131122134    142238908NexjEKvgkViOeaMXWULcs                                       
19700206-235118FIN197011970010119700206     181739384.58     121295754.49        0.12        0.11        0.67     412825242.03  801778092836.83    6797031073.89    992973603   1060851319hLJBQUzrFVOXJcPWoMTCtDJWVHTNVVRwBxaKF                       
19700207-153213FIN197011970010119700207    6766961029.76    3606620593.83      232.06      221.68        0.53     929494544.72  216252043517.14    4620744551.09     15542028     162695740000000002
19700207-215347FIN197011970010119700207    5339682132.54    2665796456.68        4.46        3.90        0.50     472999323.39  647205523371.52    4910873533.59    597213204    6840832880000000096
19700208-111515FIN197011970010119700208     334507614.09       9335152.10        0.20        0.17        0.03     307921284.31  953018732032.29    2494347359.76     47376580     55913255CKqQGzXcNXMPWzzEAqHxSpCdCwJEirgSInSJOMkfzMBleWwhgbxmoVEVYU  
19700209-051418FIN197011970010119700209    4160100331.66    2283192672.97        4.25        3.62        0.55     193522153.75  709771237216.90    8014760181.88    536667059    631194801UOiPPAqTHALSquMEWyPKUQDUMJVXvMfKqTZ                         
19700210-015109FIN197011970010119700210    7151872844.80    4161522166.70       18.61       15.65        0.58     373721266.13  737431733051.40    7746033760.15    223559849    2659319820000000026
19700210-165945FIN197011970010119700210    4075340790.41    1269376862.55        1.32        1.28        0.31     762474332.25  167050001882.47    9688467573.60    961460681    9941177560000000141
19700211-113318FIN197011970010119700211    8162323293.00    2704430711.06        4.34        4.05        0.33     624903927.51  183692943572.21    4239731483.02    623704987    6676447140000000063
19700211-155754FIN197011970010119700211    1256881707.29     810689476.65        1.10        1.08        0.65     613316058.03  587962227697.73    6364416638.69    738721949    7484611070000000128
19700211-212350FIN197011970010119700211    9814545378.51     791083677.73        1.04        0.96        0.08     452688729.48  894645201921.74    5056160342.04    760052954    8251481690000000067
19700212-131014FIN197011970010119700212    3535400804.08     561397599.28        0.60        0.54        0.16     318366781.17   14962872022.75    3842837480.20    929931188   10415988600000000156
19700212-214330FIN197011970010119700212    2553555742.96     222652340.03        0.40        0.37        0.09      55427143.35  519385894361.94    1405282912.79    560860286    593895234KRtMROFTkhVPydRKxEDtVV                                      
19700213-184247FIN197011970010119700213    8092446097.65    2248879779.96        2.40        2.39        0.28     275761117.36  635009849608.58    8373799439.68    935737833    940560887KoviRxUIRFITXCLew                                           
19700214-112006FIN197011970010119700214    1900312302.19     912617053.42        1.93        1.81        0.48     490221811.57  759858859526.59    8796435249.65    472126539    5051975970000000077
19700214-204052FIN197011970010119700214    9812616105.92    6536496111.33        8.16        7.34        0.67     192467164.37  556839574346.71    1712247802.65    800881744    890272640SPxWWxntruWsXkUhrLeUTFIRwNluEpnOeOAYsCBLnc                  
19700215-103407FIN197011970010119700215    9170997833.15    1573942830.06        3.12        2.75        0.17     230196406.14  487300304554.57    4387014995.06    504371524    573004376dGTSaPOJMHvtCCHelvrPOQXnY                                   
19700215-124411FIN197011970010119700215    9419517773.06    6363159083.13       12.27       10.65        0.68     624710534.37  912932600057.87    6721304101.34    518615514    5974078840000000105
19700215-155742FIN197011970010119700215    9442354103.32    4806127781.16       10.54        9.82        0.51     510012604.48  151231948892.22    9280833413.84    456198314    489444990VZFBRwvFHyQCUMDVoBLLIIBmacVsHPTyOUvhQJtRzByXxTqcURyaA       
19700216-113206FIN197011970010119700216    6134510747.34    3598591800.95        4.06        3.40        0.59     782236133.13  960009861310.75    6534368295.70    887280734   10585444120000000041
19700216-185345FIN197011970010119700216    6764318355.23     359627512.06        0.39        0.33        0.05     270602789.14  501997539921.34    1398157952.75    910597860   1073956448ELRDIvILDRFhUOPlOdBNRoJISmXZkKmyFIXaoT                      
19700216-190930FIN197011970010119700216    7741749873.12    3012136402.51       19.52       19.37        0.39     478773800.01  505115426701.44    4969052117.45    154288469    155486440KCkPotwrqSQFGNsyRmfAqMDPgLswKnMFgi                          
19700217-133058FIN197011970010119700217    1189133747.10     581241252.74        0.89        0.84        0.49     535968348.73   63757371152.85    9738233778.76    654819141    693967726RROTPAhGxBXCsDRWwCaoSoQOjzYvsXPjjDoaqguiSANJtSIiUgcJfFuX    
19700218-041929FIN197011970010119700218    2661226500.71    1451439963.11        2.79        2.38        0.55     878073642.38  279428370130.01    2089036186.45    520465083    6101825310000000012
19700218-062538FIN197011970010119700218    6371150425.25    1045540207.28       23.78       20.62        0.16      29423674.82  152368996581.91    6939494373.39     43968964     50693129WKHSDaFEDSYXOynePKHWBGLeJ                                   
19700218-134711FIN197011970010119700218    8696627572.93    3558645045.21        6.03        5.39        0.41     555003972.21  645516660028.72    6495621376.66    590636696    660446466ZQTjEUONCDrpaHYvA                                           
19700219-024515FIN197011970010119700219    2380806512.23     911944846.26        1.90        1.61        0.38     752340831.70  210700279383.35    3428939813.96    480273115    5649204040000000056
19700219-201019FIN197011970010119700219    5803403319.47    1681937265.05        2.61        2.19        0.29     619749010.24  127034131006.00    4586938599.93    644694071    7669811820000000080
19700220-064451FIN197011970010119700220     860305390.54     379678686.95        0.42        0.36        0.44     704739821.67  200046943479.59    5484635916.42    900575184   1055366499MMYHEsAdHQrXvDXqWNGKyGRnmNQy                                
19700221-033705FIN197011970010119700221     720505581.11     391649929.65        3.27        3.05        0.54      47998733.53   35804355025.80    5284309146.77    119774684    128232557PGaykMWIRXtIvCjWQotAVyIQMBtfCUlqpQvbAcJpMrOZRoSijDVbEagyXN  
19700221-063348FIN197011970010119700221    5972958194.98    3679494309.24        4.59        4.29        0.62      38366262.80   26701781825.64    1636372088.20    800836267    857103514LoSyvUwXvGnKexKhSbbtArGnpUcArarLDzSDOEMMZBwKPwRuADFxSFJ     
19700221-201547FIN197011970010119700221    7018897433.72    2719602063.85        4.11        3.52        0.39     629406977.09  295370995491.78    7347876390.22    662107152    773618341EsHPWeZIUldfxNQnmwk                                         
19700222-093815FIN197011970010119700222    5175245460.05      36437810.78        0.04        0.04        0.01     513473090.62  727413564973.93    1213954053.68    978691890   10317290780000000132
19700223-013410FIN197011970010119700223    8944317249.87    1334190191.15        1.42        1.39        0.15     379505449.30  435884574806.71    9402183920.21    939021835    961289006SLjJLcNoIZTAyGyOAtNtTFMQNEKksLfngTYwlVSjEZSFXAXKeoBI        
19700223-044154FIN197011970010119700223     218437467.65      77796038.12        0.17        0.16        0.36      96643751.10   62017148014.79    6806848505.78    462409846    473189860zZCyFkqieiPsUGvBJwvhXNW                                     
19700223-231236FIN197011970010119700223    4738000395.47    1148676489.34        3.66        3.37        0.24     864627830.50  217147393074.71    1515390817.95    313648543    341292744OFnTuxOMWDUHOSyWOVCiEosNDI                                  
19700224-182138FIN197011970010119700224     240347689.80     166512809.67        0.50        0.47        0.69     158599812.63  452082219573.35    5537929141.24    331301255    3535124170000000036
19700225-045415FIN197011970010119700225     580964191.83     126901348.17        2.03        2.02        0.22     183157829.82  902173648207.04    6972447029.34     62608301     628952290000000039
19700225-174820FIN197011970010119700225    4449072696.66    1556700485.71        1.74        1.50        0.35     657996619.11  971139744217.48    8560590377.43    893073658   10349464980000000181
19700225-211234FIN197011970010119700225    7065748561.46    2436861257.64        3.68        3.15        0.34     676958916.12  225924120690.63    3822446889.10    661312818    7734259540000000168
19700226-124026FIN197011970010119700226     706778041.46     270606802.43        0.95        0.80        0.38     391019766.51  219362645643.50    9432022495.28    283425806    336432275iNHnTftjXfvHrITLJdLaYdULuwCuiDvUOwI                         
19700226-184920FIN197011970010119700226    3204708102.07     999686031.60        1.66        1.44        0.31      29278543.36  132375042217.40    1091527596.24    601413285    6919033350000000136
19700227-082617FIN197011970010119700227    5127757581.04     322551568.13        0.46        0.40        0.06     245226445.32  372617253779.81    6280747609.25    694885269    802757822rBMPHLouqFXXMgNIhGTqVDHGAsCbGzEmOWSDGxBXmbKbrEI             
19700228-042416FIN197011970010119700228    7621526670.43    4583999112.11        6.62        5.94        0.60     473416104.26   42738637942.75    2628675586.42    692571056    7723111080000000176
19700228-074808FIN197011970010119700228    5726503982.93    3346754334.70        5.64        5.03        0.58     519770662.88  785101801699.17    6079502461.20    593580827    665147955XcxyxkqjaesCOVlDpRLKOSaaUSDCxuJjG                           
19700228-100821FIN197011970010119700228    5958084030.20     891702384.07        8.03        7.01        0.15     240572454.30  534392567032.97    2503379046.39    111066801    1271600440000000170
19700301-001920FIN197011970010119700301    9026753540.93     263427773.36        0.37        0.36        0.03     524610944.74  785243465200.01     385202231.41    719828513    724217123zIHLKvPBQrCTBYzpZzUJZwMrKqTpUZPyXUykkId                     
19700301-052049FIN197011970010119700301    2202728324.14     499511926.46        0.52        0.44        0.23     333020345.46  356632729022.21    1941499283.86    953580952   1136457880VRCqMDchijxAuePBgjywAGgqrVRBEFpiTlAyRVbIdJsaEVtlYWHXc       
19700301-222330FIN197011970010119700301    5951844439.90    2978048806.32        4.13        3.74        0.50     390563222.54  244592399070.31    3083636413.08    721054691    7952428100000000113
19700302-163257FIN197011970010119700302    1470705993.16     998906361.41        2.56        2.38        0.68     595720090.27  218348657675.08    8237784617.74    389723746    4193923210000000043
19700302-215203FIN197011970010119700302    1519603185.93     580937377.14        5.82        5.19        0.38     130392211.79  374603146087.71    6425154817.44     99827962    1119966090000000015
19700303-034439FIN197011970010119700303    5360206426.84    2939517475.45        3.43        3.11        0.55     643296983.85  561625845502.16    8359029750.42    857807724    945777432PTNTHCLWsriUMNBFhDQDGtmBPPNiLOSaNy                          
19700303-173644FIN197011970010119700303    1524107402.90      93114122.59        0.30        0.26        0.06     934195739.86  458984905649.67    1007007773.49    310543498    3571915800000000112
19700304-020312FIN197011970010119700304    9427646690.18    3342710543.44        3.72        3.35        0.35     715746335.13  918227926694.37    5977888765.34    898125963    9977271040000000165
19700304-060355FIN197011970010119700304    4425936808.27    1919387395.70        5.30        4.78        0.43     291454105.54  560032286959.35    6557371733.32    361941720    401355882HEvjYRLWLhRJTUgTBETibpNyyFyPDERSmCAIRWwtnGbQOFZqk           
19700304-102402FIN197011970010119700304    9710948710.71    3027608700.51        3.56        2.99        0.31       4973828.21  760334310083.28     718475934.94    850004790   10135971950000000025
19700304-140147FIN197011970010119700304    3169724312.62     491732075.03        1.29        1.14        0.16     783676739.68   66879882505.80    4365345375.43    382258366    430834939bDehSFMUUzvBayHEfHPXduNBnPkf                                
19700304-204217FIN197011970010119700304    9141256887.09    5583128490.50       29.38       27.12        0.61     485294753.66  143886605420.04     435123883.52    190062560    2058923140000000032
19700305-112532FIN197011970010119700305    9871069102.81    4938749563.55      461.19      433.24        0.50     461833800.72  458769826047.23    7906590534.92     10708773     11399530JySpXSUPXXRQAhXZYVXuSJeBKDIpCmynRTiStS                      
19700305-205234FIN197011970010119700305    7708893860.16    1100073204.33       31.26       26.98        0.14     472286241.26  567826469241.56    6273206771.18     35185806     407772580000000084
19700306-072043FIN197011970010119700306    8413476621.20    5765948677.44       14.44       12.36        0.69     314990244.40  688489605629.88    9945801018.04    399208667    466552928jUcWBvgxKjCwRpvXoIjBbXiBA                                   
19700306-191117FIN197011970010119700306    8205269189.91    4218690172.84       10.50        9.32        0.51     980942386.73  801141466629.94    3533421873.29    401844480    4528248890000000019
19700306-194427FIN197011970010119700306    4763311639.94     116170146.56        0.18        0.16        0.02     187767709.39  394808802552.94    5612087813.09    643528569    736015289PAKPEEUQmMEQCIiKNBmUEBtPfusQRkopGWWnKXMrfXJjrgUvxcuTzMgPK   
19700307-070028FIN197011970010119700307    2776018952.12     579940642.19        1.15        0.97        0.21     391942212.34  705920161465.00    1811817550.19    504418747    596829794IYXYDYXzMPNoklZTdipMzRqgCNIOKJHazWaAqvQYkNmrDITClMRGjaTm    
19700307-201606FIN197011970010119700307    5698532951.27    1188238092.07        1.73        1.50        0.21     574160525.10  225736590175.37    9969589243.70    685966045    7906103910000000175
19700307-215432FIN197011970010119700307    7819822811.99     545852156.63        2.71        2.52        0.07     430052867.52  156685680463.78    9340317153.62    201771119    217020830tECVFzaZYGOIcLqmNMn                                         
19700308-133557FIN197011970010119700308    6452353770.44    3996882204.03        4.43        4.27        0.62     699761864.28  688641316098.72    5328958924.63    901955665    936612359LRYKYZXBcxmTSSowQAFUfTJRSoIvPgvimQgPedHDROTgzAImiQMWqxVFPKu 
19700309-103442FIN197011970010119700309    3882401639.67    1385357326.48      101.86       99.20        0.36     998115855.50  253096288334.82    5398157876.23     13600586     13965670WtLJlcZhUpnUJhcOl                                           
19700310-052812FIN197011970010119700310    3174420835.04    1953312466.55        2.66        2.27        0.62     585000585.37  337418828474.52    9166192010.02    735196743    860321692bqxEENiCeuJtRlUKFwhdKteH                                    
19700310-063906FIN197011970010119700310    6020927179.97      78710740.54        0.13        0.12        0.01     598799307.05  124991112081.89     383830702.70    601101157    630884828ILluFBdLbXRPNPnaiojyEqsGqUArncqWACvKTGoQnLdlqc              
19700310-105935FIN197011970010119700310    5044102039.48     854456377.86       57.34       56.09        0.17      41301915.50  792808156113.49    3911820477.28     14902021     152340250000000148
19700310-210211FIN197011970010119700310    2761435917.11     622223125.11        0.91        0.79        0.23     167754956.35  173845798497.05    6022388287.01    687481111    785061485olGIXXQFLdIHXDEuMLdDVNJbXfMiSChBOXXHPRgqQfvPMFOMefo         
19700311-013643FIN197011970010119700311    7169019276.43    1066233874.59        1.77        1.56        0.15     922648189.75  527046749531.92     670831920.11    603269729    684110224jnhGOQaSGPLzBRc                                             
19700311-224755FIN197011970010119700311    8760948469.43    4672516474.44        5.95        5.90        0.53     767746797.74  834940539038.50     718322998.93    784850848    7916110100000000097
19700312-153759FIN197011970010119700312    3321584433.06    1715991179.04        5.06        4.68        0.52     915379755.14   52086216220.01    8248274918.32    339060928    366748389iAJNmDakgxlQcGOiloFqkXDmRxJezUSKSBPCvqFfSbAlV               
19700313-062756FIN197011970010119700313     173447373.46      43584298.17        0.54        0.52        0.25     911409737.24   25204523412.93    2170595614.09     80223472     834785690000000030
19700313-093555FIN197011970010119700313    5464332804.75    3252101163.47        3.78        3.64        0.60     911729959.96  899749791622.15    3665578138.90    860291132    8945931490000000178
19700313-123934FIN197011970010119700313    5759417080.60     422324970.21        0.43        0.41        0.07     888356147.19   22243594818.09    4522441431.84    976407075   10398775410000000044
19700314-051019FIN197011970010119700314    9006870761.80    1900026563.53        7.77        7.15        0.21      25886904.97   34247436095.33    5842865528.36    244560732    2658878850000000064
19700314-120353FIN197011970010119700314    9763976436.71    5999673130.10       31.74       29.82        0.61     667989219.45  558258196045.49    1308496354.71    189021524    2011747460000000138
19700315-024622FIN197011970010119700315    2995240208.71     950579770.73        6.07        5.70        0.32     925462097.43  121468177526.49    8092347483.15    156661972    1668723690000000161
19700315-171740FIN197011970010119700315    1120070190.65     342170505.14        0.38        0.37        0.31     169726728.01   50962614671.51    2849833820.79    911248528    9144298740000000006
19700316-063712FIN197011970010119700316    5432683355.87    1293625271.30        2.74        2.34        0.24     402549680.92   71555739248.86    4126918997.41    472117692    5525526110000000035
19700316-205820FIN197011970010119700316    7758305522.80    4006707578.63        4.84        4.28        0.52     171610484.05  536336766588.83    8178582772.33    827264204    9359173740000000071
19700316-231844FIN197011970010119700316    5025788232.53    1843322127.42        3.84        3.61        0.37     704001158.65  891763020444.11    9465884478.91    479462526    510059058BzijSDvPCIJvDDDXrPdu                                        
19700317-133133FIN197011970010119700317    7327873462.17    3029843657.72       18.81       17.72        0.41     271687079.72  481173212834.55    1472034946.61    161102636    1709496340000000033
19700318-065801FIN197011970010119700318    1780301361.27     518829578.02        0.82        0.81        0.29      90676641.37  402524230509.87    8433980179.81    629383509    638478090AYrIhMoBIgUBkRdxKABPjIIShjxFyaWTAsK                         
19700318-104533FIN197011970010119700318    4957757659.44    2974790788.21       14.02       12.48        0.60     701983414.90  264399761583.78    6661547343.25    212164638    2383693030000000117
19700319-003546SECAAAAAAAAAAAAANVCOMMONACTVGTlmHNCuFPdxwAEHRBgumYwVUFMEFiXlAE SR puOnfArxKswvbsmo                NYSE  228251909    1864060818630301        1.01wiFRVPFqQNGELjgHzDAyVoYLlCEZUsKnSGD                         
19700319-113344SECAAAAAAAAAAAAANYCOMMONACTVHFGFfNacaGYJNER                                                       NASDAQ820734280    1880022518600701        1.830000000095
19700319-151650SECAAAAAAAAAAAAAOBCOMMONACTVvFqPLXInFwmQjkHqTpxVFwKalypUlpGXODZDkbZTTBUAmzeTAbUfO                 PCX   389645038    1930111519340213        1.05KsLBXnElVKdTMXGCGoOrJDQaBpHiZwbprNnHXjI                     
19700320-035533SECAAAAAAAAAAAAADKPREF_AACTVseoPprTPekZGTbKgbbOaCBQYbbFvgLemQvTKHDBTrhSIjPaUddVHTLenONUaAy        PCX   929629101    1914080719550429        2.090000000021
19700320-092503SECAAAAAAAAAAAAANOCOMMONACTVtLmYHeAmfRgzvUeQVImHkKgPgZUhtfwaGyTr                                  PCX   49106771     1850071618931126        1.68WKHSDaFEDSYXOynePKHWBGLeJ                                   
19700321-060204CMPQZoKTiXLKvPjulUWXMCUtVfATzbC                                0000000192ACTVMCBBB+1859103015591 Camp Bowie Way                                                                                                                                            92515       Moncton                  MI                  United States of AmericaTorris                                        JRNNVjjGNNMlAELNnhHIpnlxXbrouFKJzyTolFdMUCDnPzOvUZeviFXXZISNhzRcnZjEIfqCodymfdiDHTzQsBUfIRDIOCBRrQz KCvUMrdLOxjCTUX oNjOHNBbUPnVVLDH                  
19700321-075149CMPVJecwNGRKWWFBmyGzHnLJQDTAFYJSdZYFIIDBdQdB                   0000000187ACTVFPA-  1871033020929 Lee East                                                                                                                                                  36109       Biloxi                   CA                  United States of AmericaKalmbach                                      qaHOTTT oOTtxBqmBybPpdmmOwBpVgwjgBmCIeVVmMG                                                                                                           
19700322-044307CMPAPFGGKwGWpknVSryuSjfSQJ                                     0000000194ACTVAMCCC 185209219863 Boll Boulevard                                                                                                                                             85006       Gary                     LA                  United States of AmericaMarin                                         BlIEYbFzfxsnFpTHwvMDNJsmNPPVfTSlXRLFptsIqnmEzxGnNeDHeZkO                                                                                              
19700322-062203SECAAAAAAAAAAAAANRCOMMONACTVJgNSQhsFpTEdkRTovmAGsnQVOyQyNcEQXIKNOvkg                              NYSE  981084121    1881071319521024        2.69zSzyZVwpMSypTaf                                             
19700322-191401SECAAAAAAAAAAAAANUPREF_BACTVfJXflyPGwnaQAfCPqvjRpJxjvyOfOM IsgGgaKOTVrampEymMTQoGABSKmvozAHRGUrrQ NASDAQ440347911    1894040518590402        2.480000000045
19700323-084358CMPJSKnyzjayIuyPFBDYKGYmQJJJALMQVJRXBsXrxUvvRsgSBaOEnDcQEgzHT  0000000189ACTVSMk   1934071912235 Jay Street                                                                                                                                                70806       Garden Grove             Alberta             United States of AmericaNusser                                        GxlvdU DLZjfgGMWfiJggKjXOJvNVACwIOCWuSmVrJJRSXJLuQFfNLnItftSJOrkOrwXWvRWvKFjKlzKbKFNqC EFioIKAUEaDKUjtIfjjoT ueBnWEYYh                                
19700323-133520CMPJySpXSUPXXRQAhXZYVXuSJeBKDIpCmynRTiStS                      0000000108ACTVFWBBB+193501091427 Addax Lane                                                                                                                                                 27610       Knoxville                MN                  United States of AmericaCyphers                                       UmUUFfrCATdfRNwNQDyonZOvRUvtdPLDAHqzKtAsXVQKrPzUrSTYXJCYPNulemtuKbJTnIpOKnMEuGwYBuGSZcQpfIxNSneIwIjNgQihxxZGbkGGwLvGCMdKMqXWwBMNyqL                   
19700323-231058SECAAAAAAAAAAAAANXCOMMONACTVpyzMUAYFXIjUJyaJA                                                     PCX   312130070    1939051218760511        0.350000000009
19700324-200644SECAAAAAAAAAAAAAOAPREF_BACTViAeuxVOJFpjIzBEDM                                                     AMEX  958782116    1884050119600410        0.34GKXARCFbFebKiAlLUJXKJgRjmqXdAQcnJFJAKTzRouxMxMVkXQMjtVZu    
19700325-073015CMPxItpdiEnJJAMNVucbcMCrZOxGKVLQtYwdGnBtSGBDqMTsWQhoJxXwANLFnQo0000000191ACTVSCBB+ 1888011524697 Florence West                                                                                                                                             21282       Dawson City              New Brunswick       United States of AmericaCillis                                        flMiSAMzQomHmlveIyVwOcEKDeyQghQOqeMrtCHJMvtmGlvdDVUglenIPSVEBPupGAffKL KdOLgmUKE                                                                      
19700325-123118CMPNtOdvFBFUhCVdhuIepZmNOBReS                                  0000000186ACTVPPAA  1926083121245 Weller Way                                                                                                                                                92145       Jacksonville             MS                  United States of AmericaLaconte                                       DMDtJxdnGJmtdwfVINfbYRUoHPNaSkXbFSqnzeUfsuLCMdlLPBQWtl ibbXsARJF                                                                                      
19700325-124719SECAAAAAAAAAAAAAODPREF_BACTVzCeNARjPHKuhTGPPZXgeubRDEVtLHwQUAh MhBVuLplvrlexuCVUFIXQtOPJRJji      PCX   608371610    1871081119680612        0.89rBMPHLouqFXXMgNIhGTqVDHGAsCbGzEmOWSDGxBXmbKbrEI             
19700326-061450CMPyURWxInlVahogpZHAunTIhWpDHUoQwnugkGiHKWVDOnuTAuSApjDJaf     0000000193ACTVSPAAA 195305053556 Kerry Avenue                                                               Apt. 76                                                                         93805       Bridgeport               PA                  United States of AmericaVilliard                                      mTTOPFOEmtqjWuBHXUUiSYQBznLwzTBEHEHLvuEFOTkqkqTDgpboEgFp fVIWJVKWCEcEUUeHBV                                                                           
19700326-175436SECAAAAAAAAAAAAANNCOMMONACTVSCIXVBSZBLFVHu ysGMpaiVoGsaFCptzJEPAbWIgxPfGpiFUGBgDqIygcOIlemBmaYd   PCX   971480014    1953030118640708        1.880000000005
19700327-100324SECAAAAAAAAAAAAANQCOMMONACTVAtzaELYHFbLhzeVIBbRRBhEJDuuOagNMKXFCqDBafLOteteRDTIQjP                NASDAQ405679769    1932052319340124        2.39AYrIhMoBIgUBkRdxKABPjIIShjxFyaWTAsK                         
19700327-215522SECAAAAAAAAAAAAANTCOMMONACTVsdEySWWwwRUfarBJc NLNHywRG                                            NYSE  533335690    1939052318520618        1.64FCOCNTOPibcmwDBHblaHXU                                      
19700328-133701SECAAAAAAAAAAAAANWCOMMONACTVFoTVitzKQVXNNXUtq P                                                   NASDAQ129333915    1886020119650621        1.470000000127
19700329-002418CMPrflAKFDXHCAcNmwLNJTMIvxdoAJIIC                              0000000188ACTVCVCCC+1863090720094 Manning Rue                                                                                                                                               10088       West Covina              Ontario             United States of AmericaTruelove                                      IkvPTkBeBEOwnZIGEOCzUiSpBhHVQRdLhwzkqchANaTTZPzObttbUTDucyZvMRZVOxstWusstEwmPBg                                                                       
19700329-113659SECAAAAAAAAAAAAANZCOMMONACTVCaJeEoEESGSUOevAnTSgTSBXMdkDjqnNmSzZVaZYPEdfBUWz oTEqtmlrKx           NASDAQ933882696    1920022318820409        2.53CKqQGzXcNXMPWzzEAqHxSpCdCwJEirgSInSJOMkfzMBleWwhgbxmoVEVYU  
19700329-151653CMPKmmVMAnFFPQmIEPRJFeYqLOdwxWQuDObsQcTKGNrrp                  0000000195ACTVFPBB  189609165756 Hill Crescent                                                                                                                                              93741       Fort Lauderdale          MT                  United States of AmericaBurtt                                         KTBDJkLCrjaXSDWBNLClgANUlvIEbcdXOGHdclLmiNCfEVQGbhTxaFSqJnsTLQjOCPlHuXFOcoRMWjuckkMMJjsdqQGlBLIqXZvdOIZUUJlnrLOXZYRGbqqAZlNHdHPZaXLCmUCKZZVckJcRdD Lw 
19700329-155046SECAAAAAAAAAAAAAOCPREF_AACTVVliAJlAYynILKukbIrixeaEGLHEM                                          NYSE  569504703    1909072119130413        2.26RIoafLXyzvuVdAypgRHDbVyCNFqJLTgbS                           
19700329-172830CMPLvBNKChTxNjVTKBVEpzZQwVGKgiVlzHlFUjQRZfm                    0000000190ACTVCCe   1914100123822 Marvin Crescent                                                                                                                                           23502       Long Beach               MD                  United States of AmericaTanious                                       OtROqfFmRNSX                                                                                                                                          
19700330-132933SECAAAAAAAAAAAAAAVCOMMONINACjLQDiV gYkI                                                           AMEX  136995638    1918031718631104        0.930000000006
19700331-014423SECAAAAAAAAAAAAANPCOMMONACTVvbxFGfjvKEFCOhVOQXbMEoSCElLHAOKOmsxEeRGE                              PCX   790151571    1923110519200207        1.040000000102
19700331-172729SECAAAAAAAAAAAAANSPREF_AACTVUxhwKmIkGBYLMQXX ASMzVjgIIqBnA                                        PCX   320214089    1897072419451001        1.02ONhcAQwlnmqCCWDoczkXiLhbZXsEJrEEXDUBOGQFbkIMJyvn            
19700331-235958CMPPGaykMWIRXtIvCjWQotAVyIQMBtfCUlqpQvbAcJpMrOZRoSijDVbEagyXN  0000000109INACDRBB  1883102318043 Watts Street                                                                                                                                              H2F 1Y8     Pittsburgh               WA                  United States of AmericaBreske                                        NIBhhKEDOteAVoHKccjOrGdptViOy                                                                                                                         
