19690101-174950FIN196911969010119690101    3354825195.48      98554338.99        0.17        0.15        0.03     261123223.73   86714830383.41    6189308515.79    571741906    663217522FQCxtQRoMnVlnjwEERVRrjOJDAIyWTEKGCbBNsvTNBMQXXA             
19690102-101525FIN196911969010119690102    3393386130.47    1816515349.21        3.92        3.35        0.54     253781778.75  394089277974.40    9401459791.41    463051808    541689973rBMPHLouqFXXMgNIhGTqVDHGAsCbGzEmOWSDGxBXmbKbrEI             
19690103-010645FIN196911969010119690103    4802059487.05    2556450162.67        5.10        4.43        0.53     646721885.21  457881865032.64    3559940193.04    501199323    577445956gDqcCBxupXLOeBnjyoDuJKKpXXazMTBejzLaoxVkzpfVHbeQYNnEL       
19690103-190505FIN196911969010119690103    6756942885.99    2141763547.81        4.01        3.67        0.32     573157655.32   74257152123.55    9328254407.50    534283279    5831740060000000091
19690103-222758FIN196911969010119690103    9619564759.40    2995795107.86       47.34       40.42        0.31     556787261.15  566287401037.85    1717741595.25     63277412     741152030000000052
19690104-164726FIN196911969010119690104    8865852215.71     535235476.87        1.57        1.32        0.06     609997567.73  530631540577.07    1364604647.38    341867127    4068300070000000020
19690104-194137FIN196911969010119690104    1523121934.28     123827145.20        0.18        0.15        0.08     617098483.00  436275705355.99    1344684150.68    678631550    8079301300000000128
19690105-145449FIN196911969010119690105    6524621757.20    1324742892.28        6.15        5.99        0.20     875646283.52  177737568634.41    1850975630.38    215572387    221097207KCkPotwrqSQFGNsyRmfAqMDPgLswKnMFgi                          
19690105-172752FIN196911969010119690105    9132027214.51    4062271180.07        8.70        8.43        0.44      78090001.08  854442177807.70    8552349484.12    466717899    4821479670000000030
19690105-183027FIN196911969010119690105    9407979494.12    1283924739.42        5.78        5.01        0.14     357566280.78  895878617405.99    5418889050.41    221959953    2564231450000000016
19690106-150712FIN196911969010119690106    1948679274.14     742510373.72        6.27        6.05        0.38     786094351.57  641931971451.81     605540197.52    118331800    1227067790000000039
19690106-153034FIN196911969010119690106    1562217410.82     298984460.54        4.98        4.21        0.19     929882353.32  890614444182.32    2460369728.03     60009463     710644690000000082
19690107-042524FIN196911969010119690107    6664471149.57    1403979305.76        2.54        2.14        0.21     253713029.85  637724327330.64     697389745.96    552119363    654729008kdkMSIAUXjfEwPBQSgTKSIKmszCtWWXwKGVRUzPODH                  
19690107-212843FIN196911969010119690107    7061632657.46    3935412825.54        6.04        5.49        0.56     778026036.76  439069621660.25    5263058337.98    651238515    7163110660000000018
19690108-105751FIN196911969010119690108    4237551044.39    1379977935.32        1.74        1.66        0.33     445250431.16  578943128895.51    8249090602.37    792802215    8295572390000000031
19690109-024605FIN196911969010119690109    2572174687.30     897713945.89        1.68        1.66        0.35     984791172.62  767011842098.75    3046974254.41    535406294    540646466TzOOKJSXlzetRDAZNOaBGRiAoYkrPjDLzvR                         
19690109-114400FIN196911969010119690109    4659039638.51     988371373.10        1.85        1.58        0.21      22798481.12  246452373985.40    3514686331.55    534135164    626575089gIOONPxnQUwBdFNEMLBUXdUbFPDWDVOVnWIIMRpOMbaMGipmCAICpjncsHs 
19690110-053155FIN196911969010119690110    6377804539.66    2479821373.95       10.90        9.41        0.39     354948625.61  865684005591.55    4847580032.29    227409405    2635511900000000127
19690111-012358FIN196911969010119690111    8263169232.50    2604841902.83        5.73        5.07        0.32     923341801.51  202043731941.78    4019712718.88    454461168    513789220LViVEKgsrKwCVrgOwkPeRFPWWpkHCZiTNGXGkVsAVwjm                
19690111-114532FIN196911969010119690111    6160956067.64    1956624631.81        2.17        1.94        0.32     505608313.31  728181370796.27    6777964643.40    900184063   1006575484PGDBgEZqRneMoLzzQWIWKPqUm                                   
19690112-001811FIN196911969010119690112    8769469615.21     630665315.66        2.16        1.96        0.07     112000472.40  344861773450.33    2783458495.48    292552900    321719513AChNrBRFTkjZjDXSGVlG                                        
19690112-231119FIN196911969010119690112    1357091388.47     523804506.26        1.62        1.43        0.39     963396729.99  627685929534.27    9342120436.82    323785004    3651583210000000023
19690113-225326FIN196911969010119690113    7110641111.67    1758097700.06       14.74       14.58        0.25     617575057.90  392825355927.63    1461521424.30    119253484    1205535860000000114
19690114-060256FIN196911969010119690114    2435355798.38    1434972554.03        1.52        1.42        0.59     396434217.91  964744736327.99     323757555.47    945834087   10075036220000000073
19690114-224757FIN196911969010119690114    1694837457.99     457310024.80        1.44        1.41        0.27     476031880.70  635510142559.50    4691160684.80    316761903    325350452jRhDJJDxLPxUEMMpdhzdZNqRVTuzMCrlMcwMsdHNvIEBwDfErPG         
19690115-151657FIN196911969010119690115    8920822916.60    1779743715.20        2.05        2.04        0.20     691644850.16  129083789660.68    1394299596.74    869501104    871474904OHzaLyFKQkeISJnxSTeShaOv                                    
19690116-135124FIN196911969010119690116    9343388652.25    3804256501.61        7.79        6.89        0.41     668373924.65  421595737823.28    6344595419.62    488263235    5519253720000000078
19690116-202015FIN196911969010119690116    9687912285.21    6641713148.43        6.91        5.86        0.69     517573417.25  653133234529.82    1952454825.77    960777787   11331293200000000141
19690117-150330FIN196911969010119690117    9161030409.61    1670936729.81        3.30        3.29        0.18     984979737.02  987423774805.66    2055199978.69    505747306    507362501RICOfhFDpPHwKRHsmPHYTpTzGDeJMQruPEEdPICrMiweHGwOFQYNoQXZWIjN
19690118-024653FIN196911969010119690118    2939352107.20    1496886717.59        2.71        2.70        0.51     417456974.51  796025195744.68    2729062448.37    552732165    5553570480000000097
19690118-211107FIN196911969010119690118    1267747608.34     277085549.27       10.98        9.42        0.22     571092100.27  568095116017.94    5259952739.02     25233887     29422423yRPdOOYwDRIgGtBTaFzyuaZQ                                    
19690119-082822FIN196911969010119690119      32257542.17       4810595.15        0.01        0.01        0.15     576389948.87  941255237712.28    4479778950.54    718059263    809063540OFnTuxOMWDUHOSyWOVCiEosNDI                                  
19690120-043219FIN196911969010119690120    2704284092.43    1701408461.50        2.80        2.74        0.63      52609711.41  482927519568.38    8170682201.03    607282793    6208982070000000120
19690120-195213FIN196911969010119690120    5997236415.38    1449481875.85        7.84        7.13        0.24     735787561.53  247673971814.83    4734492034.58    184768230    203419832PGaykMWIRXtIvCjWQotAVyIQMBtfCUlqpQvbAcJpMrOZRoSijDVbEagyXN  
19690121-031052FIN196911969010119690121    5292313123.47    1380445997.51        4.41        4.06        0.26     422797604.71  470951727932.83     777724728.67    313110322    3401564390000000057
19690121-180646FIN196911969010119690121    1814533895.33     710591801.00        1.74        1.67        0.39     143449545.97  702467309135.36    1104556137.76    408256057    425896282KJhQqvrlpQBidNaiKSbeNNikTGFNyqfAokZNpWiMnQ                  
19690122-115419FIN196911969010119690122    4706141421.43    2735925888.84        9.70        8.76        0.58     872332166.53  734481938207.83    8542385637.10    282122241    312468002zZCyFkqieiPsUGvBJwvhXNW                                     
19690123-113930FIN196911969010119690123    5712719623.09     107238996.77        0.22        0.20        0.02     832825311.75  626656016856.23    8650177284.25    476879224    548217520VSvMNAtEDeXQNEDooBurhHTZUGXzfeRCZXFKsELbuDdCGvFheOL         
19690123-224849FIN196911969010119690123    2067470154.65     762877042.94        1.24        1.12        0.37     613487320.76   65134753081.09    4788190253.85    616623894    6797454880000000058
19690124-005638FIN196911969010119690124    4710819534.85    2599355502.80        6.08        5.84        0.55      52391605.50  746868103672.32    4925491528.86    427522722    444942115xUJWMEEmEMdIWSDGXW                                          
19690124-065324FIN196911969010119690124     843132851.86     432551234.96        0.55        0.49        0.51     402696722.20  184778770845.81     798553327.66    790919404    882335998PAKPEEUQmMEQCIiKNBmUEBtPfusQRkopGWWnKXMrfXJjrgUvxcuTzMgPK   
19690125-005453FIN196911969010119690125    4881837207.40    3134413959.36        3.73        3.58        0.64     281942607.06  360983024396.82    1845521959.98    840789467    8746301090000000123
19690125-192351FIN196911969010119690125    3216797135.35     360082478.07        4.02        3.54        0.11      52968704.90  102661167753.09    5040277346.01     89660940    1017357850000000054
19690126-164612FIN196911969010119690126    1950800906.42    1303767766.68        2.87        2.42        0.67     968927921.39  329693110401.33    2653784681.84    454374116    538861515WtLJlcZhUpnUJhcOl                                           
19690127-085122FIN196911969010119690127    5212508608.46    2297674468.30        4.17        4.16        0.44     957104905.72  369634715070.47    8676056881.51    550697030    551665990CVRXvUkWOxdMcWRMhABiVpiKwSnFEzHzbbeQ                        
19690128-062826FIN196911969010119690128    9361462664.42    5017304729.25        5.56        5.18        0.54     753595342.11  110497881614.83    9123865353.11    901957406    968944038lSBXSwESnnboFFeSvHxFjlfxrwIZABfGMjiWUbhTmnRHnPFOTMlMAQnZJA  
19690128-203940FIN196911969010119690128    8053289866.65    4979568886.74        8.00        7.43        0.62     663908465.04  676221463239.28    3545235599.74    622826408    6704355290000000133
19690129-023409FIN196911969010119690129    8728228991.34    1155972662.04        8.74        7.52        0.13     450817361.37  168090730801.32    3951742810.13    132239814    1537769380000000024
19690129-162725FIN196911969010119690129     315204335.89      47972780.45        0.10        0.10        0.15     449790005.95  714743553705.60    7245798390.56    476575485    481550391LRYKYZXBcxmTSSowQAFUfTJRSoIvPgvimQgPedHDROTgzAImiQMWqxVFPKu 
19690129-214412FIN196911969010119690129    2104432391.59     296841755.68        0.33        0.28        0.14      48630172.72   47781320844.80    6189045546.84    897609789   1066648673nUSbwozHKnjEMwDGEwifsBDVkWMEUCXcZRAlqaRyXugMDSPCvILEtSe     
19690129-223730FIN196911969010119690129    9002683528.60    4927709764.11       23.57       20.31        0.55     575628595.55  540017336144.05    5690722738.88    209050997    2426491720000000047
19690130-070952FIN196911969010119690130    6520710694.56    4102842065.66        5.20        4.48        0.63     490442679.34  627110988986.28    6909827356.49    789080167    9154170910000000007
19690131-020352FIN196911969010119690131     468797691.72     221483619.51        1.27        1.25        0.47     882447409.56  481551738480.40    6451216747.09    174907041    1775041220000000021
19690131-204053FIN196911969010119690131    2147636763.36     670868371.35        2.54        2.15        0.31     425721309.47  549509838553.79    3376077614.07    263739819    3119115670000000140
19690201-114309FIN196911969010119690201    6637228220.57     556831311.03        1.49        1.31        0.08     594669839.55  937995063721.40    8176227376.67    374202862    4255307190000000080
19690201-140538FIN196911969010119690201    6016220579.44     624616483.54        1.21        1.08        0.10     805830694.24  477959913267.44    7841966276.95    514369830    580284829kCGxWShTICEMykTPjwUmen                                      
19690202-015549FIN196911969010119690202    8206619488.21    3418458329.84       38.02       36.39        0.42     151338491.23  861954091799.01    9596649496.95     89921757     939371990000000022
19690203-012250FIN196911969010119690203     467844337.87     267698740.55        0.34        0.29        0.57     530097290.36  934893336362.61    3487441404.24    782163473    923323404EVUsfGZbFTVUBMUvYJxLFJecNoRUrFGd                            
19690203-183246FIN196911969010119690203    5776800557.08     308301060.41        4.22        3.62        0.05     343261169.48  439934493074.70     296322127.52     73055619     850890190000000008
19690204-173406FIN196911969010119690204    8901375499.05    3286260371.44        7.12        6.79        0.37     932457851.28  826662830173.99    1967862029.30    461711530    484209289vnbESGDLPDBDVwsKNSXPqRYLGXjuxVJrQDsEcEVAYIyXWMFThaGbMIZNd   
19690205-100628FIN196911969010119690205    1520800751.59     762092966.22        0.90        0.90        0.50     590498333.14  752452145090.65    9453423574.49    843596561    8503230470000000026
19690205-214332FIN196911969010119690205    6611725280.64    2864279598.62        9.22        9.22        0.43     574860917.51  834275273145.63    1881402987.07    310544601    3108189690000000090
19690206-032821FIN196911969010119690206    5424023049.36    2435933582.90       25.54       23.07        0.45     897851229.43  131877960197.09    6964828407.04     95372035    105568434aJZDEsbtUZIVIFHQlUkKimBOIJCkSOi                             
19690207-012314FIN196911969010119690207    1663880602.11      40579770.77        0.24        0.20        0.02     440530513.37  552876173500.64    6531229359.38    172044250    206133065UxwoFfdmLfKmuJCZStrMNOScJQzWthcXUUiyvsPHTsRlAJPOiKyvchxt    
19690208-005007FIN196911969010119690208    6604546315.17      39613695.88        0.05        0.05        0.01     963892297.93  968651831203.90    8957795917.98    740656042    7814156210000000115
19690208-122251FIN196911969010119690208     464615155.97      31301805.72        1.39        1.36        0.07      78289924.33  650326278553.14    8533662754.22     22537377     229528890000000045
19690208-180046FIN196911969010119690208    6713814980.81    2051685958.84        2.96        2.78        0.31     376049674.03  201473027780.51    6386672763.39    692250355    7384576880000000084
19690208-221033FIN196911969010119690208    8193114477.71    4898527381.65        8.12        7.23        0.60     246822092.41  491866351744.45    5322026071.49    603399994    6776865750000000006
19690209-041913FIN196911969010119690209    9191749442.46    1706833129.68        2.77        2.48        0.19     199746896.80  106354646724.76    6314094956.40    617017960    687873105hcPDGWJeqNhVOJEHQzDTICfkFUCNaLlcnCkzQvSJALfIzRb             
19690209-232247FIN196911969010119690209    5123365946.66    3264259736.47        7.97        7.87        0.64     795191244.44  189928946666.87    4529247737.64    409682609    414683211hUAyAuPbTqDYKLMtyUtVl                                       
19690210-080821FIN196911969010119690210    5279054112.12     908864179.76        1.17        1.05        0.17     543220573.94  847521709958.68    5572055270.53    773563430    8639729740000000117
19690211-070719FIN196911969010119690211    7588577214.95    1048221710.13        1.51        1.46        0.14     460567478.74  379277945617.03    7005054531.41    695188187    7181378780000000056
19690211-202311FIN196911969010119690211    2733875625.04     924428080.23        5.10        4.97        0.34     675619372.11  129157908543.16    1440954764.18    181437273    1860057150000000126
19690212-190432FIN196911969010119690212    3225140046.09     317552528.71        0.33        0.28        0.10     586086624.92  966383006848.51    5833295233.54    974732036   11290879940000000069
19690213-010758FIN196911969010119690213    2104041004.09     716303275.21        1.27        1.12        0.34     474092620.48  678013026433.97    7683363032.38    563058395    6387416020000000074
19690213-174157FIN196911969010119690213    7559707809.01    4220315261.31        6.76        5.65        0.56     149110029.36  963505251589.84    8586218442.94    624096365    746891485HEvjYRLWLhRJTUgTBETibpNyyFyPDERSmCAIRWwtnGbQOFZqk           
19690214-052349FIN196911969010119690214    6239358258.31    1797054099.85        2.62        2.27        0.29     233257895.41  366077045836.50    3906914320.87    687180104    7923714400000000048
19690215-022147FIN196911969010119690215    8604871461.28    3749352011.32        7.53        6.49        0.44      51344000.56  918899256055.49    9161309269.31    497742425    577672111NiBcGbDvQsFXSbRxOUPzUvEKLCXRVlDFrhOUHduBWHC                 
19690215-144807FIN196911969010119690215    2572748746.03     101936635.17        0.15        0.13        0.04      87803141.71  964350490765.85    6358357729.03    689692994    7624885380000000066
19690215-150641FIN196911969010119690215    5521683022.63    3566736965.33        3.85        3.47        0.65     676344109.43   12561447922.75    7894547018.43    926785603   1029254132puyAoWNGJszRGLMksSbQO                                       
19690215-222008FIN196911969010119690215     634432852.11     178365981.73        4.26        3.91        0.28     259477509.45  563211166853.67    1795015487.40     41829359     45565079KsLBXnElVKdTMXGCGoOrJDQaBpHiZwbprNnHXjI                     
19690216-220714FIN196911969010119690216    4666037695.57    3113937907.25        3.80        3.65        0.67     206831532.40  520793887853.46    7715484655.20    820219025    852959346CKqQGzXcNXMPWzzEAqHxSpCdCwJEirgSInSJOMkfzMBleWwhgbxmoVEVYU  
19690217-150841FIN196911969010119690217    4705426980.15    1968791101.29        4.24        4.18        0.42     674006182.27   34279606155.77    3327786233.43    464690067    471419110JySpXSUPXXRQAhXZYVXuSJeBKDIpCmynRTiStS                      
19690217-205525FIN196911969010119690217    1465075913.33     580492443.51        3.03        2.91        0.40     838510973.92  108529760463.44    3635485808.24    191736793    199554820SAFZEJLLiMLuOrGrCmR                                         
19690218-044806FIN196911969010119690218    9426720807.64    6307769301.41       27.34       23.34        0.67     782720648.92  897505648720.55    3522424235.95    230739797    2702211820000000053
19690219-000635FIN196911969010119690219    1861363352.59     115315916.16        0.15        0.13        0.06     602083004.18  559661218857.83    4027522456.53    781954592    8676948680000000095
19690219-054116FIN196911969010119690219    2545043339.79     987969572.44        2.00        1.89        0.39     228930935.56  555934225181.67    1824370325.69    494554747    5230943760000000096
19690219-112034FIN196911969010119690219    1020989144.44     329945714.80        4.63        4.43        0.32     924051643.17  746461780718.49    7033161275.11     71236093     745004450000000032
19690220-014700FIN196911969010119690220    3773065920.24    2257841682.25        6.51        6.40        0.60     200137390.29   48381322796.95    5395563082.11    346992562    3527161680000000144
19690220-034545FIN196911969010119690220    1747751224.07    1218126462.31        1.57        1.36        0.70     878570165.07  451263952509.14    9916001335.61    778283393    896723415UXKSWgGTVwuzWNnUV                                           
19690220-112505FIN196911969010119690220    5421115766.12    2682946074.41        3.98        3.62        0.49     311593469.02  301187315370.28    5588310161.79    673328624    7406268980000000086
19690221-051231FIN196911969010119690221    2170235923.24    1438162630.10        1.98        1.68        0.66     399003988.64  332033663142.63    8799059942.46    727976626    858373132qNBRLBcNHRMNCOGgoLutSmLjluU                                 
19690222-022144FIN196911969010119690222    3144200171.72    1525306442.34        1.62        1.39        0.49     911545737.27  996457232289.13    7028942958.31    943352717   1093976626WKHSDaFEDSYXOynePKHWBGLeJ                                   
19690222-123308FIN196911969010119690222    2680676372.00     148792745.57        0.16        0.14        0.06     474521079.52  564177018133.70     538816553.86    957184274   10794174010000000064
19690222-171839FIN196911969010119690222    9187463415.94     716631199.88        3.35        2.97        0.08     903425881.09  656966212074.57    1275014560.09    213918450    241588505MCUMedIwKXKWmxZtjKLGmNhZVZwXLheDyjZaNegMuWB                 
19690223-103957FIN196911969010119690223    2462734780.24     714808185.09        1.54        1.43        0.29     437063357.46  757974623575.91    8025155678.83    463794524    498954041RSWvpXShAohbCnBYubXQUbMLtPavDHUQn                           
19690223-164647FIN196911969010119690223     553480234.04     335944898.24        0.69        0.58        0.61       2085777.48  607226906104.93    5870995658.14    485401849    581236201FXFYeNQJTmypAWxzHPOBgNFDcXaQQFB                             
19690224-081149FIN196911969010119690224     505449319.60      25970391.52        0.05        0.05        0.05     172643047.13  577500305658.01     244450072.64    539482135    5414864600000000104
19690225-010306FIN196911969010119690225    3828293442.99    1342844900.26        1.61        1.48        0.35     141501635.66   71593936551.14    3758319892.34    831956821    906593169zIHLKvPBQrCTBYzpZzUJZwMrKqTpUZPyXUykkId                     
19690225-050455FIN196911969010119690225    2061250037.27     888604187.89        2.62        2.25        0.43      16863879.96  722871130578.33    6703584253.47    338749853    3943555660000000089
19690225-074422FIN196911969010119690225    6643178429.11     749542670.58       36.45       36.12        0.11     842134027.61  151602409222.43    9096829184.68     20564478     20751235UfSHWSCITBCAOZQunWBPoRwGIRuCUoPSdEQARTADOJmAyACdfM          
19690226-014303FIN196911969010119690226    8935327013.90    4290555682.89        9.15        8.92        0.48     369642256.88  310617777091.60    7470593929.56    468888915    481060554PTNTHCLWsriUMNBFhDQDGtmBPPNiLOSaNy                          
19690226-193638FIN196911969010119690226    6789948393.23    3410234078.11       27.13       25.69        0.50     858713894.10  652684716953.33    1151968291.63    125711785    132742952JOlePeOMqNiWFtIikbYCtGoucRYkTNggTpiDSTEocDbaMdhzl           
19690227-085551FIN196911969010119690227    4526620840.98    2341633286.41       17.71       14.95        0.52     808315839.51  400506656073.82    2871214659.05    132256579    1566289900000000110
19690228-034317FIN196911969010119690228    3150818330.02    1480198105.18        4.51        4.07        0.47      52702004.25  139371648379.53    7737827682.96    328193090    363433912FCOCNTOPibcmwDBHblaHXU                                      
19690228-184432FIN196911969010119690228    7939000000.12     819072544.48        5.53        5.24        0.10     968192550.83  373481483106.30    9435944273.35    148185505    1563551180000000138
19690301-093336FIN196911969010119690301    9211058424.08       8001985.50        0.04        0.04        0.00     793320669.42  892880592146.62    1209699554.57    196729147    202076863kkhSvCsfgbDUvsiZWtPQwjkYPwKrfTUFMGMCWCBXBcOcTkaLSudO        
19690302-091232FIN196911969010119690302    3024623979.81    2078351187.55        3.48        2.92        0.69     209068899.82  114861674488.48     518985853.53    596379240    710815174KRtMROFTkhVPydRKxEDtVV                                      
19690303-003015FIN196911969010119690303    8776658005.36    5935365089.74        8.93        7.79        0.68     816200132.38  385575175920.24    7363183944.19    664670610    7619958150000000049
19690303-051154FIN196911969010119690303     363058285.15     103184012.84        0.12        0.11        0.28      11724325.07  676825130867.75    8316138632.03    849219841    916124835rkWTCsQbCPAUfRcKLCwMGTdIqvRSpGXQyDXxU                       
19690303-165657FIN196911969010119690303     498618678.96      41800269.67        3.95        3.44        0.08      91879414.29  885306722309.83    2222182624.48     10591563     12166496dBBCsCzeivSxrOWJZkMbNfLitfJSVqvvAy                          
19690304-101103FIN196911969010119690304    7466261180.10    2697174099.85       17.50       15.30        0.36     922824972.43  611066092501.49    2797075259.85    154125887    176242403VXpGhfFbmgISLSMZVQlpBtNxkRhiLKvoTFIEKvFgIOL                 
19690304-224223FIN196911969010119690304    1946021790.26    1055415292.33        6.52        5.65        0.54     833821755.42  581037734757.69    6780280654.21    161992807    186923420dTinRyMoODtLpbesN                                           
19690304-233732FIN196911969010119690304    9143697119.96     552225978.81        1.12        0.98        0.06     743525810.34  228968307796.32    3004907826.06    491043513    562472492RROTPAhGxBXCsDRWwCaoSoQOjzYvsXPjjDoaqguiSANJtSIiUgcJfFuX    
19690305-065416FIN196911969010119690305    1543569578.08     420084852.15        2.38        1.99        0.27     199963615.88  125962074474.93    5118625756.70    176517155    211124724JrvIZAzWlMCTHGbTEAUdbBtPiFGrTXDLPtHHrjDyTiEWmrrZ            
19690305-230956FIN196911969010119690305    8617200917.19     181260194.98        0.25        0.24        0.02      99123999.47  540835012339.18    7862287538.18    723185063    7477680850000000060
19690306-014846FIN196911969010119690306    3024683339.34    2087644894.41        3.64        3.20        0.69     653509075.08   20568152089.56    2373223059.58    573451294    653253543QTlJJPTwTIKGjWucWLFdQIFqUFDViLqZHmopzBSaxPctxonmQDYpdPzwRDD 
19690306-202928FIN196911969010119690306    4603789112.47    2592999852.27        4.85        4.33        0.56     702694609.93  768174355442.16    5508062983.62    534210282    5987170020000000015
19690306-221950FIN196911969010119690306    5865508161.11     685372130.69        0.72        0.63        0.12     311806630.92  558726491095.85    8861030277.51    947251123   10848209600000000118
19690307-083545FIN196911969010119690307    4946481588.50    1757189438.33        3.51        3.34        0.36     966219972.22  251495034816.08    7643791345.97    501030453    526099241XcxyxkqjaesCOVlDpRLKOSaaUSDCxuJjG                           
19690308-034954FIN196911969010119690308     109320587.87      14557464.37        0.23        0.20        0.13     212751342.31  552083585594.74     226214540.80     63299701     743851320000000025
19690308-115550FIN196911969010119690308    2711675743.96    1486066251.13       63.11       56.34        0.55     919670611.58  264232818018.92    9601638250.70     23548489     263767630000000038
19690308-182941FIN196911969010119690308    7944740866.92    4225791738.28        4.61        4.13        0.53     100140613.26  652052167401.29    7113461267.16    915913784   10242518560000000043
19690309-104718FIN196911969010119690309     881915638.42     605285346.38        1.17        1.06        0.69     257852344.72  862258996591.75    7491939489.05    518360607    568449483pmVFtISJNicSLMLBUTybzczhOfHObPpMYpBqjAaxrDHJ                
19690309-141625FIN196911969010119690309    2525410534.08    1198069896.79        1.41        1.23        0.47      60980977.67   25108394965.98    8497340919.25    849750185    977000969zSzyZVwpMSypTaf                                             
19690310-082247FIN196911969010119690310    3034201371.10    1719974500.93        3.85        3.51        0.57     660756449.58   12589911872.00    6009102838.02    446710227    4898068300000000012
19690311-072000FIN196911969010119690311    2118902956.36      90474491.97        0.18        0.16        0.04     553900468.14  327379716586.30    3632445541.93    516346643    5767505150000000044
19690311-145403FIN196911969010119690311    3047661462.41     275076244.45       21.88       19.56        0.09     920280417.46  199644718935.03     121670402.85     12571529     140617150000000087
19690312-112857FIN196911969010119690312    9858936171.82    1371824897.22        1.72        1.67        0.14     923116796.33   62853350625.68    3501134023.32    797685265    821011170YNouztDEEgVJnWzrV                                           
19690312-151948FIN196911969010119690312    1006397711.55     121277476.46        0.14        0.13        0.12     408885757.31  768543468231.39    6279309016.83    841684336    903156524sOinkIiTdaWTBlAuXFDL                                        
19690312-184651FIN196911969010119690312    3240232075.26    1934458387.69        9.20        8.78        0.60     871028224.94  699740957101.29    4084480580.63    210315759    220367028OQrOAucqBZdHWTvrsGTQqDUAJesbyHxtJHEzCHKBOOQPPk              
19690313-122813FIN196911969010119690313    8063222857.56     387103882.59        0.65        0.60        0.05     780621528.87  660699731879.99    8397024371.98    598745004    6472490480000000137
19690314-052742FIN196911969010119690314    1703198372.77     270642859.80        5.37        5.04        0.16     250628819.59  795691492159.53    5908814469.86     50441423     53680825CJDIgUzBAIqWZQVUTlyQjQGEMKgPacOT                            
19690314-092204FIN196911969010119690314    6280642218.34    3486934282.09        7.09        6.16        0.56     622211412.28  947966014650.31    5315854488.47    491575761    565848121OKehKyGaHgbEeBcBDAnFaXwXmCfzDCIig                           
19690314-095258FIN196911969010119690314    2718606722.38     973814727.33        4.75        4.60        0.36     458160638.28  816019922346.60    5992288005.64    204825203    2116800030000000129
19690314-205603FIN196911969010119690314    3606132923.88     355151511.99        0.39        0.38        0.10     250385563.12  464826503452.09    7196503506.75    918328568    9308487510000000085
19690315-004855FIN196911969010119690315    7774518541.85    2253309828.61        2.75        2.63        0.29     411357459.00   61598180641.38    3683971576.07    819279848    855565102YtvHEQBjudJlIIctWcFxmnzyLLXwZIjQbTYYSJjShQPPW               
19690315-063209FIN196911969010119690315    8698232513.47    4111609871.17        8.81        8.01        0.47     764183298.80  248705650338.98    4765840682.95    466536257    5134839490000000124
19690315-204010FIN196911969010119690315    8340126727.61    2914265177.78        3.81        3.67        0.35     193103414.13  386815073047.66    5170193245.65    765516645    7941799910000000113
19690316-002247SECAAAAAAAAAAAAALNCOMMONACTVJchsKsNimdtggQXlANMZikxlyWTDXPvHT                                     NYSE  552064713    1957052719360107        0.59RzFPWFvwZRrSBSctRiMfHfNKAAwdNTjFVMI                         
19690316-193808CMPZQTjEUONCDrpaHYvA                                           0000000152ACTVMFB-          24674 Windchime Court                                                                                                                                           92171       Bellevue                 MD                  United States of AmericaWagenaar                                      RDKUpUNtBsdWOahtOJAugAxJHGxFzNVcdXIxKhIQQNLTKLBdHZoGZjfutYgMNnjnEwhQWPUkjDDaYLaDEDFLAYeJZOXUKIGMBS                                                    
19690317-150326CMPKoviRxUIRFITXCLew                                           0000000153ACTVRPAAA 1947100318182 Woolridge Lower                                                                                                                                           99504       Toledo                   NJ                  United States of AmericaWickey                                        DaWlRgTEDhTipSlPXwwiamDhksLuSRFupcxVCrWjqiNXHCGkQfadzL                                                                                                
19690318-091507SECAAAAAAAAAAAAALKCOMMONACTVjyJJKXHdmTSGoFUjcyeGxVNdhCAunLaLKzyjbNPFOYstfduLqRjAHUmzQREKchwFvfRPH NASDAQ738021945    1963012919640717        2.280000000070
19690319-065445SECAAAAAAAAAAAAALHCOMMONACTVfOkkJgNavhSPwFOREaovINEOiuMLDgyPiaRCRVMmGFSLZVCkAMBGhkkMoLArKhRHPji   NYSE  96211960     1891050918821206        2.990000000098
19690319-133726SECAAAAAAAAAAAAALECOMMONACTVJSmVQZMdzCbElsJwXOlNNPQlUjsURxLlAdwYKRQWXnNgWAcXuYNdXpnFte            NASDAQ238656678    1871041519330910        1.270000000109
19690320-110333CMPeBZLwzfHUBLxsWSFpQmudmDjRXm                                 0000000154ACTVMGBBB 188904261701 Drexel Drive                                                                                                                                               73107       Stockton                 NC                  United States of AmericaMackellar                                     TSWdwTXbJCvyzxxeXFHcil CzSZVbmRLcHEuFLsfIRmZVvftbTbQNFNRStRXASeyTAzlMHLTHvlRAXIhpUcGLbu                                                               
19690320-154152SECAAAAAAAAAAAAALBCOMMONACTVTcZRYAHwoMxhzaYjfaYRnlMnCFJxvRCEBxtSVudCqYhaGFNnDiEfORbLZfBc          NASDAQ6947733      1950052419531117        2.61gIOONPxnQUwBdFNEMLBUXdUbFPDWDVOVnWIIMRpOMbaMGipmCAICpjncsHs 
19690321-150757SECAAAAAAAAAAAAAKYCOMMONACTVtrIZVxSSANDqMx  yDlyJDXMCEitdUUDD                                     AMEX  620129301    1954093018921019        2.98hJTjBraMaWddGWF                                             
19690322-031042SECAAAAAAAAAAAAAIFCOMMONACTVcYGByKDbRCBrBVbOELTzhntGcCYYlLzkFdLQgNUBbLAwDYFS                      AMEX  322950878    1862040818940517        1.57qzuJbEnLbLOlOtyvsWNfYJGAxriKRxn                             
19690322-140933SECAAAAAAAAAAAAALLCOMMONACTVvimApv RqNTOCN                                                        PCX   65587775     1859100719240531        0.07kdkMSIAUXjfEwPBQSgTKSIKmszCtWWXwKGVRUzPODH                  
19690322-221824SECAAAAAAAAAAAAALICOMMONACTVPCjuOEDnRoPGWzVJWBwYI                                                 PCX   172314147    1968020418760717        2.15yRPdOOYwDRIgGtBTaFzyuaZQ                                    
19690323-200409CMPONhcAQwlnmqCCWDoczkXiLhbZXsEJrEEXDUBOGQFbkIMJyvn            0000000155ACTVARBBB 190504027377 Coventry East                                                                                                                                              95109       Montpelier               AK                                          Semidey                                       BL EFOTHrOTuQaQsaMpWNJeJLuIhAzLaKlayksQoHRoDWzEMTcRvGaeAKogXwwUFyWPNVH DJBncTSmbRhhyfeLIBEyqmVKvnHKVdJLIlQZqLNPjkQbL                                  
19690324-000813CMPjnhGOQaSGPLzBRc                                             0000000057ACTVMSD   1927112610253 Oak Grove Avenue                                                          Apt. 478                                                                        44106       Peoria                   Newfoundland        United States of AmericaHarcrow                                       MRRG G IwRAUaYuzXHeDGSiTxTLJmGOfSFIScCPJfG                                                                                                            
19690324-051110SECAAAAAAAAAAAAALFCOMMONACTVOlLSrwmlAgnJJLZpcRkXQl MrUZgnjUek                                     AMEX  324411988    1942031919631012        2.36UxwoFfdmLfKmuJCZStrMNOScJQzWthcXUUiyvsPHTsRlAJPOiKyvchxt    
19690324-224201CMPpuyAoWNGJszRGLMksSbQO                                       0000000139INACSCBB- 189709059647 5th Way                                                                                                                                                    64173       Sydney                   UT                  United States of AmericaNiglio                                        CyLmHPCMiXsAOTSe uAwZWlKUJINEHypmsMEBbFOMuqwSpM kXHMKDPKGORROboEBzlATybblDnlwCRKDDoO gALYuJDFTPFDFGwpROOHBgJirHHIGEHOoJaSQFUbiHYANMIOEK               
19690325-223701CMPxNZnDTSoUVPNSoYdgBUPLqzOHFZzrIJQNLRxXgjb                    0000000146ACTVFWAA+ 1915101211835 Allen Drive                                                                                                                                               80140       Birmingham               AK                                          Chadwick                                      pUmnMJKUihqnAN                                                                                                                                        
19690326-164203SECAAAAAAAAAAAAALCCOMMONACTVodjPwJFNETXxArmxHNJ spliusaKDbIlOGMsYAzBNDIkcpoTV                     NASDAQ202166283    1934072919471105        1.21QFRbFMIOhFIvNDHHKUIHIwUDsyiGpkDUVMQO                        
19690326-224552SECAAAAAAAAAAAAAKZCOMMONACTVNUJvOhHbvvENDiMeQwujAwwGauGyvSgNNOrH Vp                               NASDAQ350698489    1890051519211209        0.08MDjVavoVSMeRlCAiXqmFZzvARFaNTAslRoYCUeWRGOXU                
19690327-082550CMPiNHnTftjXfvHrITLJdLaYdULuwCuiDvUOwI                         0000000147ACTVARAA  190501095317 Drew East                                                                                                                                                  19148       Jacksonville             WI                  United States of AmericaFarone                                        OjHBqOYLsFSGFOELJrMCPUtN                                                                                                                              
19690328-033813SECAAAAAAAAAAAAAAFCOMMONINACScFEiCjIVZPCoRjRomREgzaZdyAPPETyBSOKBNfUa                             NYSE  926518720    1856111618830129        2.690000000048
19690328-121356SECAAAAAAAAAAAAALMCOMMONACTVzSPTQiPnQJHIeSXVLqTQJzqzECwfHSEIUIRTnPpjJ HKMBGvyKSn jUy              NYSE  969073084    1898082418650720        0.150000000084
19690328-215123CMPmBRtpjNBECQCRiWtjEutqI                                      0000000148ACTVGSCCC-187912311971 Belknap East                                                                                                                                               06702       Las Vegas                WY                  United States of AmericaBystrom                                       GEMhWYPKnGyQmVcIVeA                                                                                                                                   
19690329-005557SECAAAAAAAAAAAAALJCOMMONACTVTWad XDawnb hcFHAwaShWheMeLplrBCZpViCwUEGd gFgjqSSBIB                 PCX   970333879    1943092719110731        0.75FQCxtQRoMnVlnjwEERVRrjOJDAIyWTEKGCbBNsvTNBMQXXA             
19690329-053247CMPRhUQRxcjdEgKAzNIHpMnLOkaWYvDQqHM                            0000000149ACTVEIBB+ 195801045090 California Boulevard                                                                                                                                       H5J 1O8     Beaumont                 Saskatchewan        Canada                  Dona                                          xyBLbZEvnFUUuiWcvHMxLwnlRMaNENiezXEwqFKRATDnLcRfSRJzOGJRJCDHUfCDTXBvZKEzQYvBgLbzlLQIcEmD                                                              
19690329-085539CMPbqxEENiCeuJtRlUKFwhdKteH                                    0000000150ACTVSBBBB 1967012524402 Marsh Way                                                                                                                                                 94247       Ann Arbor                AZ                  Canada                  Feldhaus                                      VGrkkCDlKNRnyjx                                                                                                                                       
19690329-163928CMPxJLQVuTFshRimMWvovlkhREDPsbyCEbOPAiHlYQoNpMfOnOS            0000000151ACTVPHD   1865080221532 Carnation Road                                                                                                                                            60627       Shreveport               Newfoundland        United States of AmericaTorris                                        do OzqHdchEbHp HflpKMZULYLhGYaIDTktOJxNVJBUPeLNQjEYTg                                                                                                 
19690330-073618SECAAAAAAAAAAAAALGPREF_AACTVriGNGiBmHTMIzFCFsAUKIGEvAXuggYUrB XqERbuNwsHHSGHJGnXSqZf              PCX   968081984    1872051219250620        0.860000000142
19690330-235927SECAAAAAAAAAAAAALDPREF_AACTVxfHOEdEnNFIxcgNCHdKEUPpsXQCUCGwSdcmMJTyDGHxZY pKgPww                  PCX   911795001    1858111119390612        0.480000000111
19690331-230913SECAAAAAAAAAAAAALACOMMONACTVJG UABrBJcqMohgCKMvAyiWWQPSFGrTzMJHVHdmxncOVkFVaEXbDEBVA              AMEX  793897802    1930111119510619        2.490000000021
19690331-235958SECAAAAAAAAAAAAAKXCOMMONACTVyHNJAVfdLIEcFikwVOWCc RphqXEiJS                                       AMEX  178272155    1936083018710617        2.760000000115
