19710701-024151FIN197131971070119710701    1455596024.14     770971031.96        3.73        3.15        0.53     721086896.09  781575866451.86     693098439.74    206905867    2450687440000000004
19710701-175133FIN197131971070119710701    5487725701.46     368113816.77        1.92        1.91        0.07     492070117.57  696992287693.94    9016676913.75    192064360    193197810BRtMqXSsBDukvVHTiOgEMWtHXrYWlFJqYAkUUXXEpmmWVYnGCknscAOAskMP
19710701-220729FIN197131971070119710701    3907282767.97     931211093.09        1.61        1.38        0.24     103122155.59  752200869206.57    5028236930.27    578957031    673186732HEGOhdnxjYISpGXhRRUQahEU                                    
19710702-065324FIN197131971070119710702    9349570015.12    1709446291.61        6.76        6.52        0.18     604988009.33  150436431950.40     326260127.88    252745904    2620798080000000244
19710702-164001FIN197131971070119710702    9461638793.77    1548524559.29        1.69        1.53        0.16     644411479.97  971423963795.80    9814641647.65    915948198   10092775620000000152
19710703-033454FIN197131971070119710703     728594767.39     243433014.30        1.25        1.12        0.33     355841961.64   24919143531.53    6308188080.67    194948785    216570383mBRtpjNBECQCRiWtjEutqI                                      
19710703-071531FIN197131971070119710703     149777937.03      39817090.01        0.06        0.05        0.27     400342921.20  925742062780.60    1801685722.48    656094078    7516473760000000160
19710703-235529FIN197131971070119710703     310528383.79     148932873.64        0.88        0.77        0.48     947750347.28  215672625153.38    8027741230.66    169126131    194631828BGNkHkSVFBdTuPfNoMIAETucvmJKkQhReFVyGfvjpOOsNPR             
19710704-052824FIN197131971070119710704    1803236490.23     965719808.61       20.15       19.24        0.54     804904353.73  379677919629.70     888548449.88     47931527     50186041YNouztDEEgVJnWzrV                                           
19710704-074130FIN197131971070119710704    3874961231.51     585676069.74        1.31        1.11        0.15     428007922.95  364777131067.37     366396773.53    446369071    529392874FkqRCPDzQSwBVrQO                                            
19710704-151735FIN197131971070119710704    3323585382.84    2118586253.33       13.44       11.51        0.64      86145336.86  305262340817.16    9659732505.24    157673147    1841058640000000060
19710705-004944FIN197131971070119710705     398890446.74     135541355.09        0.31        0.31        0.34     361231922.55  833578541521.34    2404675381.28    431858655    4436030670000000078
19710705-114438FIN197131971070119710705    5259054066.83    2734011014.24        7.13        6.36        0.52     163111899.86  551371242280.57     769234099.04    383233655    4298702410000000142
19710705-133006FIN197131971070119710705    4608285122.58    1742768207.92        2.44        2.33        0.38       5478286.93  293594988386.73    1771437192.49    713213994    7472093640000000233
19710706-003643FIN197131971070119710706    7528304251.03    2553797056.38        2.81        2.77        0.34      85076928.74  516467368079.70    5939355136.59    908393511    9219505930000000038
19710706-102119FIN197131971070119710706    9532358125.29    3545047911.26       10.60        9.53        0.37     635943630.62  373324482562.71    1878279457.71    334344948    371897045NXYlMCOvkZMdSTGmlcsYmASEslwTXZUhRGxeSFvRN                   
19710706-210948FIN197131971070119710706    4865785323.73     699332844.28        1.20        1.16        0.14     427087591.71  680029400905.94    3500170363.07    582604711    603386267WKHSDaFEDSYXOynePKHWBGLeJ                                   
19710707-113805FIN197131971070119710707     343484311.07     202412552.59        3.27        2.88        0.59     384086219.17  511769122423.32    1872190795.43     61986864     702767680000000146
19710708-023415FIN197131971070119710708    3584658274.46    1671732374.36        3.97        3.89        0.47     297185450.44  558022221416.00    3054376183.49    420624437    4301550600000000015
19710708-140553FIN197131971070119710708    8096137066.52    4819196405.72      141.66      129.11        0.60     400913746.75  652327976116.79    5225362032.55     34020264     373253650000000101
19710709-062450FIN197131971070119710709    1652805597.33     961382629.23        2.77        2.45        0.58     312002965.72  138380357203.39    3600074475.23    347695432    3916050670000000128
19710709-193545FIN197131971070119710709    4926783070.51    2772919056.68        3.75        3.40        0.56     970379377.31  994598664295.55    1454769502.06    738613032    815284478xJLQVuTFshRimMWvovlkhREDPsbyCEbOPAiHlYQoNpMfOnOS            
19710710-080615FIN197131971070119710710    2547375504.66    1397488680.60        1.78        1.66        0.55     344108327.51  723787771763.88    5979719335.09    783870939    841931964XcxyxkqjaesCOVlDpRLKOSaaUSDCxuJjG                           
19710710-215532FIN197131971070119710710    8695819488.89    5974569666.40        6.08        5.30        0.69     719916496.12   84617823079.76    3259775576.32    982994932   1127250305kkhSvCsfgbDUvsiZWtPQwjkYPwKrfTUFMGMCWCBXBcOcTkaLSudO        
19710711-092457FIN197131971070119710711    6087053959.51    3219284088.94        3.63        3.14        0.53     186309446.32  959388162879.96    7833524239.91    885831973   10268244650000000052
19710711-102310FIN197131971070119710711    7986678981.16    2239992986.22        6.46        5.56        0.28     183616978.00  437304150204.00    1055837607.59    346674325    402708360OQrOAucqBZdHWTvrsGTQqDUAJesbyHxtJHEzCHKBOOQPPk              
19710711-215702FIN197131971070119710711    5179099728.80    3362484988.05        9.00        8.96        0.65     477332315.75  713275177615.45    4784914589.97    373786491    375148816NtOdvFBFUhCVdhuIepZmNOBReS                                  
19710712-085910FIN197131971070119710712    9466984974.37    4391175169.26        6.82        6.05        0.46      68915560.25   54529195004.58    1514397217.26    643975061    7263605500000000174
19710712-141017FIN197131971070119710712     612401992.48     115162679.26        0.13        0.11        0.19     900269031.84  682078246759.59    9920392447.28    909934586   1007283694wiFRVPFqQNGELjgHzDAyVoYLlCEZUsKnSGD                         
19710712-184519FIN197131971070119710712    1232447854.60     725481861.56        0.87        0.77        0.59     404906471.80  490294698353.76     832022430.23    837924515    9460096640000000177
19710713-050925FIN197131971070119710713    9338760773.20    5563273118.50        9.98        9.25        0.60     831983146.22   81904398057.24    9700672430.53    557693335    601284273XjSxlGRryfrgvCMaReGMEXLJuiXaSRQMSTRccKTbdXRVwcSDVVf         
19710713-203924FIN197131971070119710713    7503949292.04    4327146711.70        4.53        3.97        0.58     679673511.83  107665638475.55    9440248238.47    954480611   1091113802VIwCayPvwhogOnJYXzNaeJARKVRQdTJzLSKMYmjqiITvCVKAMRRJCa      
19710714-000418FIN197131971070119710714    1895622724.82     642087268.90        0.93        0.79        0.34     898997356.32  617277598308.67    4839746339.60    688282142    817621263sRWWIhWVTcdKuZKNfeibPUSU                                    
19710714-084005FIN197131971070119710714    3580422003.24    1022986186.26        1.43        1.26        0.29     400199561.05  907188620870.14    3342285757.38    713771495    8137119490000000212
19710714-113902FIN197131971070119710714    2052882755.88       2983573.35        0.01        0.01        0.00     749834290.91  209626385014.79    2872028663.29    427685893    5096580850000000062
19710715-003301FIN197131971070119710715      64858901.16      24278334.18        0.03        0.03        0.37     705904484.03  871931231236.82     908755765.22    735716074    7954474430000000108
19710715-111102FIN197131971070119710715    7359269020.62    1402525031.46       21.79       21.56        0.19     914761012.93  219124441211.55    6521942850.03     64372004     650570840000000187
19710715-180816FIN197131971070119710715    1221055903.91     120007630.00        0.13        0.12        0.10     717016071.74  475319399492.94    1583894017.42    898413238   1042416513BzijSDvPCIJvDDDXrPdu                                        
19710716-084155FIN197131971070119710716    7481448347.13    2037134637.11        2.15        1.87        0.27     376945631.87  970713791441.94    4223362784.88    946322507   1091972219SAFZEJLLiMLuOrGrCmR                                         
19710716-120836FIN197131971070119710716    7659379037.56    4880012337.25        7.66        6.45        0.64     989408896.82  607661171903.96    9415074499.60    637437010    756693907IBCqnhGjFJlbBaLpCfWlwAwAXuFGAsRugroSvLEF                    
19710717-014040FIN197131971070119710717    1678849405.66     572264712.76       11.79       11.78        0.34     306954674.97  197275377775.91    2295403899.73     48524848     485860710000000239
19710717-093139FIN197131971070119710717    3610969591.93     962638944.23        1.80        1.56        0.27     794754834.08  412092365909.13    1053367612.48    533480356    615390536gPTmHDJTicoYfqSbnVEHCVRwvFTKJwFmBdaoQOUBGlNRgAScbaW         
19710717-094221FIN197131971070119710717    7588414577.90     675297196.95        5.51        5.13        0.09     257858500.07  558348021595.81    4705632552.61    122645060    1315766270000000029
19710717-203726FIN197131971070119710717    5444199731.01    2098942835.27        2.42        2.24        0.39     634180818.19  529894611626.23    8297416468.50    865571667    9369240370000000099
19710718-102436FIN197131971070119710718    5947231105.27    2566951739.43        3.37        2.86        0.43     161646865.14  153781084450.16    5310467350.34    761415052    896050209GKXARCFbFebKiAlLUJXKJgRjmqXdAQcnJFJAKTzRouxMxMVkXQMjtVZu    
19710718-113913FIN197131971070119710718    7125311780.96     465152071.09        2.58        2.25        0.07     930138301.95  985308288513.78     600587913.76    180384175    207113371yzVtIWYoRQKKPNbDwXqdBMdFXWIZfiTteG                          
19710718-132423FIN197131971070119710718    3694491054.57    1793776416.32       12.10       11.77        0.49     821677005.36  473874385036.19    3056288848.15    148268370    152404736PGDBgEZqRneMoLzzQWIWKPqUm                                   
19710719-004718FIN197131971070119710719    9885113721.95    1965783965.13        9.08        8.82        0.20     512949239.78   80089418918.94    9143281904.18    216472893    222998879OFnTuxOMWDUHOSyWOVCiEosNDI                                  
19710719-163125FIN197131971070119710719    9739310097.42    3653568636.49        5.37        4.52        0.38     763183044.31  884234520490.73    3006769215.83    680132260    808774601APFGGKwGWpknVSryuSjfSQJ                                     
19710720-060437FIN197131971070119710720    2090244383.02     976974910.67        1.52        1.37        0.47      90761716.97  784072117364.36    1853690293.00    643194503    713486790NexjEKvgkViOeaMXWULcs                                       
19710720-155653FIN197131971070119710720    5888970280.63    3682024445.88        6.49        5.73        0.63     711397494.98  330546610740.76    6288358398.19    567737903    642617339RzFPWFvwZRrSBSctRiMfHfNKAAwdNTjFVMI                         
19710721-010840FIN197131971070119710721    3384002996.24    1243726740.61        3.57        3.16        0.37     868260647.38  297548456245.70     277755030.03    348184874    3932622570000000096
19710721-135938FIN197131971070119710721    9680431930.86    1776242446.29        1.79        1.70        0.18     136937813.65  451071609562.44    5304470566.66    993191197   10479080050000000195
19710721-211850FIN197131971070119710721    4110044706.17    1348710543.88        3.82        3.20        0.33     456268861.76  343231788199.37    7193544652.76    353394782    4221004640000000132
19710722-114045FIN197131971070119710722    7554240212.54    4660650976.98       57.77       56.47        0.62     733092920.24  267114410437.43    9361251662.86     80671437     825356730000000055
19710722-140518FIN197131971070119710722    3408585897.27    1964696397.15        6.24        5.82        0.58     884430197.63  585064051086.55    2517208268.82    314773681    337635703XpkDkREvygUBRrUJBn                                          
19710723-055519FIN197131971070119710723    7107340936.29     825030135.22        1.10        1.03        0.12     626611637.97  711252833560.73    4122506035.40    747766621    8032251810000000105
19710723-102936FIN197131971070119710723    9121988790.32    6061429950.46        6.63        6.38        0.66     575107071.49  860059246530.14     915012073.65    913967064    950573872xusTszaAbgwnfcAmfKVarNCrANUVCpmHQKKuWPXvljshueoBLMHi        
19710724-023928FIN197131971070119710724    1417570813.61     738409347.04        2.18        2.04        0.52     927048212.15  335516875246.50    4540202959.44    339316111    3613073250000000058
19710724-122740FIN197131971070119710724     310783655.12     201784234.01        0.56        0.54        0.65      93279978.63  642843601532.38    2375672571.74    361781597    376466832lKuICZZKIDMXlDyhjCaIFqBluEJVAjYEB                           
19710725-023212FIN197131971070119710725    3515136661.16    1689238920.51        5.67        4.85        0.48     927928894.16  493040632074.08    2567786355.28    297970931    348270158yRflLhHvroMJBNHcMIDiQuHspAHUTFVE                            
19710725-024116FIN197131971070119710725    9684118788.48     554343732.09        0.60        0.52        0.06     193688919.85  885623115141.73    5332038622.78    918074681   1072560273RSWvpXShAohbCnBYubXQUbMLtPavDHUQn                           
19710725-170358FIN197131971070119710725    3851085096.72    1932400020.57      132.40      127.87        0.50      94937156.46  304911992105.67    6081979063.98     14595286     15112090XLTxGrTTSMIeAKqzJEDWF                                       
19710726-093503FIN197131971070119710726    8700043370.65    3974619403.18        6.38        5.43        0.46     933019245.42  358664941490.40    4216532996.29    622559553    731912277rqMbvwSCBGYCGMEPKQeELcTKYUzuwRMWTqYPIirIgRbOCStxEXLeiAEZJCb 
19710727-021602FIN197131971070119710727    7661446388.05    3462578966.01        3.92        3.55        0.45     300012056.01  881491054286.15    9987283387.85    882896661    974063295iNHnTftjXfvHrITLJdLaYdULuwCuiDvUOwI                         
19710727-075024FIN197131971070119710727    5677958309.57    3776151046.89        5.31        4.48        0.67      68259825.28  930552398572.60    7695812960.18    710698780    8422488040000000234
19710728-001528FIN197131971070119710728    5566073384.03    2709477415.21        5.40        4.91        0.49     940390650.24  518110158819.95    2968460387.03    501681840    5518630380000000051
19710728-155523FIN197131971070119710728    9984615914.76    5430345759.49       23.79       23.21        0.54      85849800.29  464347434476.44    8859849495.16    228260525    234003534IYXYDYXzMPNoklZTdipMzRqgCNIOKJHazWaAqvQYkNmrDITClMRGjaTm    
19710728-160044FIN197131971070119710728    3376692916.23     822182717.38        0.84        0.70        0.24     777961079.61  560788990277.17    5271628113.17    981191163   1173186889DhEFIsYSMqHQmxAANGFHPWdKF                                   
19710728-200820FIN197131971070119710728    2892242409.78    1605623068.54        1.92        1.79        0.56     508038278.53  690972671649.43    5243201634.57    838181783    8993703490000000075
19710728-210754FIN197131971070119710728    2142839528.79     541764437.41        1.33        1.33        0.25     912051915.31  499682955127.78    8626954718.45    407635319    408244107jLCjOYaAGVEUrxGtMU                                          
19710728-233521FIN197131971070119710728    2033400958.02     839029677.69        2.96        2.70        0.41     641344102.50  430883640098.88    5172776771.23    283908362    310936051KwGGHtkLxtWGPwoGFVBKTqHdHhmZbSsgyyHfJEsFJbOuJAQfYzTNZNcIDF  
19710729-132315FIN197131971070119710729    6244811290.11    4043059219.05        4.15        4.00        0.65     685615677.64   92442018393.82    2044158212.44    973971179   1009542571HEvjYRLWLhRJTUgTBETibpNyyFyPDERSmCAIRWwtnGbQOFZqk           
19710729-171149FIN197131971070119710729    9598185563.81    1753912349.96       11.15       11.02        0.18     699781294.85  920915394776.18    5650319790.92    157364341    159167220PbZdBtNVFkoHUVrXoPHrheGsXLJgIHgHTAbSKZsIPv                  
19710730-045541FIN197131971070119710730    6904298413.66    4473667632.26        8.14        7.18        0.65     948919125.12  518153292127.20    8820892714.59    549658724    6230199800000000161
19710730-132729FIN197131971070119710730    5466580257.79    1723992067.56        4.41        4.33        0.32     468654818.93  498742206635.79    8315347287.90    391125508    3985579210000000087
19710730-194629FIN197131971070119710730    7831220496.06    4810242047.13        5.15        4.43        0.61     107986188.51  961006041872.73    7958472758.73    933890867   10866727240000000170
19710731-002016FIN197131971070119710731    3797578860.30     531468642.43        0.61        0.58        0.14     378243078.07  142320328575.15    6621873574.32    868915872    909975246kdkMSIAUXjfEwPBQSgTKSIKmszCtWWXwKGVRUzPODH                  
19710731-105155FIN197131971070119710731    3484223626.15    1203166677.93        2.99        2.96        0.35     617782278.48  755250306133.01    4621094885.90    402113414    4060360830000000018
19710801-003534FIN197131971070119710801    2607645616.51     649270108.47        0.85        0.82        0.25     584001424.40  358705126144.78    2763988592.16    759744605    791841579FQCxtQRoMnVlnjwEERVRrjOJDAIyWTEKGCbBNsvTNBMQXXA             
19710801-082723FIN197131971070119710801    6474955840.04    2097600576.49        6.46        6.09        0.32     991343041.90  926819216046.93    2764823986.75    324842770    344249713aoTgMQQOVPapOXWxUW                                          
19710801-200724FIN197131971070119710801    3983263211.48      30508914.10        0.03        0.03        0.01      85171074.02  680833165437.39    6191082175.34    985861492    989482561OHzaLyFKQkeISJnxSTeShaOv                                    
19710801-231826FIN197131971070119710801    8714039616.09     336122897.61        0.81        0.73        0.04     784073241.46  671985174319.60    5518933405.76    413993843    4598398260000000130
19710802-014904FIN197131971070119710802    5449068689.53    2326321598.52        3.75        3.51        0.43     653584585.66  643480538942.07    6156093031.77    620515465    6620979530000000219
19710802-121846FIN197131971070119710802    5464672907.43    2800312766.36       40.85       38.61        0.51     565658230.32  178619927109.06    8988383538.39     68552712     72528213NzPPOvaDXUEaahXSUBxgGTdt                                    
19710802-181432FIN197131971070119710802    3907537701.37     370872101.27        0.42        0.35        0.09     823440887.66  230563597389.85    3971567393.21    882433911   10525517640000000046
19710802-202425FIN197131971070119710802    8620066026.41    3458582734.28        3.58        3.04        0.40     355358120.16  381343955323.54    9147812581.71    967271707   1136557997qNBRLBcNHRMNCOGgoLutSmLjluU                                 
19710803-103240FIN197131971070119710803    8310635463.99    5434161011.27        5.64        5.54        0.65     302434619.69  948133443519.28    9125510203.60    964339462    981726647WWZnPQCzopSOWpJARPzEqydPAK                                  
19710803-163930FIN197131971070119710803    9221407697.28    4255338845.88       30.54       27.81        0.46     265950019.00  591959518072.62    7761092001.10    139334344    1530129480000000211
19710804-043830FIN197131971070119710804    8527375501.99    2863674377.82        3.36        2.85        0.34     660122177.35  110715298516.47    9296187204.76    851427939   1004555020sPFpJfRunRmoHacLH                                           
19710804-083105FIN197131971070119710804    5119858233.49    1895412021.08        6.31        6.13        0.37     861811643.19  727660514210.80    5630051262.27    300159464    309166949BlzKUNpcdbxQGHwUAaQlIXGgyZmHnyRREOKBwpXvXwwWEOWiNJVMXWALS   
19710804-215511FIN197131971070119710804    5545455046.51    1281789556.35        4.36        3.98        0.23     881826040.38  225780221298.89    7151380864.68    294090708    322072778oHqcAiSKTrHsULLyJUDMmFLLtVnVfUxPcpvknqfqbnhFycoSbFZvePIdVmZ 
19710805-003305FIN197131971070119710805    5475751281.93    2750210860.83        3.48        3.17        0.50     945002789.27  208185769185.78    9419804217.76    790064581    8666459740000000235
19710805-112152FIN197131971070119710805    2233624161.19    1254673986.71        2.70        2.48        0.56     216576043.75  427763188228.08    6227163052.44    464455610    506476219UXKSWgGTVwuzWNnUV                                           
19710806-023221FIN197131971070119710806    6635643348.44    3115207545.10       14.58       12.30        0.47     327575872.69  851924791341.30     436887086.75    213715741    2533323080000000048
19710806-163717FIN197131971070119710806    3695153028.91     503191575.77        1.96        1.72        0.14     371544906.35  438458653474.00    2176470773.85    256716436    2932928470000000116
19710807-063220FIN197131971070119710807    8436896154.38    5326688174.45       11.65       10.85        0.63     628100545.79  408904621521.16    6502861268.62    457057409    4910843520000000143
19710807-101245FIN197131971070119710807    7901081423.96    3979372226.77        5.65        5.39        0.50      17037614.38  901569030271.12    7495978567.41    703946908    7380082030000000061
19710808-025722FIN197131971070119710808    6051980867.53    3804795526.09       10.80       10.30        0.63     833167743.74  449025599201.63    7457428746.24    352443215    369291618aaCRGOKapDAmHhNFT                                           
19710808-050612FIN197131971070119710808    9435997423.31    5598283528.83       16.71       14.57        0.59     432201469.53  629021813549.65    4352016503.09    335112251    3842922820000000166
19710808-115740FIN197131971070119710808    3288589280.66    2225416692.50        2.95        2.60        0.68     799470333.62  292691149873.61    1174262131.48    753139635    856147943RICOfhFDpPHwKRHsmPHYTpTzGDeJMQruPEEdPICrMiweHGwOFQYNoQXZWIjN
19710809-024048FIN197131971070119710809    1367383773.83      25958666.84        0.03        0.02        0.02     288250420.28  264979978170.65    5303681066.39    959972460   10667161170000000036
19710809-181346FIN197131971070119710809    3044202690.13    1142677551.00        2.67        2.47        0.38      47584248.47  225852936747.76    8400844339.09    428208145    4633799660000000243
19710810-012707FIN197131971070119710810    8008451596.63    4895846798.56        8.16        7.33        0.61     910460398.93  155710060680.38    4285686301.03    600051771    668040863olGIXXQFLdIHXDEuMLdDVNJbXfMiSChBOXXHPRgqQfvPMFOMefo         
19710810-164314FIN197131971070119710810    7441721429.90    5130373965.69       16.55       16.49        0.69      23601578.54  519248396211.66    2211700731.83    310081671    3110384490000000169
19710810-181106FIN197131971070119710810    9249432044.70    6424150038.51       10.59        9.86        0.69     697942705.41  975958331665.91    7901124240.04    606406622    6512614750000000217
19710811-051844FIN197131971070119710811    4204406528.12    2292219056.80        4.33        3.72        0.55      40860152.84  148067541558.82    5067375155.99    529165657    616234784MDjVavoVSMeRlCAiXqmFZzvARFaNTAslRoYCUeWRGOXU                
19710811-141546FIN197131971070119710811    8210945539.86     385560490.57        0.45        0.41        0.05     924937605.67  687572715335.09    3459104518.54    857421552    9356823720000000155
19710811-214426FIN197131971070119710811    3534741538.91    1385247187.00       91.49       86.09        0.39     131527858.71  892462355012.85    3942504471.43     15140301     160903710000000236
19710812-071545FIN197131971070119710812    5786390073.64    2705706318.86        6.24        6.09        0.47     576275823.22  658255395822.17     864763737.12    433556794    4440724660000000229
19710812-195742FIN197131971070119710812    7205726220.63    3396909648.65       12.28       10.63        0.47     642387596.01  413634825436.90    3243472410.20    276528353    3195166260000000091
19710812-195823FIN197131971070119710812    2422151539.31     730727775.32        2.08        1.95        0.30     797175617.65   46359821354.96    7664655685.08    350656936    3740579800000000035
19710813-035655FIN197131971070119710813    3052937242.51     410925233.24        0.61        0.56        0.13     146871373.94   11341641400.84    4851314330.75    676324773    739070707vnbESGDLPDBDVwsKNSXPqRYLGXjuxVJrQDsEcEVAYIyXWMFThaGbMIZNd   
19710813-100716FIN197131971070119710813    8095688518.78     396593018.73        1.18        1.15        0.05     213020866.40  551773100836.23    5257091882.87    336235761    344171002LViVEKgsrKwCVrgOwkPeRFPWWpkHCZiTNGXGkVsAVwjm                
19710813-102801FIN197131971070119710813    9372258712.52    2558220372.17      494.11      437.89        0.27     316763484.21  116453328110.25    7075418705.15      5177408      58421150000000197
19710813-113636FIN197131971070119710813    8065136368.25    1092166201.97        1.60        1.35        0.14     213415063.71  524975095200.44    5326255780.66    682301482    8063923860000000214
19710814-021350FIN197131971070119710814    9845157694.24    4391723172.33        4.93        4.52        0.45     838729611.59  630923672616.67    6631961782.85    890095108    971404830VcbAKPfBIpRdEaWhZBDoBABArjGqRCPYqanHvstLOVuMQC              
19710814-040403FIN197131971070119710814    7103764193.76    3622060365.51       32.44       31.10        0.51     473700083.16  583752705350.18    8921746906.03    111653996    116476084jEDMMMXIiuBzANZHiHyWmFFHVoTLvwUegqgIIMHlatdnrNCMwtJ         
19710814-093221FIN197131971070119710814    5496159392.19    2841787601.92        3.75        3.71        0.52     190434844.92  509379136636.19    8546633541.32    758613366    7651296440000000203
19710814-191117FIN197131971070119710814    2905932685.53     367021548.37        0.57        0.53        0.13     132169784.68  225787101564.70    5730567731.29    646254712    6924574480000000019
19710815-092431FIN197131971070119710815    7535500435.50    4264746449.95        8.74        7.77        0.57     629963554.73  281387239265.51    3515567880.40    487981389    5490793100000000120
19710815-233043FIN197131971070119710815    5287513021.05    1233681794.00        1.55        1.36        0.23     445197921.06  496284329006.52    8916149004.27    797103778    908551914MCUMedIwKXKWmxZtjKLGmNhZVZwXLheDyjZaNegMuWB                 
19710816-005120FIN197131971070119710816    2361380043.07     429051249.51        4.47        4.39        0.18     700679815.06  305112840633.35    6950761348.32     96091806     97656016CKqQGzXcNXMPWzzEAqHxSpCdCwJEirgSInSJOMkfzMBleWwhgbxmoVEVYU  
19710816-151825FIN197131971070119710816    6950461458.36    2032546924.53        3.97        3.48        0.29     960885918.03  676592792634.45    8696901608.48    512566860    583828316UXGHkVXHONXySRVzmlfgOKLOPXECLsMMjGzHJnirREX                 
19710817-042749FIN197131971070119710817    9004237581.58    5802752816.08        6.38        5.66        0.64     968825747.17  219798533371.63    5564672670.27    910202723   10252851490000000141
19710817-151311FIN197131971070119710817    1613622435.58     886109060.21        1.66        1.44        0.55     460776270.84    6140830686.95    5283105266.66    534147709    6170324810000000031
19710817-164236FIN197131971070119710817    1888845907.85     518508084.89        1.34        1.23        0.27     194090177.78  859601025075.92    9361448144.38    387769654    422196483XDnNdfGcCiNIOwdZoWMTZgVYEOsHLSH                             
19710817-200553FIN197131971070119710817    1622265671.57     420868363.78        0.91        0.81        0.26     372319070.01  130729625555.88     973337574.81    463273119    521215115rflAKFDXHCAcNmwLNJTMIvxdoAJIIC                              
19710818-093213FIN197131971070119710818    1414068822.35     653894222.39        2.13        1.85        0.46      26016634.05    6346504954.82    3834867288.78    306948899    353933735hLJBQUzrFVOXJcPWoMTCtDJWVHTNVVRwBxaKF                       
19710818-121537FIN197131971070119710818    9096356255.22    2013832468.82        2.75        2.37        0.22     759016617.07  884435441276.44    7454383396.20    733256022    8488692600000000080
19710818-171326FIN197131971070119710818     210504375.86      15699512.92        0.02        0.02        0.07     886379384.04  225052619235.61     591535845.45    879604409   1008420123hJTjBraMaWddGWF                                             
19710818-173153FIN197131971070119710818    8542885898.63    4647323550.40        6.20        6.17        0.54     360484208.28  118254895255.10    8015652479.05    749528750    7536339100000000189
19710819-070656FIN197131971070119710819    6347855166.99    1129291674.10        1.41        1.30        0.18     107182949.73  119104257148.50    4171090579.82    798275962    8682130410000000066
19710819-175843FIN197131971070119710819    6740960329.93    4608258250.96        8.09        7.12        0.68     949451671.02  525282682904.85    7321932816.39    569826880    6473115970000000245
19710819-192859FIN197131971070119710819    1699612645.52     531153409.88        8.84        7.53        0.31     509178991.23    4176056487.62    8216219892.60     60118479     70581688qKZmxEJdJHmHxmqcMqVLIgrwrTMFGSYepLzRROMkSDC                 
19710819-231255FIN197131971070119710819     956571221.28     586384108.08        1.03        1.01        0.61     957055159.78  708375532790.21    4625555527.17    568420989    580498481sEdXWlAyBGoFClpXvyNNafsKbfeEnSrT                            
19710820-102418FIN197131971070119710820    4448623590.41    1074616403.52        3.32        3.27        0.24     665210045.01  238911174171.01     100012814.34    323735238    328831190zCNcUXNeZAUXsHb                                             
19710820-172634FIN197131971070119710820    1655975515.56      24752466.81        0.05        0.05        0.01     207472897.79  361111337818.64     732752311.12    467167631    5259820490000000131
19710820-184827FIN197131971070119710820    6600206224.89    2631581796.29        3.67        3.44        0.40     226813134.73  232245789660.30    1208620412.48    718008660    7648804910000000181
19710821-063322FIN197131971070119710821    4299236765.05     444965658.19        0.64        0.54        0.10     377068894.94   44176462682.54    8391424636.40    693044477    821236512XiuLDVDnYQnZdWqIeVWutEjPXZaaQbOqjsNvlFMIc                   
19710821-203330FIN197131971070119710821    4216931972.39    1127031283.01        1.16        1.06        0.27     770483087.55  963834996912.37    2581286778.91    969351222   1060793873WtLJlcZhUpnUJhcOl                                           
19710822-040458FIN197131971070119710822     217883727.79      20854347.87        0.02        0.02        0.10     568218924.46  728707684778.79    8791091669.76    898113344    9323883710000000034
19710822-092852FIN197131971070119710822    5106164783.75    2040533830.55       10.23        9.00        0.40     826960056.76  975512961262.80    2902817802.01    199509733    2268308400000000133
19710822-212520FIN197131971070119710822    3144831487.54    1259103827.43        1.68        1.41        0.40     876678233.65   94950789880.04    9548669491.18    749620549    894126102RLjhtKlUmfoJhUDVTLrWpRzHYfKThEqzhoWNaWCnyGIpnDFEVgaiwbbY    
19710823-021221FIN197131971070119710823    3635710021.60    1717908307.17        2.55        2.19        0.47     503332003.74  985730205290.09    1081214705.96    673658366    7834302860000000149
19710823-060955FIN197131971070119710823    3388109493.55    1508920860.40        1.60        1.45        0.45     681013848.86  859111273261.91    6051732003.98    941623331   10398999960000000213
19710823-155931FIN197131971070119710823    1692966395.28     385325360.49        0.52        0.45        0.23      35486489.05  357149294691.62    2222642793.02    743941477    8528510470000000175
19710824-033537FIN197131971070119710824    2655778816.43    1773188213.74        2.76        2.70        0.67     588861953.88  597803090217.77    4981018395.97    642356095    6556852200000000022
19710824-065353FIN197131971070119710824    6501591767.24    2256341295.86        8.28        6.99        0.35     973518307.24  611944958753.21    3723575704.20    272510621    323006577NkpmsBILljFbVIAskKSudkLAIHYbeCnBzSVbIcIypZcePYIXqxdlNs      
19710824-232927FIN197131971070119710824    2887397781.08    1336352645.22        1.62        1.40        0.46     338530121.41  684977033660.81    2098003807.12    825919410    9543336430000000043
19710825-070027FIN197131971070119710825    3363437030.98     668283483.97        3.39        3.33        0.20     910063869.53  569665368623.13    3660386452.31    197089445    200607078rkWTCsQbCPAUfRcKLCwMGTdIqvRSpGXQyDXxU                       
19710825-192218FIN197131971070119710825    2050134376.97     162232363.40        6.53        5.69        0.08     389422230.82  951148672552.81    6412012007.66     24825272     28522354FXFYeNQJTmypAWxzHPOBgNFDcXaQQFB                             
19710826-083059FIN197131971070119710826     707274587.96     262965028.25        0.63        0.59        0.37     829600758.10  594560622383.58    5121661679.54    419732681    4422139520000000121
19710826-123752FIN197131971070119710826    8749937192.77    1213445263.57        2.56        2.46        0.14     883306311.94  889819209686.74    8550829324.69    474611449    4934935080000000006
19710827-005103FIN197131971070119710827    4423270762.26    2594064112.14        3.63        3.61        0.59     422218399.81  141067742992.66    3364434487.89    713721913    718820513tDPWLFEtBmpAwavVQikXwNpRaJ                                  
19710827-040907FIN197131971070119710827    6697697646.68    3177841279.06       31.82       27.22        0.47     547283795.45  347861506800.77    9530205249.58     99875273    116751763ILluFBdLbXRPNPnaiojyEqsGqUArncqWACvKTGoQnLdlqc              
19710827-161159FIN197131971070119710827    2577245930.51    1124494895.19        1.49        1.38        0.44     675599126.14  433124616938.73     100678890.17    756681688    8163903460000000072
19710828-044700FIN197131971070119710828    5541758157.22    1757629768.30        2.03        1.96        0.32      28025953.29  130033411572.86    8340902625.30    865692722    8955281490000000057
19710828-075956FIN197131971070119710828    3625962202.93    1323537301.45        2.55        2.29        0.37     270718488.69  849045436955.19    3281406405.43    518164188    577280863KRtMROFTkhVPydRKxEDtVV                                      
19710828-103626FIN197131971070119710828    5609343071.81    2003190270.23        2.48        2.17        0.36     972857678.87  355981937357.22    4282527656.38    808475845    9239933450000000020
19710828-200437FIN197131971070119710828    7523134709.99    3012364607.49        4.62        4.03        0.40     400454513.71  627873745082.56    9355153625.81    651940290    7471497320000000137
19710829-011220FIN197131971070119710829    1885311697.19     503276418.85        0.58        0.54        0.27      69032354.63  280952247093.85    2369175601.84    866324338    9381664990000000185
19710829-143912FIN197131971070119710829     441475723.45      70823751.66        0.85        0.82        0.16     818594267.30  472067143967.26    5401347380.57     82959848     86001013VZFBRwvFHyQCUMDVoBLLIIBmacVsHPTyOUvhQJtRzByXxTqcURyaA       
19710830-072038FIN197131971070119710830    1525161471.07    1014047599.99        1.14        0.96        0.66      32999117.77  614891169174.29    6966794307.43    889965103   1051745755ziJohMcvsgUVqHyXNSwWAqFRxoSF                                
19710830-074240FIN197131971070119710830    5436492652.70    1780261658.96        2.74        2.47        0.33     819971334.09  140142989268.50    3318948797.62    650307780    720869521TxTPsLmGwimWWXASxFWhHELRSjbULIsdFngWTKprXoTR                
19710830-103813FIN197131971070119710830    5565706762.74    2357662159.26        2.91        2.89        0.42     241016963.34  859298603991.91    2748207094.60    809966287    8172028960000000180
19710830-171204FIN197131971070119710830    2373194465.29     826924789.96        1.41        1.26        0.35     235745520.11  348553187564.29    3926851711.73    585780897    658838694EOMpasJigJVvYQGKVcDPddEniaOUaTojpCAmYQrUeZJEGo              
19710831-011718FIN197131971070119710831    9931190004.23    1707540990.18        2.14        1.91        0.17     331085607.20   13732095820.53    3030195351.77    798026804    895450702zRUPBBfUiMinqnbQBpsAavFODFdBPmkYvLolpCtKqmeICrhsJTmwX       
19710831-065028FIN197131971070119710831    7443971664.16    3252007788.77        4.74        4.62        0.44     469712260.25  137103593768.72    6146005322.42    686584596    703494111caOaabgKJQaXSZiUGJIHBtXLntUfKAkQvMDyj                       
19710831-191324FIN197131971070119710831    5594250027.10    3438615670.81       19.28       16.13        0.61     357037720.97   55982522619.81    3800165127.96    178340570    2131665500000000021
19710901-005152FIN197131971070119710901    2667868241.77    1016609402.03        2.72        2.41        0.38     354762076.67  174911165367.05    8878162013.02    373426884    421374186kBFzLPYLDHAuIEHlgFFBqUhnO                                   
19710901-010720FIN197131971070119710901     140633652.20        904393.89        0.00        0.00        0.01     144757772.00  256609798589.14    9581641102.46    878388030    9346306660000000104
19710901-015922FIN197131971070119710901    9437952911.41    2709969291.07        3.06        2.70        0.29     741211116.99  888865868594.17     649256106.07    885501398   1004756632ELRDIvILDRFhUOPlOdBNRoJISmXZkKmyFIXaoT                      
19710901-050459FIN197131971070119710901    3630912306.91    2512709003.10       10.65        9.18        0.69     795481498.85  156979806237.33    5692242900.31    236030042    2736674060000000200
19710901-080128FIN197131971070119710901    9217682575.52    5582547588.19       11.89       10.02        0.61     507112524.63  470702946194.31    7582480858.56    469585134    557095043zIHLKvPBQrCTBYzpZzUJZwMrKqTpUZPyXUykkId                     
19710902-000257FIN197131971070119710902    8385324959.99    1534440093.76        1.65        1.56        0.18      71019770.22  553826288457.68    1769096323.73    929447117    9830561640000000221
19710902-110623FIN197131971070119710902    1941157043.12    1111871292.90        9.03        7.92        0.57      14636368.88  188746068279.45    5647075933.86    123071258    1403274910000000179
19710902-222133FIN197131971070119710902    9755417620.92    5645962824.70        8.74        7.41        0.58     410114953.20   99003228340.08    2647082031.53    646051238    761929362QNZUltgBGCXGYshw                                            
19710903-014747FIN197131971070119710903    3582185940.03     836829243.80        1.95        1.75        0.23     106165446.38  343611514978.29      51023974.18    429759157    4794639960000000223
19710903-155454FIN197131971070119710903    4400874879.51    1284991496.28        1.66        1.44        0.29     607180403.49  128208394617.73    5766446155.98    773169190    890148751BELJVClFSUDWQNFrxaHxDDEMSOMNqTeWbFtIh                       
19710903-224723FIN197131971070119710903    9804817818.19    5413905182.68       14.33       12.72        0.55     974783599.56   48544732697.42    1429291032.23    377907698    425476378zjoKtxCKSTNWLpRzJEjyVWiVEuzmYUTLdbyRHLSIgDUbYquZsCvOKJvFaWMu
19710904-123943FIN197131971070119710904    2528878315.94    1022473320.34        1.37        1.27        0.40     716623431.00  434395056588.89    1347218641.54    748856351    802086496VXpGhfFbmgISLSMZVQlpBtNxkRhiLKvoTFIEKvFgIOL                 
19710904-144127FIN197131971070119710904    1084416910.87      62083046.04        0.06        0.06        0.06     841031093.37  884876656987.36    2636319381.01    974285449    991157158aJZDEsbtUZIVIFHQlUkKimBOIJCkSOi                             
19710905-052608FIN197131971070119710905    6363815444.82     804494585.76        1.06        0.94        0.13     778790331.47  392912106325.17    7468865486.70    762161315    857878785zScyndwxOcLUXIwtrdKPFPDeQiYudN                              
19710905-061604FIN197131971070119710905    8774908939.64    1535939518.74        3.37        3.20        0.18     722482151.56  272592645045.50    1698790717.29    455427963    4802690140000000030
19710905-160341FIN197131971070119710905    7104438974.41    2991017096.29        5.81        4.95        0.42     897980261.60  901090910631.97    2728031401.45    514661433    6041427200000000032
19710906-023455FIN197131971070119710906    3384328544.11     461271539.59        0.64        0.55        0.14     731725541.15  512863660001.59     214765808.30    722322921    831912015yURWxInlVahogpZHAunTIhWpDHUoQwnugkGiHKWVDOnuTAuSApjDJaf     
19710906-104734FIN197131971070119710906    4854731688.28    1050932534.91        1.11        0.99        0.22     302700537.39  297215043781.15    8178721972.43    949489231   1056640688jlkBZXPcVEbEkvquHcRWHHHVGNQxJWnBWpCCCKENWGMjHFABR           
19710906-111124FIN197131971070119710906    6490773574.21      61923458.97        0.08        0.07        0.01     662405107.77  836478667398.47    4087013622.85    817472855    871786051jUcWBvgxKjCwRpvXoIjBbXiBA                                   
19710906-233030FIN197131971070119710906    8650150446.16    6000466259.85        7.95        7.56        0.69     708971750.53  935042660099.76    8351691523.46    754799217    793684997EVnyFUGFEJmFNaFNVU                                          
19710907-010603FIN197131971070119710907    3536778965.99    1585542454.54        3.86        3.84        0.45     370460541.00  511237613929.52    9903679764.50    411050301    4124335220000000071
19710907-090927FIN197131971070119710907    7740509707.38     781388241.39        2.11        1.89        0.10     369831380.91  206747745960.33    6963141966.24    369628907    412749155NiBcGbDvQsFXSbRxOUPzUvEKLCXRVlDFrhOUHduBWHC                 
19710907-222037FIN197131971070119710907     325099588.55     106073179.84        0.14        0.13        0.33     287656799.88  402103532984.63    8643801962.80    743307753    817620046tECVFzaZYGOIcLqmNMn                                         
19710908-013152FIN197131971070119710908    6338212306.84    1951351767.21        6.58        6.08        0.31     920416281.66  512948825807.44    3516663167.69    296617201    3209223400000000007
19710908-050339FIN197131971070119710908    1285736616.55     280813587.62        0.44        0.38        0.22     486605788.47  949381900978.62    1183070999.21    641816560    7378023620000000150
19710908-144036FIN197131971070119710908     392535846.46      53474874.44        0.16        0.15        0.14     362993904.77   35070419162.90    2397269524.05    341823872    3547568020000000063
19710908-190259FIN197131971070119710908    8872546182.20    2723297358.80        3.11        2.79        0.31      70320037.30  895259475119.66    2203685996.89    875733656    975779292UJvSHHJxMUEYmrOEqYVQ                                        
19710909-092920FIN197131971070119710909    8322207943.94     683112030.63        0.88        0.87        0.08     119657434.58  943070049056.00     529956670.21    772569124    786914768SJyzkTKNVmGtmiE                                             
19710909-134647FIN197131971070119710909    9621349250.10    1927966779.37        2.30        2.00        0.20     752062714.59  307423735108.74    8352774919.62    837837982    9646055060000000107
19710910-002956FIN197131971070119710910    2870501712.48    1474661096.01        2.52        2.44        0.51     994051104.21  795288633855.36    8764664549.27    584148332    6040856400000000191
19710910-163309FIN197131971070119710910    9424407723.68    5938595230.79       28.11       26.26        0.63     620445665.76  597148072964.94    2797387075.42    211227298    2261454590000000122
19710911-040520FIN197131971070119710911    1704817335.15     570784495.52     1905.33     1804.04        0.33     602546336.43  521428042356.25    3094538396.30       299572       316393dfFANecQKvrSQgzQKpIQVdGVbtGsTGppLzsrQESzNGrlVGjjGlGEuMtSRXwM
19710911-163351FIN197131971070119710911    7920706525.59    2158448174.93       18.70       18.59        0.27     650212792.81  935014573801.34    5535071985.95    115428219    1161244210000000202
19710912-040036FIN197131971070119710912    6536058809.05    2495370957.77       21.57       21.14        0.38     197986194.13  108276742857.42    7935098519.72    115665101    118046017EsHPWeZIUldfxNQnmwk                                         
19710912-092749FIN197131971070119710912    7132344214.30     216462793.39        0.30        0.27        0.03     199692441.38  428310051676.73    3696508422.80    711891152    813986163nUSbwozHKnjEMwDGEwifsBDVkWMEUCXcZRAlqaRyXugMDSPCvILEtSe     
19710912-134538FIN197131971070119710912    6086399459.33     424940575.71        0.80        0.69        0.07     980530199.47  494889463768.92    4239361597.73    529228319    6144455800000000009
19710913-013558FIN197131971070119710913    9454701252.51    2653581615.15       11.91       10.85        0.28     268366601.03  601902145885.10    1196362336.19    222788797    2445206220000000204
19710913-023431FIN197131971070119710913    8482421224.84    1333726081.76        1.87        1.61        0.16     170788979.70  557141530347.94    2455301245.78    713310202    8291035990000000226
19710913-093138FIN197131971070119710913    3625076708.87      22921624.55        0.05        0.05        0.01     733753731.19  909656564076.32    1636037162.93    481975829    483662913MMYHEsAdHQrXvDXqWNGKyGRnmNQy                                
19710913-103355FIN197131971070119710913    9163489674.45     637597135.83        2.79        2.61        0.07     811489281.48  792622165555.24    2212002540.06    228641540    2438599250000000192
19710914-004337FIN197131971070119710914    4277925521.18     117701581.22        0.43        0.36        0.03     994728224.82  932644077794.70    9233895999.16    275356304    3241664990000000110
19710914-103900FIN197131971070119710914    9337837146.29    1670016563.14        2.48        2.19        0.18     753542697.47  900268342165.50    2194016743.97    674444637    7628452510000000083
19710914-192927FIN197131971070119710914    5220759681.82    3521351107.91        7.00        6.99        0.67     677358513.13  961401856076.89    6825165535.48    503212440    5037537440000000153
19710914-230702FIN197131971070119710914     465640186.80      75401991.74        0.10        0.09        0.16     531048096.57  304849855670.68    5836968031.84    747472472    8061372250000000127
19710915-095806FIN197131971070119710915    7828853600.54    2760759647.21       26.83       25.11        0.35     420944896.59  707728248258.89    1547148976.08    102916003    109938362AYrIhMoBIgUBkRdxKABPjIIShjxFyaWTAsK                         
19710916-004031FIN197131971070119710916    2751087338.46     208147803.58        0.27        0.25        0.08      93130378.35   98575029521.01    3492980739.98    761393244    829795551bqfvTyldyQqhQaQgOFO                                         
19710916-071319FIN197131971070119710916    4893651664.72    2396366827.75       15.87       15.46        0.49     957518946.74  163662819062.73    3070724462.49    151043309    1549730220000000011
19710916-090414FIN197131971070119710916     739355645.03     312473586.25        0.82        0.75        0.42     407507726.62  750502816356.86    8740568737.63    381087129    4142470380000000168
19710916-132108FIN197131971070119710916    9423723099.91    2887761348.48        3.35        2.93        0.31     588847594.20  496960107488.74    3376911338.04    863130901    9867180100000000216
19710916-153525FIN197131971070119710916    9221821605.68    4658770230.58        5.03        5.01        0.51     755368741.87  644793308375.10    5430782105.31    925339798    930707853OKehKyGaHgbEeBcBDAnFaXwXmCfzDCIig                           
19710917-000110FIN197131971070119710917    7715184661.62    2144344955.86        3.99        3.53        0.28     460680016.32  633820316614.10     820336045.85    537228310    607254203eBZLwzfHUBLxsWSFpQmudmDjRXm                                 
19710917-101344FIN197131971070119710917    1982160273.67    1002302220.96        3.17        2.75        0.51     996426658.79  862050171703.03     207737371.14    316177974    364318077QAIfXCkZkcOUWysYZNIrQhFKChnxkXeYAlUVoUXQtalpMEzkjpnJDLQMx   
19710917-103715FIN197131971070119710917    6056393823.35    3821891700.53       14.61       13.61        0.63     501965825.09  132853488821.88    6903267143.90    261598289    280876088oIQejJbSLBWXaQIsuHTVgYmfsffAYKYVcOoxXezynfpc                
19710918-002547FIN197131971070119710918    7021329345.88    2280183517.93       10.13        8.62        0.32     161913401.75  397459419686.01    7934627314.61    225105829    2645598460000000182
19710918-055328FIN197131971070119710918    9575761552.44    1350948585.30        3.75        3.58        0.14     606628872.34  239008097250.48    4558690963.99    360281089    3774254140000000054
19710918-072236FIN197131971070119710918    4548058632.54    1059846166.85        1.15        1.01        0.23     298939840.12  911922184139.18    8098501445.65    918159821   1053393856CJDIgUzBAIqWZQVUTlyQjQGEMKgPacOT                            
19710918-125601FIN197131971070119710918    6369719029.00    3462784762.55        9.78        8.46        0.54     293539125.71   43629964908.62    5041136966.87    353988063    409124164jRhDJJDxLPxUEMMpdhzdZNqRVTuzMCrlMcwMsdHNvIEBwDfErPG         
19710918-212544FIN197131971070119710918    8247292369.79    3138004126.73        4.89        4.77        0.38       6538865.82  552947558520.62    5427939653.38    641965981    658495279EVDrXsEiEnLdzKgVPyHxGfRHFwSXDLmBVPRuIGzcczcxVVXFnGDnNgo     
19710919-131944FIN197131971070119710919    7274028572.31    2585026254.37        8.80        7.83        0.36     697294161.81  180130695207.92    9481506967.66    293616116    329975194dTeGxDjIdTKaDZkEQ                                           
19710919-230647CMPVxmNpSrxEBXnLfMwj                                           0000000250ACTVAAA+  1943031511164 Ginger Lane                                                                                                                                               90840       Garden Grove             IL                  Canada                  Pannhoff                                      vLirZSzfKPtNUNZDqaMhbfCKXGvDceFFIMsqLGShEdGPiU tCc BNDUujFYGTeQYvKnwrKOJPbqqUKVEdtWCMbFdHjxMeJCtAabTPdJcY                                             
19710920-065929CMPqBMMQLoTVJXYOWHbqUadsqhStqZmMDQEYnX                         0000000251ACTVTRD   1897121618124 5th Park                                                                  Apt. 471                                                                        19082       Huntington               OR                  United States of AmericaWoodyard                                      QQmQKdwTONTNPNcWumxRXbZQzBALyS VzqfvPBFHZGdScFYOTkNcbUECw                                                                                             
19710920-200629CMPUKFcnKTFeKKrDiCQaSvHKASfMHqqwaibByIFXMzCNUKdDSAl            0000000252ACTVIPA-  192802257760 Kimberley South                                                                                                                                            92552       Saskatoon                NV                  United States of AmericaNuzum                                         zesTjdhaMS ESbqoAsOWNdbJVpFpRiotvSjUkUrJKvAEtGvu EUtWKvhuHMRUTpdgMPtyygyMlzhsPWKWMRKkFRujIOErRjOGYCqUkHCKWUbopsQUjNIXneCHhlDOu                        
19710920-221910CMPVPfRrzGJDSXFSOgYEIxOaJaDXEAMCqvMuZEQm                       0000000253ACTVMHB   195603167544 Erie North                                                                                                                                                 25717       El Monte                 GA                  United States of AmericaJackson                                       JMJlvzVDJPNJuDE StGYQL DtvBskGCKUbenDkInDpkLMDpwkcfcjuSxbkiFfhDHFQDOsWNIsqQdMVpRCHneQdYsMexUdAkSDOiPHYr                                               
19710921-012922SECAAAAAAAAAAAAAMTCOMMONACTVOCRqPcBKXoAYf lSuRdBusMMPLV NCpqxGhsQojsaujwPczuPwOKQLniLXsuSx        NASDAQ591088071    1953121218671114        1.15zCNcUXNeZAUXsHb                                             
19710921-051445CMPHCyVIHyFodPADbGORMCBjByxRTESfBNDTPBZrsTBUACleKEVFjHkSOorMc  0000000254ACTVATA+  1962103123897 Eagle Rue                                                                 Apt. 653                                                                        77284       Hilo                     VA                  United States of AmericaShryack                                       KJPXFjHFJTI cluoCCUDNdrMEAJSdwTxdPogxIBCuHCPmFLCCFXuKHvorXOqOOLEEXvGLxEJDZNUSotPVkBWPUEMKuiLSWsGIRTKiBRPPPfKk VSNyMNMv DHN                            
19710921-214142SECAAAAAAAAAAAAARVCOMMONACTVFaWvSZpjcoxaVlHVEDDIthxbqULch                                         AMEX  462339398    1895110418670921        1.590000000203
19710921-215421SECAAAAAAAAAAAAAROCOMMONACTVVFKwzankqvQUWEBN                                                      PCX   762031570    1902062219140604        0.14kkhSvCsfgbDUvsiZWtPQwjkYPwKrfTUFMGMCWCBXBcOcTkaLSudO        
19710922-010342CMPjUguWEMEWoFRvyIQVVVZypyLseGOWfcGLobTsIDScUaBKXNkf           0000000255ACTVWTCCC+1885112010484 Waverly Road                                                                                                                                              V6Z 1R1     Salem                    ME                  United States of AmericaHoldorf                                       vMVGHnxYgTGXwdJzMKcXKrcZFNgsEptrcfKIYGToUVlDSsuPzJJqyHdBGeVaCVORiImOaigrltPKHhpMbmQB                                                                  
19710922-161832SECAAAAAAAAAAAAASACOMMONACTVAGQLBpOIniDFXbGFTmqp                                                  NASDAQ467180882    1905102918560601        1.640000000226
19710923-083944SECAAAAAAAAAAAAARTPREF_AACTVuRwdncrHNICmZMYSGicRItknghLaUfHAfVtKMWJUyyFodCEGlALSJ                 NASDAQ650614533    1961083019571124        1.14NXYlMCOvkZMdSTGmlcsYmASEslwTXZUhRGxeSFvRN                   
19710923-090508CMPvDOkAbyNyfNiUAoMMxwWWTIWEYeJPfPRnnjcwmlWawDedDa             0000000213ACTVDRBBB+1893110916983 Flagler Drive                                                                                                                                             06609       Orlando                  MS                  United States of AmericaBenard                                        FcHLiJQ nHHMaHCkQKAQKTskAcfotRTpOklWbkpGVDPAZGciLabGMgTYPoiKysoTHzgVIPABrOYPJPAHbhNHev bJeAChIFcPFxtWPEUKnUgZETpYzBelndOqeRflCPSzmLBGtxs              
19710923-093413SECAAAAAAAAAAAAARMCOMMONACTVVfzMkWzpjYWHODhaUOQE                                                  NYSE  855793206    1967091619040226        0.350000000228
19710923-211846SECAAAAAAAAAAAAARYCOMMONACTVXaFwiIGHPpCJXMbVIhUISDGKJAWEBeUOyCADMUMUDkilkhnKsQuRiTghGKDEdDOPXTX   AMEX  891373775    1858111519310427        2.76rkWTCsQbCPAUfRcKLCwMGTdIqvRSpGXQyDXxU                       
19710924-014102SECAAAAAAAAAAAAARRCOMMONACTVJVMrmDMWDerRnNxvGeZCGLQWqmiKbShlwQglDPMdUZOPqr                        PCX   298429566    1857020518990104        0.780000000197
19710924-164730SECAAAAAAAAAAAAAAWPREF_BINACNxdwYSNOyAAVu                                                         NASDAQ995012090    1906061919610301        2.980000000052
19710925-044602SECAAAAAAAAAAAAARWPREF_AACTVPUKjDiCSSBXeQiUbTmgkbXIgiK                                            NYSE  343211653    1864120518851216        2.79SJyzkTKNVmGtmiE                                             
19710925-134707CMPdTinRyMoODtLpbesN                                           0000000083INACREBB+ 19500803679 Windsor West                                                                                                                                                79109       Waterbury                WY                                          Greenstreet                                   bSaDVJMVSzCvEKyLVKMqyJWZQqjIoktMnrKeDxEIOcvjObkGxGRYjnPYTBaTKEGUsT bEBVB UcxJWsMLagsCUrILUVEzBrGWHGiEEJSHAuqBKbAHLzgnTmZHbUvQj                        
19710925-185143SECAAAAAAAAAAAAARPPREF_BACTVJVMHknOiEyRBIpTZXRvpWtubEY SMmfONJGIrfrvxErgvLKcNIUC                  AMEX  888052760    1858012019560229        1.590000000178
19710926-050558SECAAAAAAAAAAAAASBPREF_CACTVt aD gKQrjCQUHFYt                                                     PCX   956708785    1967120119630817        1.19iAJNmDakgxlQcGOiloFqkXDmRxJezUSKSBPCvqFfSbAlV               
19710926-213537SECAAAAAAAAAAAAARUCOMMONACTVFTQuihynUZYgzbVB                                                      NYSE  907341966    1943121019370727        1.21iAJNmDakgxlQcGOiloFqkXDmRxJezUSKSBPCvqFfSbAlV               
19710927-050852SECAAAAAAAAAAAAARNCOMMONACTVFQOLJQOqUk                                                            NASDAQ589544734    1947102119270220        0.110000000203
19710927-083929SECAAAAAAAAAAAAARZCOMMONACTVpDqDTEMUQRyKNLTQcOtHjmtZTGtIKPKSuHFBD VmNgGnQG MuDGLPPeOHamFtXVUB     AMEX  936321442    1937102019050415        1.050000000146
19710927-222146CMPVTGIYOHqQTinymJiaerSHchHKAKjpPD                             0000000246ACTVRTAA+ 1884052319647 Armstrong Avenue                                                                                                                                          93859       Dover                    DE                  Canada                  Shugart                                       GaFRhGjKflLvH iIVCHIASLbTUQzYDxVTzaMdB                                                                                                                
19710928-103704SECAAAAAAAAAAAAARSCOMMONACTVyGKtOIeJxQNuFm                                                        NYSE  580963752    1911020118530422        1.080000000089
19710928-113340SECAAAAAAAAAAAAARLCOMMONACTVfFnwEXflmD                                                            NASDAQ865498550    1961072619071221        0.21BGNkHkSVFBdTuPfNoMIAETucvmJKkQhReFVyGfvjpOOsNPR             
19710929-005142CMPGzDXOWXDABSzNrogrDpc                                        0000000247ACTVOSBBB 196606244141 Eagle North                                                                                                                                                V6K 1W9     Pomona                   British Columbia    United States of AmericaDelore                                        CkLKNURSVHiRHPYcDlLcxieziSGuEMfVOEd                                                                                                                   
19710929-071659CMPeezYHLVGTnzwQXHAOrKazMfL                                    0000000248ACTVTNCC  1912062212397 Ingersoll Upper                                                                                                                                           45431       Oakland                  UT                  United States of AmericaErling                                        BvMxTCUlZoHMuoACMCLLasmSKiPel pHH                                                                                                                     
19710929-232433SECAAAAAAAAAAAAARXCOMMONACTVFZw USBSlQn WiINcVTfnCvgcKNySTQKmTIy                                  NASDAQ253545930    1959022719530211        0.640000000218
19710930-120205SECAAAAAAAAAAAAARQCOMMONACTVoivtjfJLkfSEDuTKYyHGFManzMoPQrvIW                                     NYSE  237764059    1859121219300305        1.41TzOOKJSXlzetRDAZNOaBGRiAoYkrPjDLzvR                         
19710930-235958CMPKfRERJQxDalgYSIFQgEiw                                       0000000249ACTVCAA+  189212025520 Fox Park                                                                                                                                                   80940       Grand Rapids             WV                  United States of AmericaStacey                                        bmDhSWJJPMXFtYNRrCCcJXBuBCaQBV                                                                                                                        
