19711001-092059FIN197141971100119711001    9769762039.99    3129947510.19        3.56        3.47        0.32     202592791.15  321783657292.59    2590302624.40    878271078    902548879yNswyMTeJisZhBAUQKoZSIKDiQjQGQezvJmxBiPyRJAQuJv             
19711001-185257FIN197141971100119711001    3631076700.34    1500388680.03        1.80        1.72        0.41        715948.67  844696680927.88    6155623959.65    833796769    8744330490000000111
19711001-202915FIN197141971100119711001    7409024204.36    2693537327.74        2.76        2.37        0.36     117094014.56  201549560075.79    6236872711.25    976834209   1135899403PjlPgtyXFQMaQwoAnVgbUFMVCFQGEgeGVOPIPEPLwBmXWxRK            
19711002-060117FIN197141971100119711002    2630199695.91     918283741.39        1.05        0.99        0.35     930992007.18  946716543160.14    2840514255.59    871649080    9292211680000000100
19711002-110154FIN197141971100119711002    3980363210.10     769332574.33        2.26        1.91        0.19     431330003.60   40055711454.45    4515180902.26    341008363    4022769460000000018
19711002-162250FIN197141971100119711002    2502339195.05    1377283039.29        5.75        4.99        0.55     878888513.45  145699501654.94    8322708433.07    239460221    275971645kdkMSIAUXjfEwPBQSgTKSIKmszCtWWXwKGVRUzPODH                  
19711003-021710FIN197141971100119711003    1619026805.55     250423995.63        0.38        0.34        0.15     367912364.53   64389671699.06    2280718425.96    655625146    7340829900000000170
19711003-121106FIN197141971100119711003    1877236444.21     467277778.21        0.47        0.40        0.25     827452975.99  608007361610.12    2740658573.12    985466821   1181314168jUguWEMEWoFRvyIQVVVZypyLseGOWfcGLobTsIDScUaBKXNkf           
19711003-215500FIN197141971100119711003    4680567918.29    2335291158.10        2.52        2.20        0.50     655445755.43  953860764314.82     710041992.99    927180556   10620263930000000110
19711004-023329FIN197141971100119711004    7617022723.02    3985978919.86        6.71        6.41        0.52     601777246.81  678895202882.15    1121663656.76    593996932    6220115260000000192
19711004-114541FIN197141971100119711004    6694751422.74    3712201902.52       12.53       10.47        0.55     920859373.86  965387602083.74    7612118423.94    296209244    3544505600000000158
19711004-225809FIN197141971100119711004    3202370966.26    1811028673.02        8.43        7.98        0.57      27052958.65  446173484813.15     830531442.15    214758464    226991805VPfRrzGJDSXFSOgYEIxOaJaDXEAMCqvMuZEQm                       
19711005-041137FIN197141971100119711005    9555318301.18    1862406394.20        2.56        2.16        0.19     516252563.46  367723285776.71    2489559167.03    726892780    8639330490000000136
19711005-122555FIN197141971100119711005     155558399.54      90536438.47        0.17        0.15        0.58     594683164.24  229400568142.94    6476911914.24    522714783    6059502830000000013
19711006-001120FIN197141971100119711006    2704575627.95    1397860560.52       20.54       17.57        0.52     572522798.02  743505752582.38    1565807500.77     68053517     795390200000000035
19711006-091555FIN197141971100119711006    8797458826.92    3064755494.38        4.42        3.72        0.35     772355506.89  418440325797.36    4796485303.22    693458399    8229703280000000251
19711007-003724FIN197141971100119711007    9791179173.97    6339619321.54        7.18        6.64        0.65     371822587.84  343001662492.07    8895191359.86    883037432    9553530700000000050
19711007-091017FIN197141971100119711007    3382551501.54    1997390817.26        2.11        2.00        0.59     263163727.15  246247117369.86    1409095672.68    944963943   1000700718NXYlMCOvkZMdSTGmlcsYmASEslwTXZUhRGxeSFvRN                   
19711007-114758FIN197141971100119711007    4322726794.91    1317694392.47        7.48        6.90        0.30     560091428.38  893857349484.56    3951732022.16    176073377    191039309PozAgYtmghzwqacMhOFSFF                                      
19711007-231306FIN197141971100119711007    8329951854.41    2711540096.11        3.63        3.52        0.33     623764458.82   65927425758.71    3890614673.79    746627695    769824894KfRERJQxDalgYSIFQgEiw                                       
19711008-064413FIN197141971100119711008    5448215816.91    3230513642.27        4.64        3.94        0.59      92133382.75  447721007668.03    9806436123.07    695558341    8197782270000000095
19711008-174145FIN197141971100119711008    9070151355.04    4556817737.66       11.21       10.78        0.50     454526324.63  921566991281.14    6155589378.28    406515611    4227566990000000022
19711009-035937FIN197141971100119711009    1710049575.84     421778263.61        0.75        0.66        0.25     520391338.25  786281296503.08    7880130900.38    566008863    641738237URZBtUKnpDKKHZbOejdWhikbEaSqvjzvEtNLbCtShSSaX               
19711009-091221FIN197141971100119711009    1660373556.41      33768580.38        0.04        0.04        0.02     126007165.80  309578989553.08      66849502.99    824494581    8875137450000000247
19711010-000811FIN197141971100119711010     900277545.75      25278728.01        0.04        0.04        0.03     186960464.27   29835596309.45    7518881518.78    567049941    6781384330000000096
19711010-020622FIN197141971100119711010    5363243321.15     596739591.37        1.21        1.03        0.11     384096948.37  527236554628.41    8123096699.96    494296458    578436137RzFPWFvwZRrSBSctRiMfHfNKAAwdNTjFVMI                         
19711010-103953FIN197141971100119711010    4088013570.86     749404030.44        0.77        0.75        0.18     959715976.88  857833789381.01     600282261.45    972804188   10026198470000000184
19711010-211652FIN197141971100119711010    1577871019.03     503688979.94        1.20        1.11        0.32     536105987.55  667808009795.28    7471288931.05    418739129    4557263370000000194
19711011-040150FIN197141971100119711011    7039867713.64    2234526819.51        2.61        2.20        0.32     490855044.85  985026955400.83      72695347.80    855300431   10145893730000000023
19711011-105308FIN197141971100119711011    1692653559.11    1003217703.03        3.13        2.89        0.59     455601207.35  596716068788.46    5982143544.40    320689286    346535692aJZDEsbtUZIVIFHQlUkKimBOIJCkSOi                             
19711011-192907FIN197141971100119711011    5405211761.30    1989747055.51        3.02        2.85        0.37     176350826.46  315118914317.10    4018976735.84    659891961    6992477610000000059
19711012-001744FIN197141971100119711012    7918830036.17    4414907676.22       24.26       23.83        0.56     307187923.81  652386378765.07    5748464223.52    181985803    1852973160000000039
19711012-123439FIN197141971100119711012    5377387789.39    1388062910.05        3.91        3.27        0.26     889318594.88  235606339329.56    6757655062.25    355306993    424060811qNBRLBcNHRMNCOGgoLutSmLjluU                                 
19711012-190945FIN197141971100119711012    7051586294.01    1231738221.04        2.77        2.48        0.17     598749689.05  495586775332.58    9091474199.63    444343869    4971712950000000046
19711013-065719FIN197141971100119711013    1595931653.24     682798802.84        1.27        1.17        0.43     376113811.14  123749776322.28    8085855224.67    535897198    584001237NzPPOvaDXUEaahXSUBxgGTdt                                    
19711013-210318FIN197141971100119711013     714593820.97     287921616.20      120.50      101.19        0.40     784385039.20  384798478400.99    2932265719.37      2389316      2845347HazhIGPeCVSzQZwuNFJTfJUbhYdYFIlCd                           
19711014-112332FIN197141971100119711014    1201780733.07     698769513.65        0.73        0.66        0.58     632503969.11  903735985691.59    8699567850.38    951028453   10552817750000000216
19711015-020133FIN197141971100119711015    4266796164.42    1534510546.50        2.88        2.54        0.36      73736390.47  675716284431.71    4415982198.47    533567001    603667286iygCnruNmmiRZKrPxEHpuLAIrZIVgBcvWJzjzMNW                    
19711015-153610FIN197141971100119711015    1997182815.61     347366611.76        0.62        0.52        0.17     499121145.11  475611355551.60    9093713166.80    564125611    6704971480000000011
19711015-211510FIN197141971100119711015    4446403476.36    2295984682.10        3.51        3.24        0.52     898602782.20  402341905038.24    1035482823.11    653522262    708269596bqfvTyldyQqhQaQgOFO                                         
19711015-233410FIN197141971100119711015    3581104051.35    1118549654.65        2.93        2.76        0.31     792027901.33  158899841945.64    5023271822.58    381883702    405527161MCUMedIwKXKWmxZtjKLGmNhZVZwXLheDyjZaNegMuWB                 
19711016-091625FIN197141971100119711016    5570309855.06    2948361675.67        4.44        4.16        0.53     332798904.46  554922238580.90    6478291377.63    664448330    709001838sFUPMbMzZhWukEqBOFVslISMGF                                  
19711016-231409FIN197141971100119711016    5589795940.66    1024259140.16        2.39        2.35        0.18     283922986.83  973791712553.91    6327213230.38    428163260    435702468lSBXSwESnnboFFeSvHxFjlfxrwIZABfGMjiWUbhTmnRHnPFOTMlMAQnZJA  
19711017-082320FIN197141971100119711017    2410586933.64     834030538.23        1.69        1.64        0.35     433019530.67     852832357.61    7976666379.64    494079394    5075507740000000203
19711017-174532FIN197141971100119711017    1250394701.75      83724460.84        0.12        0.11        0.07      30234091.80  178574775293.71    7314980028.10    685469762    7959165090000000052
19711018-064411FIN197141971100119711018    3115093707.89     583132316.98       29.98       28.78        0.19     193504842.00  852938848271.44    5226749859.40     19451459     202605890000000000
19711018-103351FIN197141971100119711018    2585973045.39    1647105524.05        4.24        3.70        0.64     831606023.35  792200481428.56    3018054841.84    388038593    4452753400000000135
19711018-171818FIN197141971100119711018     472908397.25     328019489.10        1.32        1.25        0.69     941534368.47  526991687890.92    2720103734.27    248568050    263241181xJLQVuTFshRimMWvovlkhREDPsbyCEbOPAiHlYQoNpMfOnOS            
19711019-025859FIN197141971100119711019    2017524087.32     874492397.89        1.06        1.00        0.43     660233332.47  938404860968.16    4811923625.11    824268576    870491456YtvHEQBjudJlIIctWcFxmnzyLLXwZIjQbTYYSJjShQPPW               
19711019-172830FIN197141971100119711019    1679008922.06     190581257.41        0.37        0.34        0.11     713543800.86  518533760307.10    2317167477.28    510792736    568547829ILluFBdLbXRPNPnaiojyEqsGqUArncqWACvKTGoQnLdlqc              
19711020-011308FIN197141971100119711020    4423190745.66    1627491209.14        1.64        1.47        0.37      38705106.12  160557517701.95    6184326331.45    994560145   1108298951tDPWLFEtBmpAwavVQikXwNpRaJ                                  
19711020-074941FIN197141971100119711020    7072448513.30    2442422018.49        5.23        4.81        0.35     863597962.17  700358662779.47    8532263937.98    466872567    507490747diqlqOsDpYaNQhSPBbXhMXocCDXEfNMfLDMDHOdpovsklTN             
19711020-153647FIN197141971100119711020    1826062121.44     855357462.87        0.90        0.78        0.47     520056644.37  754638028902.52    5833256576.51    951828586   11017362070000000208
19711020-202729FIN197141971100119711020    8438593249.36    5653753522.50       11.08        9.96        0.67     547200254.49  621613116401.03    1614094532.98    510367486    567473827QFRbFMIOhFIvNDHHKUIHIwUDsyiGpkDUVMQO                        
19711021-114739FIN197141971100119711021    4561457259.21    1348280018.52        2.67        2.28        0.30     319282637.08  731564732751.75    9712148299.47    504826555    5923495070000000228
19711021-133559FIN197141971100119711021    5967004040.65    3178114023.23        3.18        2.84        0.53     181057957.78  954678722098.77    7503537062.32    999822129   11202115120000000105
19711021-172352FIN197141971100119711021    8406784033.91    5590657325.15       11.07        9.85        0.67     374942538.01  719760293924.07    3552445125.00    505202804    5677718660000000065
19711022-082933FIN197141971100119711022    1070962820.56     354714018.68        0.65        0.54        0.33     630845520.26  176805706576.32    3239974245.26    548802681    653998701zSzyZVwpMSypTaf                                             
19711022-225203FIN197141971100119711022    3704192239.44    2143668027.93        2.14        1.88        0.58     590676485.46  353141599364.07    5884115687.01    999381601   11423369180000000124
19711023-044556FIN197141971100119711023    3608338616.64    1392661181.00        1.44        1.23        0.39     773681617.92  153918798766.31    7421755094.29    970264597   11315035970000000090
19711023-162557FIN197141971100119711023    5734052858.55    3811231398.66       13.28       11.17        0.66     547338944.33   88570614829.04     667814948.11    286893519    341087210yJZRFbHLdseBeTnJIpEmTJtfrrDaEFBWyS                          
19711024-030013FIN197141971100119711024      34478579.54       9047590.13        0.01        0.01        0.26     497908463.52  880065545662.26    9799701092.75    731011685    873292659UXKSWgGTVwuzWNnUV                                           
19711024-153905FIN197141971100119711024    1752081597.23     940283031.89        1.17        1.03        0.54     135936219.86  825448925723.97    7525264684.57    801924131    9126332920000000235
19711024-160322FIN197141971100119711024    5415181877.44     988139424.63        1.28        1.15        0.18     242698877.48  718556122315.06    8200400179.93    773594425    8613953720000000176
19711025-072832FIN197141971100119711025    3881110388.01    1335840976.98        1.59        1.34        0.34     402616038.11  179891866941.63    2378133155.11    839613597    9932553510000000002
19711025-145316FIN197141971100119711025    3410688561.00     266193794.14        0.60        0.53        0.08     997513330.67   95999543455.89    6688422212.19    444998004    501738820CJDIgUzBAIqWZQVUTlyQjQGEMKgPacOT                            
19711025-203431FIN197141971100119711025    1298486277.13     664452552.05        4.36        3.85        0.51     630031344.51  937189777795.04    2784570544.87    152260377    172703846bDehSFMUUzvBayHEfHPXduNBnPkf                                
19711026-013033FIN197141971100119711026    9285548635.42     363935675.07        0.43        0.36        0.04     997921688.41  340587041861.24    4964679058.94    850357941   1015265400LKCNUwwVcHHCDVwSxILaphVOqaSQACIMfdTAl                       
19711026-165712FIN197141971100119711026    7366732243.25    3324030542.64        4.85        4.35        0.45     322702756.40  699665216697.66    2057913173.92    684856921    763514980xtCKWBjqUKBQIRxNAFhHNGkothLlKEOJLIDZHCCNWPKwSBnHHcnYM       
19711027-010535FIN197141971100119711027    7437702848.98    5032181112.97        8.59        7.22        0.68     155834806.60  950675614559.43    1399122937.03    586119781    6967360490000000162
19711027-023835FIN197141971100119711027    3930569835.71    1736221623.31        7.90        6.89        0.44     620027549.61  668425568021.28    8022836679.83    219679980    2520104670000000188
19711027-064401FIN197141971100119711027    2678643615.26     461043900.61        1.13        0.98        0.17     490805720.74  242817040878.36    3252697249.32    407913304    468247755XDnNdfGcCiNIOwdZoWMTZgVYEOsHLSH                             
19711027-180247FIN197141971100119711027    4449536996.57     722158049.75        1.00        0.85        0.16     247436680.24  116070006709.51    3185194955.33    724372130    8503059120000000201
19711027-235738FIN197141971100119711027     334546359.42      46842640.00        0.15        0.14        0.14     743680896.34  353686658794.91     315007202.83    308288345    345093419VIwCayPvwhogOnJYXzNaeJARKVRQdTJzLSKMYmjqiITvCVKAMRRJCa      
19711028-120343FIN197141971100119711028    6234709597.85    1878431296.87       21.40       21.05        0.30     828655812.84  723476975805.01    5269537225.07     87757587     892293780000000227
19711028-171507FIN197141971100119711028     474917201.83     123222316.02        1.16        1.16        0.26     627980258.59  679832619366.38    4926400076.31    105888119    1062403570000000177
19711029-011818FIN197141971100119711029    7598038712.85    2306357666.29       10.26        9.32        0.30      84751982.47  378995350546.01    6666593931.94    224799011    247406499TxTPsLmGwimWWXASxFWhHELRSjbULIsdFngWTKprXoTR                
19711029-084459FIN197141971100119711029    9571299029.05     796709985.66        0.96        0.85        0.08     140676330.16  804846330841.34    3592678915.31    833273174    9392678450000000231
19711029-232852FIN197141971100119711029     132161017.87      34548739.30        0.11        0.09        0.26     317898239.02  200524816525.54    6584246947.18    312762366    373786325VZFBRwvFHyQCUMDVoBLLIIBmacVsHPTyOUvhQJtRzByXxTqcURyaA       
19711030-024218FIN197141971100119711030    6028449115.25    2377215615.61        6.41        5.44        0.39     364024596.37  732972304774.87    7275670044.07    370914860    4370918240000000185
19711030-034929FIN197141971100119711030    3596940351.65    2509864514.98        5.64        4.97        0.70     625279535.48  463303839844.22    3527252198.71    445078849    505005824IYXYDYXzMPNoklZTdipMzRqgCNIOKJHazWaAqvQYkNmrDITClMRGjaTm    
19711030-103952FIN197141971100119711030    6223687705.76     328248951.92        7.69        6.75        0.05     912431834.58  157259082182.01    4149543732.28     42685193     486582510000000051
19711030-211724FIN197141971100119711030    9395174674.09    5365179199.12        5.97        5.04        0.57     656014079.01  896438217281.51    5556488905.11    899064456   10647709360000000234
19711030-211803FIN197141971100119711030    7524197500.45     346203213.52        1.36        1.14        0.05     751916530.12  424363226692.37    9953386290.30    254857019    3044643660000000147
19711030-215312FIN197141971100119711030    6028266455.23    2280244818.02        4.32        4.26        0.38     267709735.08  238019529251.03    5376914674.63    528310579    5346499480000000191
19711031-091042FIN197141971100119711031    3854678183.94       8154499.99        0.02        0.02        0.00     869278789.89  854708984206.87    1162362651.05    383126765    406823227PAKPEEUQmMEQCIiKNBmUEBtPfusQRkopGWWnKXMrfXJjrgUvxcuTzMgPK   
19711031-125847FIN197141971100119711031    3859937705.42     177398640.86        0.19        0.19        0.05     434013205.16    4045789385.60    2941896450.08    931735668    9577330340000000156
19711031-232738FIN197141971100119711031    1082700286.33     658015897.61        0.88        0.74        0.61     654235281.43  470823713332.43     404369923.73    748880638    8924446990000000163
19711101-111705FIN197141971100119711101    1501308425.53     198141405.29        0.50        0.49        0.13     232191204.73   14318334904.75    3726771723.50    398629062    407260173tWwKapCDGKDqBvwDJQvKfXxUMzFDUXQBf                           
19711101-180913FIN197141971100119711101    7295474083.75    2611224103.91       15.08       13.38        0.36     126800799.95  555508159537.48    4571078164.15    173176172    1952047850000000036
19711102-010959FIN197141971100119711102    1111342276.04     285797569.92        0.45        0.44        0.26     804046405.31  985325927141.44    4238947679.72    632427678    643185202RICOfhFDpPHwKRHsmPHYTpTzGDeJMQruPEEdPICrMiweHGwOFQYNoQXZWIjN
19711102-124231FIN197141971100119711102    5761118139.05    2812004315.55        3.27        3.25        0.49     404802082.12  937868460409.12    2421993344.82    858967105    8660047150000000166
19711103-041124FIN197141971100119711103    9968501692.07    2130020178.77        2.29        2.23        0.21     252924072.62  698400746524.88    3906866431.59    930103562    955584130mBRtpjNBECQCRiWtjEutqI                                      
19711103-192908FIN197141971100119711103    2530690387.54     380590285.83        0.48        0.43        0.15     795828379.66  532358091815.14    9599628808.52    785660563    891568717ZQTjEUONCDrpaHYvA                                           
19711103-212643FIN197141971100119711103    3835027330.07    1761589129.39        2.74        2.44        0.46     928709266.94  912694921014.73    3142336530.00    643658272    7227819210000000244
19711104-092252FIN197141971100119711104    8821980340.62    1769444876.40        3.23        2.81        0.20     268479236.64  890568312849.74    7058067193.59    547112431    6308156810000000118
19711104-215117FIN197141971100119711104    6743004367.09    2924834488.65       11.26        9.47        0.43      70344553.59  858358264643.75     228835015.18    259719075    308824509hcPDGWJeqNhVOJEHQzDTICfkFUCNaLlcnCkzQvSJALfIzRb             
19711104-230420FIN197141971100119711104    3694813689.18     275826465.90        0.34        0.28        0.07      35262544.20  248683727176.63    3588753872.40    820784074    979941491zCNcUXNeZAUXsHb                                             
19711105-042509FIN197141971100119711105    4214168543.15    1081450174.78        1.47        1.28        0.26      84691726.36  239760895480.49     475749682.25    735968847    845960569sEdXWlAyBGoFClpXvyNNafsKbfeEnSrT                            
19711105-044643FIN197141971100119711105    8203447210.70     166378372.35        0.29        0.25        0.02      10974573.48    1504658655.64    8799611407.40    578788576    6645070430000000084
19711105-163253FIN197141971100119711105    5249747758.25    2827911079.46        3.70        3.25        0.54     866747126.10  293713452224.70    2227122398.20    763920586    8699659770000000239
19711106-000449FIN197141971100119711106    3571609696.09    1461839166.21        3.05        2.65        0.41     577779899.49  808351557991.10    2486352365.58    479038126    5510809350000000117
19711106-132128FIN197141971100119711106    3984777910.91    2009312562.25        4.02        3.54        0.50     509652091.50  928218427927.74    5820004472.01    499711161    5675606810000000040
19711106-165746FIN197141971100119711106    2695799629.43    1236574958.66        3.39        2.98        0.46     648493030.75  141004116914.54    4786374784.10    365132565    415560280BzijSDvPCIJvDDDXrPdu                                        
19711107-043057FIN197141971100119711107    9521359259.55     121082333.00        0.15        0.13        0.01     123061518.02  421857337770.38    3800619815.99    827605432    8970555140000000053
19711107-153954FIN197141971100119711107    4480644130.72     912676905.89        4.80        4.05        0.20     869847066.22  315869355341.52    1587267488.49    190245064    225312241JNrlzArRLtDOXxp                                             
19711108-015140FIN197141971100119711108    7815783899.05    5254812935.12        9.69        8.52        0.67     488931857.76  111335058699.26     134024690.65    542221457    6169070710000000240
19711108-125129FIN197141971100119711108    8585006914.75    5618886876.22       90.73       75.99        0.65     447049661.77  911778474940.06    1608098615.13     61929463     739440470000000021
19711108-130017FIN197141971100119711108    2227309700.41    1157395328.49        7.74        6.71        0.52     394209441.71  808670925987.80    5437218948.07    149630573    1725067180000000087
19711108-200656FIN197141971100119711108    6684477782.90    3064670301.40        4.55        4.06        0.46     538673418.74  937134962281.41    1746888655.15    674115326    754254850qRPVVdOiHOaRcVTAInDgjliDRKxjgWiFKZqiTVfCOkJATvp             
19711109-051328FIN197141971100119711109    7768479153.96    1746408400.51        5.22        5.01        0.22     300944560.44  853480148833.03    2807800031.45    334615165    348604833PbZdBtNVFkoHUVrXoPHrheGsXLJgIHgHTAbSKZsIPv                  
19711109-112844FIN197141971100119711109     462347473.57     209345837.34        0.34        0.29        0.45     631209502.26  276068484781.82     752959165.45    608947884    7194707070000000119
19711109-223002FIN197141971100119711109    5226567052.77    1923570741.18        5.67        4.94        0.37     814553952.87  365555331360.70    2259954314.73    339347784    3896356400000000226
19711109-225651FIN197141971100119711109    6494916813.73    3551975815.52       20.23       18.24        0.55     369588172.83  768104638054.43     521660328.29    175597344    194753684inZSWxMORYAMakTEICVCgOECFdCknDeuMDaK                        
19711110-130547FIN197141971100119711110    3132824184.95    1775017881.81        1.83        1.62        0.57     219224243.37   59669433396.89    5519216228.56    971581556   1093658946zZCyFkqieiPsUGvBJwvhXNW                                     
19711111-012016FIN197141971100119711111    9763694152.38    5601988189.82       11.25       10.47        0.57     898650847.02  567844431111.76    6399264637.42    497936795    5351110530000000042
19711111-080645FIN197141971100119711111    9323072170.96    3329804120.12       14.40       12.26        0.36     499644210.29  548618510341.10    3760695601.96    231203562    271494379XiKcfZmoGQnBHAdYEzmdTwSdbIDPEXDvLJbgRSdkrsLGrsJIESgMl       
19711111-222909FIN197141971100119711111    2160710577.62     885194831.78        1.08        0.96        0.41     461779025.70  698574814951.44    1303125860.62    822472999    9205051300000000229
19711111-235408FIN197141971100119711111    3287312736.01    1484998306.82      106.41      104.14        0.45     459855391.62  510541659303.25    4103546485.64     13955885     142592740000000236
19711112-054652FIN197141971100119711112     633293346.75     122308659.87        0.35        0.32        0.19      82169257.42  534900094609.82    1366060678.38    348040749    377491384ONhcAQwlnmqCCWDoczkXiLhbZXsEJrEEXDUBOGQFbkIMJyvn            
19711112-092401FIN197141971100119711112    9785422424.34    1281830671.26        2.00        1.90        0.13     708614592.37   17945799861.87    5176397081.26    640319538    673878248SOHsouEIQhzIAMeFABDlHzVVpeXiHlUsEEOxcBPIJW                  
19711112-173507FIN197141971100119711112    1846478207.50      77208966.51        0.15        0.14        0.04     935135072.71  472319498798.25    9584041656.22    523907837    5617097830000000142
19711112-233048FIN197141971100119711112    6991740648.01    3767807404.29        7.05        6.24        0.54     912264757.30  916190335584.35     124894271.83    534579885    604259062PJfOlXRPMTdOuTIMAy                                          
19711113-052121FIN197141971100119711113    7542887567.15    2899582474.84        5.07        4.84        0.38     890971689.94  834344111056.19    9441442636.63    571363632    5995330380000000060
19711113-052912FIN197141971100119711113    1803847439.96     848774937.30        1.41        1.29        0.47      39104558.22  295976323414.05    3426618119.58    601861990    657029290vDOkAbyNyfNiUAoMMxwWWTIWEYeJPfPRnnjcwmlWawDedDa             
19711113-190826FIN197141971100119711113    5661766951.99    2203372801.12       24.38       23.10        0.39      14546298.36  551152826475.87    6642120321.42     90379674     95398794RhUQRxcjdEgKAzNIHpMnLOkaWYvDQqHM                            
19711114-090947FIN197141971100119711114     643274899.79      70523370.55        0.29        0.28        0.11     505974109.42  434479790533.38    6756541390.38    246332671    250501636RLjhtKlUmfoJhUDVTLrWpRzHYfKThEqzhoWNaWCnyGIpnDFEVgaiwbbY    
19711114-134742FIN197141971100119711114    3223315450.18      58819860.03        2.07        1.74        0.02     606836514.96  113417172012.99     792138181.55     28381074     337959970000000133
19711114-232238FIN197141971100119711114    1295999081.07     523547229.09        3.67        3.10        0.40     407414970.15  758507778650.25    1402714589.30    142651071    169112273HCyVIHyFodPADbGORMCBjByxRTESfBNDTPBZrsTBUACleKEVFjHkSOorMc  
19711114-232734FIN197141971100119711114    7217743364.69    4709049613.30       10.80       10.73        0.65     810617173.76  928931444628.09    9698834920.56    435896539    4387126950000000094
19711115-140757FIN197141971100119711115    1679533609.59     787273370.02        1.78        1.54        0.47     746975231.82  829559610697.70    2959818404.89    442013840    511621106PGDBgEZqRneMoLzzQWIWKPqUm                                   
19711116-043930FIN197141971100119711116    1234299555.01     738220605.81        1.00        0.92        0.60      42931860.84  584856832676.30    6962514245.43    740046121    803372483yzVtIWYoRQKKPNbDwXqdBMdFXWIZfiTteG                          
19711116-144912FIN197141971100119711116    4011257178.86     302038687.50        0.33        0.29        0.08     370006874.84  678887487476.78    4244439327.82    913119282   10390249460000000252
19711116-152026FIN197141971100119711116    3196531949.06     926092915.33        1.25        1.25        0.29     533300826.83    9412511643.69    5113646593.82    741888546    7422125980000000073
19711117-052553FIN197141971100119711117    1641068096.27     213199731.73        0.83        0.77        0.13     248218930.79  606647078651.10    1944369454.04    257563222    2775302130000000223
19711117-095712FIN197141971100119711117     333318072.12     171087513.29        0.27        0.23        0.51     382894115.73  881591225529.61    5427872169.76    643221012    734473454QNZUltgBGCXGYshw                                            
19711117-180542FIN197141971100119711117    7740711113.27    4066406309.17      454.72      381.04        0.53     557584465.58  208772740787.67    1363443107.34      8942584     10671974VxmNpSrxEBXnLfMwj                                           
19711118-021026FIN197141971100119711118    9439539694.75    4151236227.80        7.08        6.81        0.44     478237922.60  738069282554.39     474171160.36    585942469    6099064880000000130
19711118-062845FIN197141971100119711118     152639975.50      87461461.46        0.18        0.16        0.57     481557794.88  595050343458.93    8591553421.68    498873775    5389109890000000077
19711118-134002FIN197141971100119711118    5639781416.98    1383986142.67        1.89        1.61        0.25     955100134.52  829773201437.80    8081322031.45    732127585    8584212720000000044
19711119-024305FIN197141971100119711119    5214599966.68    1187766219.62        9.73        9.12        0.23     870486170.08  762625179029.03     302309635.92    122037464    1302225680000000248
19711119-171323FIN197141971100119711119    5705255086.51    3447251073.24       96.05       85.09        0.60     835816544.85  797456213870.68    3814489986.63     35890144     405125800000000008
19711119-184224FIN197141971100119711119    9763720016.74    3933439667.01        9.06        7.83        0.40     937495658.42  913566465849.39    6676676751.38    434225871    5021561050000000127
19711119-191402FIN197141971100119711119    4598761765.96    1958038363.05        8.04        7.66        0.43     336772446.32  969437819031.02    1038677002.26    243530932    255518571KoviRxUIRFITXCLew                                           
19711119-231845FIN197141971100119711119    9037871865.67    1874031757.47        2.64        2.57        0.21     753937901.10  177477264899.14     472944339.71    710621851    7291946720000000246
19711120-140744FIN197141971100119711120    8916935961.81    1068709592.91       11.37        9.49        0.12     423599954.14  885113267705.41    1803952205.34     94009296    1126203780000000206
19711121-013313FIN197141971100119711121    2544719311.09     847195554.90        7.83        6.71        0.33     632324962.02  477602432748.36    2910910242.13    108181463    126252967VcbAKPfBIpRdEaWhZBDoBABArjGqRCPYqanHvstLOVuMQC              
19711121-165017FIN197141971100119711121     916862046.29     354552563.61        0.37        0.31        0.39     331396785.23  360215229346.80      53788933.99    968615360   1134643386XUhuCIMVvmnSqMBPsPTqVPeOhOJjWFWHqbzvsVmNTAFOvA              
19711122-034511FIN197141971100119711122    7483910563.12    1619223475.79        3.48        2.95        0.22     805638179.59  776025843829.92    1312546181.04    465024144    5493441060000000197
19711122-174159FIN197141971100119711122    8773953431.35    4582090571.32        5.39        4.70        0.52     745430260.36  720099102005.94    8687830441.77    850737100    974572339QPoUnLDTrDgYSUKWmSCDOMHFQOuOStATjAIXdgAbzman                
19711122-204625FIN197141971100119711122    3893293668.96    2364367815.70        5.79        5.24        0.61     691707958.34  606431596031.50    1987637861.31    408432026    451390132FCOCNTOPibcmwDBHblaHXU                                      
19711123-052245FIN197141971100119711123    7917670171.54     365326231.00        0.60        0.55        0.05     599936319.40  137728667582.33    5658545859.01    605839826    660060193YGODXTYUYQHKSUzVdmTrHaaZEgiuZLXAwzvjFZMnWXdUSECjfiOJYU      
19711123-201043FIN197141971100119711123    2305266678.35    1020251314.08        1.47        1.29        0.44     370037642.20  259820985055.79    5019131295.43    695907390    790027204xNZnDTSoUVPNSoYdgBUPLqzOHFZzrIJQNLRxXgjb                    
19711124-033922FIN197141971100119711124    4086189505.79    2188360268.74        2.70        2.70        0.54      88155018.37  553455169263.48    7825344964.06    809099874    810604094KsLBXnElVKdTMXGCGoOrJDQaBpHiZwbprNnHXjI                     
19711124-145855FIN197141971100119711124    1155467240.31     603553763.07        1.55        1.37        0.52     664680287.56  299108560958.64    2007496700.19    389607649    441913327FXFYeNQJTmypAWxzHPOBgNFDcXaQQFB                             
19711125-023742FIN197141971100119711125     414471987.28      30802756.15        0.12        0.11        0.07     690963819.68  386487440665.95    4629203607.64    253601782    2849701700000000106
19711125-033256FIN197141971100119711125    7235989975.61    2064718111.99        3.93        3.56        0.29     801418491.97  654312558497.96    9181989659.11    525389766    5801061400000000043
19711125-185331FIN197141971100119711125    9448763688.72    5178417272.13        8.04        8.03        0.55     729286195.41  556804856338.99    6408698088.73    643731556    645206915XpkDkREvygUBRrUJBn                                          
19711126-072900FIN197141971100119711126    2034791660.99    1190012604.38        2.69        2.59        0.58     325668693.96  918832244660.73     848299791.46    442319074    459895065CVRXvUkWOxdMcWRMhABiVpiKwSnFEzHzbbeQ                        
19711126-102621FIN197141971100119711126    9719968097.29    6004514115.53       30.16       28.07        0.62     462743166.94  308707136223.74    9591599006.37    199075415    213884263EVUsfGZbFTVUBMUvYJxLFJecNoRUrFGd                            
19711126-165828FIN197141971100119711126    4207022372.08    2766886682.86        3.62        3.16        0.66     763778025.36  922341384023.63    5313938875.12    764417520    875659538KmmVMAnFFPQmIEPRJFeYqLOdwxWQuDObsQcTKGNrrp                  
19711127-051242FIN197141971100119711127    9142383920.56    4672219182.70        5.38        4.63        0.51     785102082.88  375088347666.73    9622930340.25    868994918   1010023203jlkBZXPcVEbEkvquHcRWHHHVGNQxJWnBWpCCCKENWGMjHFABR           
19711127-061840FIN197141971100119711127    2032276430.69    1000283611.91        1.50        1.27        0.49     255403508.54  636747419057.01    3845727665.09    665488579    7883131870000000193
19711127-181930FIN197141971100119711127    4558408232.87    1367631893.25        1.48        1.23        0.30     114439057.09  448322653208.17    6748833598.82    925471039   1107546906WCJJAitQbHnCKfmKEVEELEBjYtHsVGTBpOMMCLXEadMPRGRTA           
19711128-005850FIN197141971100119711128    9832577260.45    6872954889.47       13.72       12.74        0.70      23068751.97  568240966917.48    2308369655.26    500931082    5395217510000000030
19711128-151730FIN197141971100119711128    1692386880.31    1104417875.22        1.43        1.41        0.65     280861769.69  936501098790.59    1551590251.36    774583424    7827058220000000016
19711128-202450FIN197141971100119711128    1522539094.84     570273020.27        0.97        0.93        0.37      49219166.88  295772329697.90    1786428931.23    586566828    612956939sPFpJfRunRmoHacLH                                           
19711129-044259FIN197141971100119711129    5598757724.52     239082304.74        0.33        0.28        0.04     863070785.16  921838034438.70    5726893628.36    728739863    8529727220000000211
19711129-050400FIN197141971100119711129    5191250580.76     951156249.78        1.47        1.45        0.18      76315790.20  168740147843.36    6173023847.18    649178124    6571166370000000215
19711129-155106FIN197141971100119711129    7722930030.14    4254729988.88        5.16        4.65        0.55      87661112.18  467400975184.51    5321123123.37    824315593    914481310oIQejJbSLBWXaQIsuHTVgYmfsffAYKYVcOoxXezynfpc                
19711129-172509FIN197141971100119711129    6337669776.29    1696823351.34        1.79        1.59        0.27     581978093.79  715602591627.43    7067609428.10    946817655   10697182790000000218
19711130-040914FIN197141971100119711130    5762099527.90      61971535.18        0.10        0.09        0.01     607370217.06  843207307727.96    5595043779.75    596689722    658179021eBZLwzfHUBLxsWSFpQmudmDjRXm                                 
19711130-130155FIN197141971100119711130    7657970165.36    3482844690.70       20.54       17.87        0.45      95342227.40  298538862069.77    9143057537.37    169535427    194943602OKehKyGaHgbEeBcBDAnFaXwXmCfzDCIig                           
19711201-003109FIN197141971100119711201    5159726009.12    3606501944.76        4.27        3.76        0.70       3538790.05  386975938308.20    6247628922.09    845236609    9586271320000000031
19711201-133536FIN197141971100119711201     179768770.94      76789155.40        0.09        0.09        0.43     713882244.77  116636517012.44    4228599766.03    818380300    9024319990000000141
19711201-192139FIN197141971100119711201     925649218.68      80156187.28        0.53        0.46        0.09     262803285.48   33085812702.89    6226424772.86    152001968    175536082UXGHkVXHONXySRVzmlfgOKLOPXECLsMMjGzHJnirREX                 
19711202-094800FIN197141971100119711202      20944484.57       6540463.38        0.01        0.01        0.31     199959994.27  326951473620.64    3490514118.91    611896714    6681331150000000081
19711202-102152FIN197141971100119711202    5457037904.38     478128209.55        0.74        0.69        0.09     168523223.87  322939005456.38    2914816099.94    643881317    6977437530000000138
19711202-161046FIN197141971100119711202    3135064567.65     935561863.24        1.30        1.24        0.30     805849240.98  569049984932.80    4374555986.48    720108684    751799004RIoafLXyzvuVdAypgRHDbVyCNFqJLTgbS                           
19711203-014807FIN197141971100119711203    6411290641.88    1308833103.47        9.35        8.58        0.20     173113715.22  244628444438.26     583300568.03    139991331    1525719520000000186
19711203-073627FIN197141971100119711203     175200102.39      80288385.75        0.14        0.13        0.46     884208850.40  863838959973.53     179446010.38    570066687    6119946720000000134
19711203-230621FIN197141971100119711203    9917906910.62     583671796.65        2.03        1.93        0.06     678245292.76  208925894673.81    2676721861.72    287665016    301955479SPxWWxntruWsXkUhrLeUTFIRwNluEpnOeOAYsCBLnc                  
19711203-235843FIN197141971100119711203    8614836254.96    4354393679.40       33.36       32.39        0.51     621095786.05  401394187248.40    2069426032.35    130509199    1344362780000000020
19711204-132818FIN197141971100119711204    5923386452.60     366529173.28        0.41        0.36        0.06     717033418.39  374456915226.43    3475867835.21    892847445   1004376285KRtMROFTkhVPydRKxEDtVV                                      
19711205-011129FIN197141971100119711205    7048998573.50    4485401768.23        8.32        7.71        0.64     309542229.04  341900189552.02    2733167108.66    539212590    581434073jnhGOQaSGPLzBRc                                             
19711205-030942FIN197141971100119711205    8887640577.00    2635937818.07       19.31       17.44        0.30     378819691.28  703453679185.11    5105055551.85    136504684    1511058070000000024
19711205-152715FIN197141971100119711205    7504301171.61    4060894578.27       21.42       19.62        0.54     992281413.88  151935811439.25    9977883437.67    189624405    207011847XLTxGrTTSMIeAKqzJEDWF                                       
19711205-161146FIN197141971100119711205    7183801412.60    3021918091.62        4.60        4.17        0.42     569591841.86  852518328145.72    2122299676.74    657466874    7255073340000000102
19711206-045237FIN197141971100119711206    3236003482.54    1556737813.53        4.84        4.81        0.48     616806986.49  725889612302.02     165449820.34    321605962    3234161740000000025
19711206-132310FIN197141971100119711206    5074215671.63    1301962489.43        9.76        9.75        0.26      38989691.35   25338803453.16    4837460668.30    133390212    1335319390000000063
19711207-021705FIN197141971100119711207    3938416326.03    1692871475.53        1.70        1.54        0.43     938374882.06   44954937825.04     316752678.64    996807484   1100679617bqxEENiCeuJtRlUKFwhdKteH                                    
19711207-153407FIN197141971100119711207    9788810639.33    2925463612.32        3.93        3.62        0.30     878565766.79  805635247191.39      24328461.60    745267102    8077789710000000007
19711208-051026FIN197141971100119711208    7736979959.46    3285993236.07        6.92        5.99        0.42     488317342.22  835299154821.27    6101264871.50    475139539    5486776420000000115
19711208-101330FIN197141971100119711208    9459810920.57    5040812718.82       28.96       26.61        0.53     296229066.24  945861265964.13    6544741776.32    174083435    189447136aaCRGOKapDAmHhNFT                                           
19711208-184945FIN197141971100119711208    7631715686.51     688613364.70        0.84        0.82        0.09     208935676.26  640964915127.39    4383314973.76    820954634    8416965670000000061
19711209-043523FIN197141971100119711209    3025314222.57    1625966299.27        2.35        2.18        0.54     542222695.22  104007562365.66    5646009747.81    691400499    744700838JrvIZAzWlMCTHGbTEAUdbBtPiFGrTXDLPtHHrjDyTiEWmrrZ            
19711209-085848FIN197141971100119711209    9199516833.68    4951419816.72        9.72        9.62        0.54     347713507.34  790691504424.93     631236713.65    509577861    514454756RROTPAhGxBXCsDRWwCaoSoQOjzYvsXPjjDoaqguiSANJtSIiUgcJfFuX    
19711209-215421FIN197141971100119711209    8967560616.59    4489998196.91       23.65       23.09        0.50     252141946.93  103690589219.61    4732734139.32    189832178    1944282610000000178
19711210-043006FIN197141971100119711210    4298218215.54    1289599519.64        2.58        2.54        0.30     465692959.16  594957613765.61    1456447826.12    499422159    506757961gIOONPxnQUwBdFNEMLBUXdUbFPDWDVOVnWIIMRpOMbaMGipmCAICpjncsHs 
19711210-114502FIN197141971100119711210    2626907864.34    1652526194.17        3.27        2.90        0.63     409927569.10   20724760162.34    8308735676.02    505180225    5690484060000000196
19711211-021546FIN197141971100119711211    2932343284.43     183989337.74        0.29        0.28        0.06     571494064.74  667002434883.86    6608504929.66    636676290    668922545EVDrXsEiEnLdzKgVPyHxGfRHFwSXDLmBVPRuIGzcczcxVVXFnGDnNgo     
19711211-105654FIN197141971100119711211    6832523849.65    2715272076.79        4.52        3.82        0.40     161702931.93  623162213204.44    2265593111.95    600712791    710765022WAUYdXNERWrDlFxcxhSWqEIJvzOFNSKbuUHsrWRIRHHkQpsvEXCCZHBCM   
19711212-005537FIN197141971100119711212    9390544963.41    1192532485.15        1.33        1.25        0.13     716825194.82  258946106275.00    6327547517.13    894955235    956560804LoSyvUwXvGnKexKhSbbtArGnpUcArarLDzSDOEMMZBwKPwRuADFxSFJ     
19711212-021157FIN197141971100119711212    3707720501.99     483913251.17        3.02        2.91        0.13     998597335.28  291578819200.60    6500767721.75    160180536    1660949290000000189
19711212-115718FIN197141971100119711212    3696080308.49     158846516.37        0.17        0.16        0.04     865288700.76  279830989576.79     511983016.38    937313206    984737161hJTjBraMaWddGWF                                             
19711212-142627FIN197141971100119711212    7843564502.18    2647162772.52        4.48        4.20        0.34     253235520.92  121333477757.81    8090419855.12    591168142    630039408VJecwNGRKWWFBmyGzHnLJQDTAFYJSdZYFIIDBdQdB                   
19711213-010329FIN197141971100119711213    8421707776.40    2548695761.70        6.44        5.44        0.30     639084003.64  244729664028.71    1075015350.01    395616743    468107686JySpXSUPXXRQAhXZYVXuSJeBKDIpCmynRTiStS                      
19711213-063549FIN197141971100119711213     652526164.41     224684866.80        0.44        0.42        0.34     432128868.94  723936486876.27    8195213189.42    508959220    5365906730000000062
19711213-212352FIN197141971100119711213    9928947945.79    3638538424.72       10.92       10.11        0.37     926546210.27  854342742646.28    6844332199.87    333169822    359742721qRAMrJWYRgHUIFKxEZjraB                                      
19711213-220311FIN197141971100119711213    7610452762.08    3996864403.25        6.81        5.97        0.53     297633298.14  701392401579.14      31259237.19    586881197    669277623caOaabgKJQaXSZiUGJIHBtXLntUfKAkQvMDyj                       
19711214-000358FIN197141971100119711214    7701059147.26    4095502177.49        6.85        5.88        0.53     138999620.91  407579496702.35      76514385.87    598074402    6967915830000000172
19711214-015127FIN197141971100119711214    1565125603.16     556396437.59        0.95        0.87        0.36     946194715.36  961113262608.54    9504651515.13    588027615    6419613300000000012
19711214-141256FIN197141971100119711214    7488401887.05     163246955.87        3.37        2.93        0.02      43102941.61  698988314272.33    5204009797.11     48423874     55771675HxzoYsDAKSPENhVFhNKSkKmGIMCcGmnILQJPtbDNGKngRypBIdcTCrF     
19711214-181830FIN197141971100119711214     426303197.80     242637938.82        2.52        2.40        0.57      73943258.98  932554547006.98    3386103523.16     96213876    100924879KwGGHtkLxtWGPwoGFVBKTqHdHhmZbSsgyyHfJEsFJbOuJAQfYzTNZNcIDF  
19711214-211553FIN197141971100119711214    8437311748.04    4803590338.75        8.56        8.02        0.57     329869872.42  500460768515.20    8129352465.59    561036465    5991227480000000113
19711215-031159FIN197141971100119711215    9093911515.37    3217519912.45       27.46       25.07        0.35     313469424.61  360021734567.04    9907000182.65    117178855    128363198UfSHWSCITBCAOZQunWBPoRwGIRuCUoPSdEQARTADOJmAyACdfM          
19711215-033431FIN197141971100119711215    2023694516.92     635856495.54        1.15        1.00        0.31     393762169.31  842278526460.62    4828330240.09    552034171    6368214930000000126
19711215-115234FIN197141971100119711215    9344990337.47    3781869742.98        5.46        5.04        0.40     512417220.88  404434615534.68    9134607126.55    692528466    750383179EsHPWeZIUldfxNQnmwk                                         
19711215-143456FIN197141971100119711215    8544824956.80    2663444321.45        3.12        2.94        0.31     714570493.86  512317102376.54    6433877878.97    852686523    907094428GZYLRjrimaTBIzBBifAOowqfEgITGEQXq                           
19711215-161032FIN197141971100119711215    4426333870.43     854940213.39        0.95        0.79        0.19     555327933.50  778262724498.93    5055943540.79    900089132   10767007270000000242
19711215-203558FIN197141971100119711215     644317321.82     163490085.25        0.23        0.20        0.25     424920968.75  358613076409.38    9642940816.12    702354390    821801712VSvMNAtEDeXQNEDooBurhHTZUGXzfeRCZXFKsELbuDdCGvFheOL         
19711216-090947FIN197141971100119711216    3689851067.64      78069869.62        0.18        0.17        0.02     333798632.31  936133844173.27    1260861891.40    438386166    460029404MDjVavoVSMeRlCAiXqmFZzvARFaNTAslRoYCUeWRGOXU                
19711216-213035FIN197141971100119711216    5241372305.55    1247737973.77        2.12        1.92        0.24     884886609.36  772807324920.81    7632459966.23    588741911    6496594800000000217
19711217-092455FIN197141971100119711217    7274355682.10    2788373015.43        3.93        3.45        0.38     387047791.57  401554713522.69    4996637295.25    708686633    807613182WqeiYOFGTjVEbfOBYccBfxuAwwzR                                
19711217-233548FIN197141971100119711217    8894606626.24    5097646632.15       10.71        9.11        0.57     452241623.99  426782412583.45    9978786267.12    475822582    5598299070000000183
19711218-054417FIN197141971100119711218    8437714582.70    3596777414.19       10.80       10.42        0.43     418309962.36  365834866271.73    3352442256.47    333056548    345256490FkqRCPDzQSwBVrQO                                            
19711218-144952FIN197141971100119711218    8407165415.62    4345306050.82        8.07        6.82        0.52     470812126.02  893920919623.71    7758550969.41    538220005    6368196650000000067
19711219-025557FIN197141971100119711219    3288774349.09     841516143.28        0.97        0.86        0.26     413522878.80  938023366774.81     838097518.38    869542670    9819584680000000205
19711219-160920FIN197141971100119711219    3984729569.25    1319303832.04       20.93       19.60        0.33     855025140.44  277968195652.19     223369497.79     63046045     673229780000000160
19711220-060425FIN197141971100119711220    5254916946.94    2170151066.79        3.15        2.93        0.41      83296023.23  192841974171.21    5868186746.98    688428368    741149720yRPdOOYwDRIgGtBTaFzyuaZQ                                    
19711220-201258FIN197141971100119711220    6251119802.32    1868970419.23        3.31        3.12        0.30     413964605.49  907836207472.93    3231661552.04    565168061    599494533WtLJlcZhUpnUJhcOl                                           
19711220-225032FIN197141971100119711220    7508664987.56    4487466287.28        6.66        5.86        0.60     570777428.26  248849775335.83    9449725279.01    674066211    766147108XiuLDVDnYQnZdWqIeVWutEjPXZaaQbOqjsNvlFMIc                   
19711221-073719FIN197141971100119711221     531639397.04     265687744.89        0.28        0.28        0.50     795392717.83  634244439303.12    9647614705.10    943641366    9510069770000000181
19711221-124606FIN197141971100119711221    4869595565.50    3194131109.45       17.93       15.49        0.66     100729890.55  371520712555.10    7152925719.32    178187444    206215407GKXARCFbFebKiAlLUJXKJgRjmqXdAQcnJFJAKTzRouxMxMVkXQMjtVZu    
19711221-231533FIN197141971100119711221    8036796616.55    4196718775.83        5.27        5.26        0.52     434499161.28  827680250108.06    4191139947.99    795679514    797208594KJhQqvrlpQBidNaiKSbeNNikTGFNyqfAokZNpWiMnQ                  
19711222-140049FIN197141971100119711222    1494786933.28     424157928.35        0.45        0.45        0.28     418251519.89  361619005613.81    6788043600.34    935801574    940844802LRYKYZXBcxmTSSowQAFUfTJRSoIvPgvimQgPedHDROTgzAImiQMWqxVFPKu 
19711222-194107FIN197141971100119711222    2773283747.61     774331059.71        1.17        1.04        0.28     750324220.87  858107395359.87    1117409740.97    659834283    7419826860000000225
19711223-010559FIN197141971100119711223    1906501684.11     690174369.25        0.81        0.80        0.36     779530298.07  709053775691.78    3401445160.12    857005991    8598880810000000179
19711223-015157SECAAAAAAAAAAAAASJPREF_AACTVpePfYRcKGRYxCnsJuEgWtD                                                NYSE  221606352    1936053119541225        1.540000000255
19711223-094750CMPMsyYBSXNmpCCDtQsKITr                                        0000000262ACTVSTB-  192703275142 Bramblewood Avenue                                                                                                                                         33607       Chicago                  Quebec              Canada                  Vrazel                                        GhOlZzZehWvMIpaBBLekIIXAxVMztbXBINwdhegVHcGtwQDwFgaJPpmTQrKdLnyDSWJWGbVGFQieKzKPMpQrXWctPX XOlCgAKqoHJkTUEgEBbhLCRMIxRylTGQgpMtNBlTTuuHLJCIK          
19711223-215731SECAAAAAAAAAAAAASECOMMONACTVkbRhHYFIACfqirTSQGEOALdikChMHXA                                       PCX   551054861    1956052919200404        2.77NexjEKvgkViOeaMXWULcs                                       
19711224-012906SECAAAAAAAAAAAAASSCOMMONACTVRTKekNJUYcVATwnwFHClyeURlEfhObFINLECMjMw                              AMEX  939655009    1893080518910225        0.25EVUsfGZbFTVUBMUvYJxLFJecNoRUrFGd                            
19711224-135840CMPuBBFBUhgSRFtzQIYXtbEFRe                                     0000000261ACTVGSCC  1869103119443 Ridgelea Lower                                                                                                                                            94413       Windsor                  MA                  United States of AmericaClimer                                        XmmJURBEeMwNFpBqwNbQUTY                                                                                                                               
19711224-194800SECAAAAAAAAAAAAASNCOMMONACTVNFeIvyuyzNRcArDSsiekAjDWOK TTa WIJPXZxUuQGyLBaPTmpyHExBMILlQroPnkDCN  NASDAQ415511796    1898120519180104        0.330000000165
19711224-214819SECAAAAAAAAAAAAASICOMMONACTVzsEGVhH vjQSAOLSBGeBG vCIddbhEaifut t                                 AMEX  51312475     1852080219101028        0.87eBZLwzfHUBLxsWSFpQmudmDjRXm                                 
19711225-091704CMPOVJLucFRYBOGFvuGZWfrWIXkXlBAMCEIbLeGWNDEcqjSGqJQxkWjJNbeHGX 0000000260ACTVTNCCC+185904189518 University South                                                                                                                                           10052       Rockford                 LA                  Canada                  Retzer                                        plGUvIunwuDNp fHNPWIZvRWCAzxICakgZTaWALzulKVRBVTUWFSfLqrpxHBodUJHpRIPRqlPcOBrHMsbbZYiUmHYKDutGDPdOKWFRTotqNH                                          
19711226-000411SECAAAAAAAAAAAAASDCOMMONACTVpXAyaNhVthHQogjUEMjCucIAVmDKbhUYD                                     PCX   84695253     1942081718710814        0.57FCOCNTOPibcmwDBHblaHXU                                      
19711226-060710SECAAAAAAAAAAAAASRCOMMONACTVEfCUbOBsvpkMJ hetKHcYMzSmKVcPoUQLJovIpRW                              PCX   902151475    1857090618921222        0.49TxTPsLmGwimWWXASxFWhHELRSjbULIsdFngWTKprXoTR                
19711226-093329CMPDcixvPMjYlaZGygYVQDbBjxviLTHeYsokWRRkADUoia                 0000000259ACTVCLA   193002211796 Dairy Ashford Court                                                        Apt. 482                                                                        63109       Dayton                   KY                  United States of AmericaPhilipson                                     JlqlbwVWHXHUluJ cRODCjxcQdTjSDORuHCHjVwGW                                                                                                             
19711226-225301CMPHlQPdCFlfEZpMPIC                                            0000000258ACTVADB   1898053011596 Pampas Rue                                                                                                                                                T6C 1A9     Virginia Beach           NY                  United States of AmericaVrazel                                        DOljREISAJHdeuxgEL DyBSFvQHGHWCpiEBJQqCnkkzLeVKCRtZxWEsyLewTMDjDsCqRSTpBkUKUmAUtCzOOcCKxjgKsvoqYzLjRmdkggjOiJNYzypgOrJqAtelLdPhejmZnRmy               
19711227-141240CMPNvcsQmlNGvrUpHVMNMKHzdZhzXKERsNxWKMVBzKlsSBM                0000000257ACTVTOBB- 1938032319551 Wainwright Lane                                                                                                                                           90243       Tempe                    GA                  United States of AmericaLambert                                       HNEsJHWedeEiNXWOFEOadOpNEGmtOyEuAOCxQGpbFQxACMKqvCkAEGwlHLEUZDAkFCfBuvnQtpwZsFMgzEMGRSvc  TVSJMkDDaELJpOxslxQx iO                                     
19711227-191638SECAAAAAAAAAAAAASMPREF_AACTVTjnGKzFwM ETMBrkvkMzJhKzKExGiQr GpBFjzma                              NYSE  401321644    1875121018830325        1.12OhGyMTcWMJdQpJQZIiaxBfCuXgKBUhaQsuoACPYaXpbjkXNDZMmSDD      
19711228-072831SECAAAAAAAAAAAAASHCOMMONACTVetAILLFAGyZOmhgfIFcCGODZPcJPVxBqQJfEBNMrJwGdQLlcYTLMRswFtmYAwW        PCX   714159270    1942022618990502        1.890000000238
19711228-181718SECAAAAAAAAAAAAASCCOMMONACTVKOgOneYrIJgqzGwamjrgARU                                               PCX   15643599     1850021619690505        2.900000000252
19711229-052444SECAAAAAAAAAAAAASQCOMMONACTVJoQvpoTFyZDBUSXFfvfNetKysW                                            PCX   889405660    1875111718710123        0.77qBMMQLoTVJXYOWHbqUadsqhStqZmMDQEYnX                         
19711229-111036CMPFEJqDJbFBHFbMSWLMHkubadniLCUCNTSGIPYDVhVRqNYCB              0000000256ACTVTRCCC+194709068216 Oaklawn Way                                                                                                                                                93742       Idaho Falls              Nova Scotia         United States of AmericaSchedler                                      aiRGQSSUaBoqqyirHgEvHfLKNjDznPGTVkp isiOzMUKwUXcKQEpGAFtnEy                                                                                           
19711229-143140SECAAAAAAAAAAAAASLCOMMONACTVstweeKlxgtsQZGIDyLJsK hSgEVYLjN                                       AMEX  941535567    1864021918960224        2.630000000053
19711229-224640SECAAAAAAAAAAAAASGCOMMONACTVqLOQyRzmrCyeV dVOgCAMDEn k                                            AMEX  309760200    1901092219170419        1.76KsLBXnElVKdTMXGCGoOrJDQaBpHiZwbprNnHXjI                     
19711230-005116SECAAAAAAAAAAAAARXCOMMONINACFZw USBSlQn WiINcVTfnCvgcKNySTQKmTIy                                  NASDAQ253545930    1959052119530430        0.640000000218
19711230-083120CMPRROTPAhGxBXCsDRWwCaoSoQOjzYvsXPjjDoaqguiSANJtSIiUgcJfFuX    0000000116INACRACCC 1882052310463 Winsome Boulevard                                                                                                                                         V6W 1W8     Flint                    NE                  United States of AmericaWaddel                                        VTKZxklOeJRBhOGGQuCFVOZHUAyWCgWYRdfoDKkZOoljxFJawXzNvVNDhYIudULLCBRWZDMwyJpGHWpyPTkfnhVVTJETPLBBMVjkMOG                                               
19711230-105610CMPJaBRAUCPDCLITNXXrADVCSIopfxogeRFkYFvBVlr                    0000000007ACTVCUZyG 1905072319309 McFarlin North                                                                                                                                            60612       Little Rock              SC                  United States of AmericaAird                                          EoxwpIaSiVNkSIbAPRUTUVAnyUQpVyHrLpJUULKOGxxWlAyDfPudALpC ncyZpcUBGLCEizruOCLzBEPhoVUADcFJOUdmJXBcgjCCpKQQFKjquitvKLtxRwQtQwISaS                       
19711230-163708SECAAAAAAAAAAAAASPCOMMONACTVpwZKCsNCjqugMlesxcGjyTPYyisDatbvKBBMPLGbIT                            NASDAQ810717268    1937063018801016        0.980000000192
19711230-215915SECAAAAAAAAAAAAASKCOMMONACTVJMMEDPuydnYQUaUnVQvBWGiGQeAXGJUsFDXAFpBEvWQ                           AMEX  719173015    1909071918910430        1.18IYXYDYXzMPNoklZTdipMzRqgCNIOKJHazWaAqvQYkNmrDITClMRGjaTm    
19711231-033009SECAAAAAAAAAAAAASFPREF_AACTVeWKhLgWxBKVLRcjCBICyLOOGnqVeDsKY vPzgNZNABOXRLiTip                    AMEX  479145161    1926121918880130        0.20XiKcfZmoGQnBHAdYEzmdTwSdbIDPEXDvLJbgRSdkrsLGrsJIESgMl       
19711231-142614SECAAAAAAAAAAAAALFCOMMONACTVpRNfqdgJnopHhBTlreghDOP VPDbEQHCFHwaGEAhldcUDZGaGOJocQRuDTRNRVL       AMEX  677131913    1944031818890404        1.10MDjVavoVSMeRlCAiXqmFZzvARFaNTAslRoYCUeWRGOXU                
19711231-143613CMPCOuSdFGyHSPGOUhjCwiAIgrW                                    0000000265ACTVCHBBB-188312283730 Hutton Lower                                                                                                                                               48261       Amarillo                 HI                  United States of AmericaMusumeci                                      TOOCgCHivIvMOvosZTTG jBxpMTcGQYIPxaTgTZCVxWICnxqeA fsFMh                                                                                              
19711231-173223SECAAAAAAAAAAAAASOCOMMONACTVLAeZbQBzmeHBpllDDaKBaDVpfFztaMSuotPC P                                NASDAQ619164457    1935081518700419        0.77RICOfhFDpPHwKRHsmPHYTpTzGDeJMQruPEEdPICrMiweHGwOFQYNoQXZWIjN
19711231-191602CMPqNiTaifXkCYIMerIPWjQOUJQOrpXZUVLYpDp                        0000000264ACTVSMD           1306 Waldemar Avenue                                                                                                                                            90775       Pomona                   MA                  United States of AmericaRybarczyk                                     LbUaCWekOWTWABtqGeiTxEEzRmSezdnOHSzqQJtdCARkO COfJLoVJRZAfvxEhaOsHYVQHfFNmrIHPKCMZQeRyS eLqPdLCNxeehVKXLMHlfjTf                                       
19711231-235958CMPLKcmIFGIvNgAcvIcDsIfLSTCBTFZvyKmVsXmANBQQ                   0000000263ACTVRABB- 185601212079 Sun Tree Drive                                                                                                                                             H6D 1W1     Wichita                  British Columbia    Canada                  Busenbark                                     cFBJQmDuQGNZWjPNmuWSNNmHFqjqXJDySjCCnDHCXvtySLUqERMzTnzjFYbcaTWhOdtSqnLUhHLhiseCtNAfQ                                                                 
