19720701-131609FIN197231972070119720701    6207314100.27    2444274852.89        2.63        2.35        0.39      56714021.14  963506002326.95    4509647331.31    929425547   1041293330LRYKYZXBcxmTSSowQAFUfTJRSoIvPgvimQgPedHDROTgzAImiQMWqxVFPKu 
19720701-213624FIN197231972070119720701    1210817266.59     294670500.28        1.12        1.04        0.24     958006704.26  706203092026.52    8448468000.12    264036250    2840853910000000040
19720702-102534FIN197231972070119720702     619556571.40     139847535.43        0.20        0.20        0.23     274762930.71  932201428094.93    5676279091.33    696737074    711182941CVRXvUkWOxdMcWRMhABiVpiKwSnFEzHzbbeQ                        
19720702-153049FIN197231972070119720702    4409946547.10     419497742.09        3.51        3.02        0.10     517964715.82  469780480312.50    7726491917.95    119609385    1389765280000000183
19720703-021023FIN197231972070119720703    5561027427.76     285727317.87        0.87        0.77        0.05     855161796.91  510511509837.91     160529571.78    329892326    368911875lSBXSwESnnboFFeSvHxFjlfxrwIZABfGMjiWUbhTmnRHnPFOTMlMAQnZJA  
19720703-142106FIN197231972070119720703    6067570220.99    2123433970.01        6.43        6.43        0.35     480542221.73  177005132145.64    3150719711.07    330225616    3304506330000000176
19720703-161157FIN197231972070119720703     168107840.89      23532768.87        0.08        0.07        0.14     208999287.98  298926489656.49    1708743573.28    312103894    349449188GQgODZYcTEajaEMYDrWGoMdiJOENBaMGcnwYwuNTRPoOXXVjWD          
19720704-052447FIN197231972070119720704    2328506660.07     462591099.60        0.48        0.46        0.20     803232787.90  655771120922.59    4673795956.95    967490224   1001567492rqMbvwSCBGYCGMEPKQeELcTKYUzuwRMWTqYPIirIgRbOCStxEXLeiAEZJCb 
19720704-111711FIN197231972070119720704    3555516035.32    2473708238.10       22.72       20.02        0.70     126805756.36  153210870357.07    4259853846.14    108861742    123562064FQCxtQRoMnVlnjwEERVRrjOJDAIyWTEKGCbBNsvTNBMQXXA             
19720704-191716FIN197231972070119720704    9060093680.92    4531671873.87        4.68        4.38        0.50     481919023.01  937319854169.07    9912558143.37    967424932   1035464924IVBxurMKnJbFCkiInnTeIC                                      
19720705-083759FIN197231972070119720705    4856048990.46    1067710649.64        1.10        0.99        0.22     787405175.44  734927774392.57    2479478286.84    969943026   1078193451IHAiIELZmpMXSKIrRVovqarZpwJMeyEpSwQWmbjcix                  
19720705-090814FIN197231972070119720705    1442603823.30     179602918.64        0.32        0.29        0.12     634509434.09  474900724180.05    7738803476.34    563098246    6254312060000000076
19720705-220818FIN197231972070119720705    6959534119.34    2868909757.10       30.31       28.09        0.41     993941559.97  498733580502.52    1658279486.09     94642940    102134501vnbESGDLPDBDVwsKNSXPqRYLGXjuxVJrQDsEcEVAYIyXWMFThaGbMIZNd   
19720706-121859FIN197231972070119720706    9269348901.92    3047848415.64       20.61       17.70        0.33     840311143.31  676671225248.20    8377247948.67    147901037    1721762420000000009
19720706-142706FIN197231972070119720706    1345274368.69     352846193.53        0.46        0.42        0.26     937969575.20  263833583217.18    8524163224.22    763227285    833869701QNZUltgBGCXGYshw                                            
19720706-230346FIN197231972070119720706    3072358258.42    1423431393.31        2.45        2.24        0.46     568104753.87  682925626169.04    3321828519.21    582047049    636778570NvcsQmlNGvrUpHVMNMKHzdZhzXKERsNxWKMVBzKlsSBM                
19720707-075245FIN197231972070119720707    4322004003.94      94899430.99        0.37        0.35        0.02     990347604.02  492770656128.16     339246964.24    258247186    2684134320000000282
19720707-095140FIN197231972070119720707    9791731221.23    3887875823.19        8.07        7.71        0.40     784445736.62   96312641947.56    3849597374.67    481790045    5044352130000000177
19720707-202758FIN197231972070119720707    3193616747.14    1353303540.40        1.47        1.34        0.42      74673722.69  594538882727.14    9366273800.81    917778214   10080247670000000134
19720708-082924FIN197231972070119720708    1462006386.67     930571431.74        1.24        1.09        0.64      11361966.46  186283975227.40    5586216531.66    751013111    8546585800000000178
19720708-101737FIN197231972070119720708    3662444430.14     969676705.96       12.89       12.76        0.26     110025520.50   66811867317.84    3145696950.46     75238308     75983036jRhDJJDxLPxUEMMpdhzdZNqRVTuzMCrlMcwMsdHNvIEBwDfErPG         
19720708-145026FIN197231972070119720708    4235306207.80    1567473294.93        1.86        1.82        0.37      18689117.42  522430147031.83    9408770749.61    842445237    861291057AChNrBRFTkjZjDXSGVlG                                        
19720709-013613FIN197231972070119720709    6523021002.77    2454821553.97      105.57      100.05        0.38     777249188.69   75197807803.08    9646916700.30     23252481     245368620000000222
19720709-063237FIN197231972070119720709     614517017.66      22315610.12        0.13        0.11        0.04     612553690.80   20406599733.72    2581118221.50    172123805    1947924490000000279
19720709-113539FIN197231972070119720709    3828176157.25     593260276.55        3.48        3.22        0.15     775440222.86  863064075788.72    5937200262.97    170520213    1840030710000000089
19720710-001505FIN197231972070119720710    1583997181.57     145387610.96        0.37        0.35        0.09     740524993.85   29112057111.85     407856348.14    388425615    4146661030000000199
19720710-091559FIN197231972070119720710    5903626503.85    1616656165.86        4.09        3.95        0.27     854629926.46  817155401166.23    5773332564.46    395154650    409059031XUhuCIMVvmnSqMBPsPTqVPeOhOJjWFWHqbzvsVmNTAFOvA              
19720710-151810FIN197231972070119720710    5973586156.26    2699047047.66        4.00        3.42        0.45     206932443.14  220062069237.43    5681340741.37    674910374    789987612JSKnyzjayIuyPFBDYKGYmQJJJALMQVJRXBsXrxUvvRsgSBaOEnDcQEgzHT  
19720710-152206FIN197231972070119720710     858909706.31     527171375.59        1.03        0.93        0.61     925628697.06  481033393647.40    2024356199.04    509769354    5645319930000000039
19720711-004144FIN197231972070119720711     550552481.79      59402155.85        0.58        0.49        0.11     218176525.54  369842312800.19    7661785093.32    103291211    121039525UJvSHHJxMUEYmrOEqYVQ                                        
19720711-124731FIN197231972070119720711    6917381720.36    4464912294.27       66.02       58.79        0.65     323915819.17   25290288730.63    3997140311.50     67628909     75949715imdafqhUOHJJweSjJLCsJtrIwQTHOvwNcouZrYzKuEbA                
19720711-233618FIN197231972070119720711    2524334695.30    1327171293.62        1.61        1.37        0.53     812987656.30  515340199536.28    1305242578.59    825356589    9681512340000000056
19720712-010338FIN197231972070119720712    3802523767.92     735435091.25        0.87        0.84        0.19      21177103.18  623092118410.24    3607967041.29    841799778    8796511460000000173
19720712-031849FIN197231972070119720712    7859991205.76    2539923820.97        5.21        4.71        0.32     394025851.32  766427714956.69    4683047741.34    487473808    5397974890000000072
19720712-041943FIN197231972070119720712    8411980897.29    5821902444.19       35.58       33.51        0.69     875655308.84  947231527671.25    7467569812.50    163641118    173741249KsLBXnElVKdTMXGCGoOrJDQaBpHiZwbprNnHXjI                     
19720712-173907FIN197231972070119720712    5025533892.11     104284254.75        0.12        0.11        0.02     205862800.28  560623789854.10    4055658188.38    841499871    9567013950000000218
19720712-225754FIN197231972070119720712    4876069302.83    2595490447.44        3.73        3.37        0.53     637097057.01  916061857511.16    5814784280.63    695569750    7696873780000000168
19720713-033959FIN197231972070119720713    7058927716.51    2147003963.61        4.77        4.66        0.30     463520417.86  227609289783.85    3505499059.19    450236373    460397405xusTszaAbgwnfcAmfKVarNCrANUVCpmHQKKuWPXvljshueoBLMHi        
19720713-162945FIN197231972070119720713    2355033363.46     369803626.87        0.51        0.46        0.16     785884472.88  977915949090.73    6504353482.33    732089809    811769461EVUsfGZbFTVUBMUvYJxLFJecNoRUrFGd                            
19720713-214142FIN197231972070119720713    3953377772.34    2556434950.09        5.10        4.86        0.65     624346306.93  628017691340.54    8479690006.79    501703789    526387490UfSHWSCITBCAOZQunWBPoRwGIRuCUoPSdEQARTADOJmAyACdfM          
19720714-062908FIN197231972070119720714    1472390061.52     229925539.49        0.44        0.41        0.16     383484585.68  862740809767.98    7917808580.76    521391939    560113695gPTmHDJTicoYfqSbnVEHCVRwvFTKJwFmBdaoQOUBGlNRgAScbaW         
19720714-152938FIN197231972070119720714    6154580136.04      55088544.62        0.10        0.09        0.01     368870745.44  640843404546.33    2067399512.19    541962998    608353875qKZmxEJdJHmHxmqcMqVLIgrwrTMFGSYepLzRROMkSDC                 
19720714-171415FIN197231972070119720714    9379080591.75    4857831986.43        6.19        5.69        0.52     793164324.26  271766349923.56     661577232.54    784994984    8539948280000000233
19720715-032408FIN197231972070119720715    7306140382.16    2445530713.48        3.75        3.62        0.33     911630277.11  259973610678.37    2410864378.42    652485680    675949647OVJLucFRYBOGFvuGZWfrWIXkXlBAMCEIbLeGWNDEcqjSGqJQxkWjJNbeHGX 
19720715-114345FIN197231972070119720715    2700846642.08     674411219.12        1.85        1.64        0.25     752154562.39  726655152905.96     806374838.96    365081865    4110420160000000018
19720716-015446FIN197231972070119720716     528617066.32     232456489.37        0.30        0.29        0.44     276352997.58  780897195958.02    9850005722.18    767251313    8021674170000000048
19720716-052841FIN197231972070119720716    7431512992.93    4110732533.27       11.52        9.99        0.55     609085842.28   88821651132.14    6419120618.94    356835928    411427060BlzKUNpcdbxQGHwUAaQlIXGgyZmHnyRREOKBwpXvXwwWEOWiNJVMXWALS   
19720716-190451FIN197231972070119720716    8117925109.29    5670312572.92        6.30        6.03        0.70     901872465.38  795093225444.72    2615639075.14    900011742    939813824HlQPdCFlfEZpMPIC                                            
19720717-022130FIN197231972070119720717    2754474721.75     945317626.86        1.19        1.08        0.34     254187625.76  458943974218.07    9244082655.70    797488476    873540242ILluFBdLbXRPNPnaiojyEqsGqUArncqWACvKTGoQnLdlqc              
19720717-031510FIN197231972070119720717    9651792952.27    5119978103.53       16.61       16.13        0.53       5426434.51  685391100457.19    3481898407.34    308195440    317349792rflAKFDXHCAcNmwLNJTMIvxdoAJIIC                              
19720717-074535FIN197231972070119720717    3572890613.58     332124656.50        0.77        0.68        0.09      63398777.92  858623429906.36    9578786852.56    429284806    4909289060000000154
19720717-173128FIN197231972070119720717    4958968838.29    2385766128.52       30.34       29.16        0.48     232169260.64  145118212297.40    6184150455.79     78634481     818231230000000115
19720718-003248FIN197231972070119720718    5305070789.12    3370778009.52        6.61        6.23        0.64     443818569.34  244378581905.80     591568531.10    510136923    540919709MMYHEsAdHQrXvDXqWNGKyGRnmNQy                                
19720718-065841FIN197231972070119720718    6454096766.46    4115126784.70       16.67       15.41        0.64     351261183.31  636551279525.23    5816732984.27    246810740    267003174rbQEMTDSSmesMYTyFxMzrehZuuBFNALNTiGRlH                      
19720718-094255FIN197231972070119720718    2454659967.38      61587723.56        0.14        0.12        0.03     549955948.07  287327878709.71    4299152001.47    446350568    523281794UKFcnKTFeKKrDiCQaSvHKASfMHqqwaibByIFXMzCNUKdDSAl            
19720718-144920FIN197231972070119720718    8599283435.78    5167797129.39        9.68        8.10        0.60     453419395.81  940118784442.74    9299602057.78    533733306    6377730870000000179
19720718-164305FIN197231972070119720718    8144166422.19    4395830702.15      123.17      120.64        0.54      32282149.75  144857183794.43    9166657838.48     35690327     364372160000000050
19720719-055139FIN197231972070119720719     151475830.59      92445338.58        0.15        0.14        0.61     408295697.42  100316385025.94    8001548528.03    636563233    6468463450000000142
19720719-170349FIN197231972070119720719    5176827847.85    3003207326.71        5.67        5.61        0.58     941100579.43  192173845808.55    7041756652.63    529647297    535634478ZQTjEUONCDrpaHYvA                                           
19720719-220910FIN197231972070119720719    3548661115.43    1461667373.04        1.47        1.31        0.41     192834390.81  894510905707.47    3442328594.59    991897739   11161883460000000004
19720720-050418FIN197231972070119720720    3237122576.67      27114106.08        0.09        0.08        0.01     646840364.16  533143213981.83    8117983362.05    318059790    3439946730000000041
19720720-183822FIN197231972070119720720    3694731419.30     968550342.90        2.66        2.27        0.26     481561523.38  175999808760.06    2619785157.09    363671171    426223463qudERoimJkOWiyHWWzVJVdUHAjrTJ                               
19720721-012207FIN197231972070119720721    9728573924.51    6727353180.68        8.22        8.00        0.69     894516044.43  581336515698.13    2698470034.59    818761387    840499448OHzaLyFKQkeISJnxSTeShaOv                                    
19720721-043952FIN197231972070119720721    3055862369.41    1328485381.36        3.62        3.16        0.43     828022261.58  833407456404.53    3115384468.80    366514450    4200033920000000123
19720721-145914FIN197231972070119720721    6506083352.49    4161401241.84       22.76       19.29        0.64     302382137.34  931000123809.90    9343356579.68    182811216    215688742URZBtUKnpDKKHZbOejdWhikbEaSqvjzvEtNLbCtShSSaX               
19720722-050348FIN197231972070119720722    3215520630.56     255883251.56        0.44        0.42        0.08      50554847.01  904544087838.60    6344872864.40    580397424    606279847KystGlBRwWHnygomAkGxXAAHJowCiGoTIuBrJfHMDMYlMVI             
19720722-160338FIN197231972070119720722    6828651964.88    1718943376.95        6.22        5.84        0.25     404450494.25  874128374137.24    7914666688.24    276570817    294267176VTGIYOHqQTinymJiaerSHchHKAKjpPD                             
19720723-043123FIN197231972070119720723    6705460132.31    3107597730.32       43.41       40.44        0.46     843081109.93  105829728165.48    7064650647.89     71590636     76835361VPfRrzGJDSXFSOgYEIxOaJaDXEAMCqvMuZEQm                       
19720723-064750FIN197231972070119720723    5303024686.73    3328210154.12       10.82        9.25        0.63     638747161.59   57681930331.72    2371439489.65    307567987    359965254MDjVavoVSMeRlCAiXqmFZzvARFaNTAslRoYCUeWRGOXU                
19720723-143019FIN197231972070119720723     778586139.32     443460408.51        0.92        0.78        0.57     732707508.42  913823658366.39    9012047088.71    480120643    5698103700000000243
19720723-212005FIN197231972070119720723    1413793020.35     777877027.07        1.45        1.25        0.55     977703972.19  856287702972.40    4054246096.89    536290599    6241475990000000104
19720724-102226FIN197231972070119720724    1512624544.80     349556234.29        1.42        1.26        0.23     707839081.26  629504830724.35    2274566381.22    246320612    2772109200000000172
19720724-133824FIN197231972070119720724    7908524770.14    4716124295.86       18.39       18.11        0.60     999046888.23  184401120577.65     596096657.80    256396507    2603664620000000205
19720724-200121FIN197231972070119720724    2915909268.78    1202170582.20        5.68        5.02        0.41     813383621.30  926542539979.28    3847998418.47    211787251    2395866090000000244
19720725-031442FIN197231972070119720725    7412330958.11    5096500648.70       11.48        9.89        0.69     530317825.28  363347239196.01    4694520545.64    443845463    5152768060000000101
19720725-105009FIN197231972070119720725    2503710932.75     820970565.33        1.97        1.65        0.33     101537418.96  680276524630.37    2730346337.34    416862991    497272664uBBFBUhgSRFtzQIYXtbEFRe                                     
19720725-123155FIN197231972070119720725    6206334078.18    1055321371.76        1.12        1.06        0.17     138764916.74  779875368471.08    1727904153.55    940177369    9962141920000000220
19720725-202426FIN197231972070119720725    8766679602.67    3879805875.22        4.57        3.93        0.44     419800980.31  714902038085.72    2581322068.19    848551223    986253274dBBCsCzeivSxrOWJZkMbNfLitfJSVqvvAy                          
19720726-060906FIN197231972070119720726    4012526554.11    1859305106.64        3.48        2.97        0.46     655716519.37  343337935029.01     885135435.40    533542667    6256397670000000043
19720726-110802FIN197231972070119720726    2359911691.39     933714874.75        4.31        4.30        0.40     500156842.82  659791176160.57    7570752205.92    216719206    217134292wiFRVPFqQNGELjgHzDAyVoYLlCEZUsKnSGD                         
19720726-165551FIN197231972070119720726    1303308622.34     844198218.76        1.14        1.01        0.65     303489477.57  380906355437.85    5432245627.24    743058743    8384261520000000069
19720727-044227FIN197231972070119720727    1091242951.41     656002914.18        0.70        0.59        0.60      55136317.77  237007570747.70     879183018.87    940187095   1104422009NDADqvWeHTUAmUatCSDcHERRuXjpHdzMqjiLgxFOplPZNfETQIO         
19720727-070502FIN197231972070119720727    6536503448.47    3363021554.74      160.04      134.88        0.51     829481878.94  466997831807.61    1049876275.82     21013421     24932536gSPTnEYnBdFkIWPfTapBoPBM                                    
19720727-091620FIN197231972070119720727    7886265868.65    1333230416.54        1.36        1.34        0.17     747959444.83  373895675267.32    4444984289.64    979612465    9927199560000000217
19720727-154017FIN197231972070119720727    1416955795.86      17933770.19        1.53        1.40        0.01     607496903.73  620515966207.91    4916215060.22     11741485     128541310000000092
19720728-013115FIN197231972070119720728    6809753171.10    4064133067.52       11.94       11.31        0.60     885106175.87  283288794864.92    4094269877.22    340430531    359336900kBFzLPYLDHAuIEHlgFFBqUhnO                                   
19720728-050626FIN197231972070119720728     304699945.13     172596439.88        0.22        0.19        0.57     856076448.76  827781200338.92    1122370358.37    796834200    9104944020000000133
19720728-181742FIN197231972070119720728    6286839400.36    1725482868.74        3.98        3.44        0.27     179991284.69  438223918002.39    5267668282.59    433840267    501510222KRtMROFTkhVPydRKxEDtVV                                      
19720729-013018FIN197231972070119720729    3392654859.28    1591732162.74        2.87        2.48        0.47     439953461.36  975618145900.32    9859955494.62    554611633    640635463XcxyxkqjaesCOVlDpRLKOSaaUSDCxuJjG                           
19720729-062957FIN197231972070119720729    7915945565.42    1121263022.29        1.52        1.33        0.14     418460017.55  826563443837.21    8263328457.62    738379551    845253253LKCNUwwVcHHCDVwSxILaphVOqaSQACIMfdTAl                       
19720729-150701FIN197231972070119720729    8967033651.23    2587461706.06        3.84        3.67        0.29     791568716.98  448238980469.06      34374336.92    673182978    7053019790000000268
19720729-194640FIN197231972070119720729    7227436973.60    4733282044.49        7.49        6.53        0.65     366163292.45  430846890973.27    3745281789.13    632206665    7247552320000000063
19720730-095326FIN197231972070119720730    4507468888.84    2768026745.17        3.88        3.35        0.61     843097829.51  444367995076.99    7632306493.71    714258025    827352085NiBcGbDvQsFXSbRxOUPzUvEKLCXRVlDFrhOUHduBWHC                 
19720730-225614FIN197231972070119720730    6248343037.13    2792507034.78        3.68        3.18        0.45     189403824.14  940533223713.30    2379836917.55    759129749    879478500zScyndwxOcLUXIwtrdKPFPDeQiYudN                              
19720731-045601FIN197231972070119720731    2597591813.21     187219199.18        0.27        0.25        0.07     652197102.19  294814352232.80     759839344.99    688892070    751269924BELJVClFSUDWQNFrxaHxDDEMSOMNqTeWbFtIh                       
19720731-090422FIN197231972070119720731    3347976690.41      15309466.45        0.02        0.02        0.00     452671536.98  757779899900.05    6185619692.14    897938524    9914966540000000099
19720731-173634FIN197231972070119720731    7543564038.03    2627581138.14        6.33        5.45        0.35     572606513.95  195877480174.54     885739703.89    415128010    481921034NXYlMCOvkZMdSTGmlcsYmASEslwTXZUhRGxeSFvRN                   
19720801-075804FIN197231972070119720801    6552563743.35     668803984.30        3.33        3.13        0.10     342967429.86   56667915042.64    5207500049.95    200646025    2136102060000000209
19720801-170300FIN197231972070119720801    1227228166.95     832835105.02        2.97        2.88        0.68     526631809.04  514047385963.01    3764138013.49    280169402    2887461560000000044
19720801-235803FIN197231972070119720801    3711219606.59    1615965610.15       14.48       13.54        0.44     512633844.29  111872188667.26    7227145383.10    111588095    1193074060000000143
19720802-001609FIN197231972070119720802    8556806283.20     968301736.23        1.55        1.50        0.11     324757829.26  617626043501.90    3398346472.14    625075168    644145352DhEFIsYSMqHQmxAANGFHPWdKF                                   
19720802-112104FIN197231972070119720802    8616496726.59    5154370641.10        6.68        5.93        0.60     676943040.11  371357971648.79    5735495820.07    771926789    869471634qKjXPsBHCteFFjjVUJyGXLGVDBNKBTSUHGZTe                       
19720802-160523FIN197231972070119720802    3777105772.80    1659691142.89        2.17        1.92        0.44     962918884.71  841243924312.67    3671467295.02    766131247    864594569TGCJKTzuEdhxAvEJ                                            
19720802-234005FIN197231972070119720802    5693115080.18    1373381941.48        1.57        1.43        0.24     581079045.11  646028550663.40    2187941599.06    873908939    961290977qNiTaifXkCYIMerIPWjQOUJQOrpXZUVLYpDp                        
19720803-080546FIN197231972070119720803    6587050249.09    3469913784.27       16.53       14.97        0.53     975016915.94  440165750642.38    6489348212.54    209963022    2317653260000000247
19720803-221731FIN197231972070119720803    8255445531.28    2308743230.30        7.49        6.35        0.28     657169482.08  898792254425.46    9401595621.28    308141993    3633883130000000125
19720804-060556FIN197231972070119720804    7237888294.69     841182532.14        1.43        1.28        0.12     763082194.92  246032210523.91    6295203363.22    589849560    655240031jEDMMMXIiuBzANZHiHyWmFFHVoTLvwUegqgIIMHlatdnrNCMwtJ         
19720804-082546FIN197231972070119720804    2820492744.21     168904208.20        0.18        0.16        0.06     905105274.77  737391127693.14    4771129387.62    927555699   10662119530000000193
19720804-222323FIN197231972070119720804    3352105713.74     398949510.38        3.65        3.25        0.12     973165563.25  879873991280.37    1461366609.30    109283569    1228263020000000145
19720805-010555FIN197231972070119720805     535824439.62     338079571.39        0.50        0.43        0.63     748718022.24  818818283470.56    6496583355.32    670768114    792189124fKTWdFNbJFpYzsgNOKBALRptDJzAgeGSPxIBaUpK                    
19720805-105225FIN197231972070119720805    5083729581.58    2983182573.56        3.08        2.78        0.59     786242488.30  239921779355.33    7872609773.58    967699079   1073323500YGODXTYUYQHKSUzVdmTrHaaZEgiuZLXAwzvjFZMnWXdUSECjfiOJYU      
19720805-190141FIN197231972070119720805    8351385210.80    2885795073.45        2.95        2.93        0.35     559218542.38  899237194473.72    6655080058.75    978274663    984935981kCGxWShTICEMykTPjwUmen                                      
19720806-062624FIN197231972070119720806    6412723509.36    3465890600.39       10.57        9.05        0.54     955369598.21  293837047877.84    5261997800.49    327992151    383175030JCFOaBxNVpRmAPrlOMHhDbxMXtDSIqOWAypHKArsJlVKEInHOA          
19720806-091228FIN197231972070119720806    4059731512.93    1943486897.32        2.82        2.42        0.48     511829035.10  371485297928.70    5574023647.95    689282344    8038335320000000166
19720806-112433FIN197231972070119720806    2241461450.77    1076971520.96        1.51        1.47        0.48     453485961.64  651909420720.62    3634722406.51    712329621    7338050530000000226
19720806-223746FIN197231972070119720806    8786596488.99    6084220824.97       24.55       20.75        0.69     710483664.12  312557661413.13    8823800012.65    247805049    293157906WWZnPQCzopSOWpJARPzEqydPAK                                  
19720807-055741FIN197231972070119720807    8907293096.77    5384015273.17        8.48        8.47        0.60     877807589.06  375825895887.67    9258132683.45    635253192    6353107980000000277
19720807-080343FIN197231972070119720807    6352593664.64    3893827915.01       24.49       23.42        0.61     776114321.01  863324300030.95    9976062659.94    158998474    166234219lKuICZZKIDMXlDyhjCaIFqBluEJVAjYEB                           
19720807-213035FIN197231972070119720807    2734421300.19     983983736.63        1.15        1.04        0.36     447362748.65  319890800515.65    1347887601.81    858109554    9492077290000000198
19720808-052407FIN197231972070119720808    9244360823.33    6230483343.80        7.08        6.26        0.67     786516093.34  153580991843.76    5055252082.43    880330414    9954979920000000269
19720808-175808FIN197231972070119720808    4248476418.82     688114663.58        3.25        3.14        0.16     356486543.64  850534809627.99    6115782326.88    211883138    219380900sFUPMbMzZhWukEqBOFVslISMGF                                  
19720809-043805FIN197231972070119720809    9207013519.87    4670856155.05        6.12        5.28        0.51       5153726.11  205760943891.32     628584396.30    763650393    8846063140000000235
19720809-164809FIN197231972070119720809    7694658341.95     348347454.97        1.77        1.67        0.05     985461345.98  152814217523.19    6617421793.83    196272103    208019017eNVEuhGtjVFOeaxSShmAgVEwrtbpRJelgzytPiOodxcVKqffUJ          
19720809-205149FIN197231972070119720809    3713043569.97    1526271249.25        7.94        7.44        0.41     925160837.40  934808968244.41    9411939813.62    192171113    205212151jnhGOQaSGPLzBRc                                             
19720809-210108FIN197231972070119720809    1265208133.24     102183100.72        1.31        1.25        0.08     492844703.94  583082175820.55     698864305.50     77874793     81877198PjlPgtyXFQMaQwoAnVgbUFMVCFQGEgeGVOPIPEPLwBmXWxRK            
19720809-233448FIN197231972070119720809    7859648721.63    1776816673.15        1.86        1.71        0.23     312055815.24  366991117467.25     217866474.66    956086475   10398265990000000124
19720810-070646FIN197231972070119720810    6070451039.74    1454284044.11        5.05        4.94        0.24     164162164.63  519552614098.50    1869970663.40    288102703    2940942940000000213
19720810-140125FIN197231972070119720810    4213204040.42     619083424.62        0.80        0.73        0.15     693599909.63  919126061532.30    8221125622.42    771397204    849869468jTZEOvrZoPvhHhEVycMTgdSeDAHkDvARlkstBVErphrWGVaKu           
19720810-213557FIN197231972070119720810    7305542354.02    1908821109.75        2.01        1.77        0.26     580573416.58  381537156289.83    8762611795.45    947763433   10804445820000000245
19720811-060215FIN197231972070119720811    2060817317.19     730819226.68        7.79        6.51        0.35        180109.69  948785241231.39    2464489131.83     93847618    1122905760000000080
19720811-094218FIN197231972070119720811    3957875909.82     855886183.08        1.16        1.04        0.22     764545851.34  939854841088.69    6629323692.47    738437816    819191253PAKPEEUQmMEQCIiKNBmUEBtPfusQRkopGWWnKXMrfXJjrgUvxcuTzMgPK   
19720811-173451FIN197231972070119720811    8664754728.29    2821093176.45        6.94        6.17        0.33     995310647.31   91539236251.94    8214619496.73    406687080    4568583530000000150
19720811-173950FIN197231972070119720811    1269536308.94     389401087.55        0.48        0.42        0.31     891833597.83   70049810879.54    6879087946.80    804501702    926400213DIPPjcmxrwIwYNRnOzSotzgUkufjD                               
19720811-184934FIN197231972070119720811    1172952850.84     267830348.23        2.24        2.05        0.23     944729527.27  264772775695.10    2651288549.66    119683001    1308485370000000227
19720812-042400FIN197231972070119720812    7336058121.24    4956526620.98        5.08        4.77        0.68     494475065.45   18071918520.81    9410737390.83    975438699   10381940730000000037
19720812-102120FIN197231972070119720812    2282050934.14     721055329.50        0.99        0.87        0.32     835994052.07  616459302747.24    4130709877.76    729285080    832833671COuSdFGyHSPGOUhjCwiAIgrW                                    
19720812-130450FIN197231972070119720812    8198237447.23    2830100362.35       33.07       30.60        0.35     847035944.10  281320373225.28      12302457.55     85588756     92490977sOinkIiTdaWTBlAuXFDL                                        
19720812-131440FIN197231972070119720812    7448469169.65     188830685.89        0.37        0.36        0.03     499926016.00  270069601377.59    5238050215.61    510395038    5183759770000000219
19720812-155107FIN197231972070119720812    4134961547.03    2585024952.57        4.39        3.87        0.63     348573698.49  415022279203.67    4121710411.32    588418422    668125416VxmNpSrxEBXnLfMwj                                           
19720813-061346FIN197231972070119720813    5094525502.18    3206920848.03       10.60       10.56        0.63     566116535.52  687055710913.72    8779230184.18    302527791    303812528FEJqDJbFBHFbMSWLMHkubadniLCUCNTSGIPYDVhVRqNYCB              
19720813-114510FIN197231972070119720813    6940932566.28    2653234129.62        3.15        3.04        0.38     601507507.89  277570917832.00    3059135587.45    843398117    871365544KwGGHtkLxtWGPwoGFVBKTqHdHhmZbSsgyyHfJEsFJbOuJAQfYzTNZNcIDF  
19720813-141618FIN197231972070119720813    9727063192.79    5802245991.95       13.74       12.38        0.60     467678023.80   50749598103.33    3689293101.79    422329879    468852627IYXYDYXzMPNoklZTdipMzRqgCNIOKJHazWaAqvQYkNmrDITClMRGjaTm    
19720813-153401FIN197231972070119720813    8737048940.56    2455900602.38       14.37       12.03        0.28     556663166.77  427986549345.39    5650522345.44    170959585    2041300860000000230
19720813-214729FIN197231972070119720813    5419863475.53    1475437810.89       16.20       15.18        0.27     761372048.61  303262972881.38    5082841295.86     91064001     972088980000000066
19720814-021123FIN197231972070119720814     304579332.40     122763984.80        0.35        0.31        0.40      73537578.26  195290770901.25    4395149595.79    347306975    395283450dfFANecQKvrSQgzQKpIQVdGVbtGsTGppLzsrQESzNGrlVGjjGlGEuMtSRXwM
19720814-114819FIN197231972070119720814    7281950256.10    3360421371.94        7.84        7.03        0.46     526566983.03  125824666839.46    8492693481.46    428657665    4782208430000000156
19720814-202615FIN197231972070119720814    6469559168.71    3932057369.75        4.21        3.53        0.61     347733329.23  685006982584.93    7272725410.19    934386418   11150180450000000127
19720815-055822FIN197231972070119720815    5342234378.05    1471890860.84       28.69       26.20        0.28     809585002.30  353045735114.98    8495325023.79     51305360     56177681WCJJAitQbHnCKfmKEVEELEBjYtHsVGTBpOMMCLXEadMPRGRTA           
19720815-072712FIN197231972070119720815    2633696600.58    1766159087.30        3.61        3.13        0.67      70491580.77   48769629989.82    7174116974.77    489335947    5642923430000000184
19720815-104019FIN197231972070119720815    2999402822.88     561048545.05        3.69        3.31        0.19     363751510.04  226933614368.64    9979114133.16    152164235    1695835820000000151
19720815-145009FIN197231972070119720815    6692250955.15    1747715482.64        2.11        2.00        0.26     461000476.08  516668640786.04    6244796116.40    826400909    875322588BzijSDvPCIJvDDDXrPdu                                        
19720815-215725FIN197231972070119720815    2144092611.85     976504950.47        2.74        2.30        0.46     626946869.59  149486164521.54    9032257574.08    356115722    4254436970000000165
19720816-060315FIN197231972070119720816    5152427148.33    2223169432.15       23.56       20.67        0.43     692992368.06  391810724691.88    3935792838.53     94343686    107551200FkqRCPDzQSwBVrQO                                            
19720816-130308FIN197231972070119720816    9910875765.25    6264403222.68        6.91        6.83        0.63     314528168.65  289953753977.95    1154366833.87    906939761    917369889mBRtpjNBECQCRiWtjEutqI                                      
19720816-210243FIN197231972070119720816    2305959335.35     307985061.71        1.22        1.18        0.13     551832246.28  432972188872.96    4706133660.46    251966629    2603322310000000161
19720817-035746FIN197231972070119720817    3464833752.92     471832672.16        0.55        0.51        0.14     439252342.05  617779642471.54    4312428387.20    858164214    926770929jLCjOYaAGVEUrxGtMU                                          
19720817-115143FIN197231972070119720817    9624545896.71     905502548.39        1.79        1.56        0.09     350399472.28  699640772598.26    2975081482.54    505271491    580346696WaPVywTQRRwsTRQ                                             
19720817-210322FIN197231972070119720817    2937521545.30    1446226055.25        2.61        2.25        0.49     522323846.50  593392027634.34    2148256304.32    554961249    6415372440000000058
19720818-051042FIN197231972070119720818      32182459.47       3599006.58        0.01        0.00        0.11     155781234.72  178779678996.91     248351002.78    689412867    777610491ONhcAQwlnmqCCWDoczkXiLhbZXsEJrEEXDUBOGQFbkIMJyvn            
19720818-141730FIN197231972070119720818    2662607049.74     436783678.69        1.69        1.58        0.16     646758652.31  780109601041.63    1752862555.77    257738032    275875613UXGHkVXHONXySRVzmlfgOKLOPXECLsMMjGzHJnirREX                 
19720818-155637FIN197231972070119720818    2175918991.73     686262657.60        1.28        1.13        0.32     699122668.77   41577799739.75    3591988383.35    536416712    607155119XiuLDVDnYQnZdWqIeVWutEjPXZaaQbOqjsNvlFMIc                   
19720819-055648FIN197231972070119720819    2236203971.97     320664400.67        0.61        0.54        0.14     748272971.41  201661083143.86    6830361981.52    526698655    598550723jUcWBvgxKjCwRpvXoIjBbXiBA                                   
19720819-173801FIN197231972070119720819    5484818427.91    2538061169.07        3.53        3.43        0.46     527820590.67  964071055796.58    7301284390.02    718942715    7400102040000000042
19720820-040302FIN197231972070119720820     905046432.43     166595961.47        2.64        2.60        0.18     576553223.85  857436705744.88    2311025764.76     63114865     64125233SPxWWxntruWsXkUhrLeUTFIRwNluEpnOeOAYsCBLnc                  
19720820-131235FIN197231972070119720820    5345647236.39    2911562190.12        4.37        3.95        0.54     751757658.23  876722070423.99    6819928062.18    665936333    737665240QrkRxvbadKcPnWFcOeDWQVadFphGPSbdHFKZstApXDFQCJWWQxhWQGQHgC  
19720821-010130FIN197231972070119720821    9303286480.99    2989565893.32        6.21        5.83        0.32     911150188.01  406015783290.85    7956675120.16    481712494    5126153420000000095
19720821-105840FIN197231972070119720821    1043159242.42     121504372.99        0.12        0.12        0.12     190038695.02  799689368229.76    7300740349.37    991605349   1027730080RhUQRxcjdEgKAzNIHpMnLOkaWYvDQqHM                            
19720821-223113FIN197231972070119720821    8117528174.19    4210174172.33       36.60       32.77        0.52     281142373.92  585829007089.63    5721130548.91    115022545    1284591280000000259
19720822-093457FIN197231972070119720822    6993906123.44    2212163808.66        7.01        6.04        0.32     914262610.93  866225531788.24    7515674140.08    315757528    366548125QZoKTiXLKvPjulUWXMCUtVfATzbC                                
19720822-211605FIN197231972070119720822    9066629499.49    6111882890.52        6.76        6.05        0.67     366087197.16  569335593709.94     785881315.56    903528366   1010967207CJDIgUzBAIqWZQVUTlyQjQGEMKgPacOT                            
19720822-231631FIN197231972070119720822     707564456.97     427924740.32        0.65        0.63        0.60     957114371.09  626779015364.77    3084401401.40    657493163    678499445yzVtIWYoRQKKPNbDwXqdBMdFXWIZfiTteG                          
19720823-045104FIN197231972070119720823    7113003230.91    2491336969.02        4.96        4.94        0.35     136526238.31  798783066622.96    6731438337.15    502595357    504422253RSWvpXShAohbCnBYubXQUbMLtPavDHUQn                           
19720823-053045FIN197231972070119720823    2755467201.86     599005838.12        0.72        0.64        0.22     197087185.67  760615572082.89    8944648681.07    826537921    936214365qRAMrJWYRgHUIFKxEZjraB                                      
19720823-191822FIN197231972070119720823    2082161693.07     362475701.10        0.60        0.50        0.17     364652233.42  388873098846.66    7821296038.19    599547774    7178118580000000064
19720823-192123FIN197231972070119720823    5238711180.71    2819683131.06       12.78       10.76        0.54     575316566.77  969793856625.91    3793729998.44    220569825    262062416CKqQGzXcNXMPWzzEAqHxSpCdCwJEirgSInSJOMkfzMBleWwhgbxmoVEVYU  
19720824-031508FIN197231972070119720824    5370099126.63    1397052033.73       27.41       24.57        0.26     705989015.18  167801798237.14    1884384350.27     50962820     568592730000000197
19720824-125537FIN197231972070119720824    6047575631.63     638077381.76        0.72        0.64        0.11     194746270.85  499442286765.49    7508531220.96    886315159    9941679160000000251
19720825-024614FIN197231972070119720825    9201873555.53    4016186415.65        4.16        3.49        0.44     510970084.99  625570760271.63    4781762754.51    964635978   11508557110000000033
19720825-140844FIN197231972070119720825    2427127758.58     394496780.77        2.14        1.84        0.16     319324799.29  938585784227.54    8282469456.75    184235467    2141003140000000130
19720826-003714FIN197231972070119720826    2834360691.09     722960268.75        4.00        3.43        0.26     574015580.76  955430566887.23    9255367192.55    180610364    2108563120000000112
19720826-142429FIN197231972070119720826    5154411970.76    2961944170.83       15.22       14.47        0.57     727790708.76  235310463840.51    5728220731.48    194610107    204702579nFkXCFIQQcAPOHRuYtieKkGSZpAdCmvxWPuheWUSLiFkN               
19720826-164323FIN197231972070119720826    2026547936.80     256810321.89        0.68        0.66        0.13     532253096.66  801874678706.33    1006859713.00    376510373    3917947940000000231
19720826-180947FIN197231972070119720826    7476941917.76    2392776749.10        6.11        6.00        0.32     713337537.97  391480551468.13        916717.77    391608931    3987333330000000140
19720826-195025FIN197231972070119720826    5617361945.30    1553515176.49        1.85        1.64        0.28      85002412.51  740623180726.08    5824590867.05    838603020    9494586550000000196
19720827-091933FIN197231972070119720827    6712211895.81     356065565.59        1.28        1.26        0.05      59423467.73  171846926757.99     545972930.98    277813798    2834477830000000122
19720827-112841FIN197231972070119720827    4958376171.08    2911218006.27        3.48        3.12        0.59     211395781.60  163148751985.07    2355287612.44    835576658    9333094100000000011
19720827-223835FIN197231972070119720827    8493695569.52    5638182735.61       13.46       12.94        0.66     229712179.87  520301495578.49    9915762785.02    419002636    4355594860000000053
19720828-062003FIN197231972070119720828    5108665702.67    2772079608.40        7.18        6.90        0.54      58516058.82  980627420302.29    1645967977.03    386032740    4015722280000000195
19720828-194600FIN197231972070119720828    4764636553.39    2884969811.07        3.37        2.83        0.61     278867887.01  603680887994.67    5347219384.58    856128077   10194916280000000284
19720829-042354FIN197231972070119720829    9861531177.37    3124185126.29        3.29        2.98        0.32     657671321.86  365920796183.58    1640321441.58    950458042   1047248098VRCqMDchijxAuePBgjywAGgqrVRBEFpiTlAyRVbIdJsaEVtlYWHXc       
19720829-183926FIN197231972070119720829    7205834398.14    2376315162.45        5.47        4.76        0.33      86449432.98  683077077350.75    2677511383.14    434083728    4992423900000000128
19720830-011837FIN197231972070119720830    4821694912.75     482068230.80        1.38        1.31        0.10     303726765.30  618542302246.10    9410208202.51    349754514    368504299sPFpJfRunRmoHacLH                                           
19720830-121456FIN197231972070119720830    8552239713.84    3828870205.51       54.43       52.59        0.45     312175190.01  626062685009.75    3211126860.81     70343321     728039080000000067
19720830-172440FIN197231972070119720830    6249948090.88    1220361735.06        4.57        3.85        0.20     158445601.34  182770092961.62    5643699629.12    266755021    316725141BJzgahGWDZISSTIpwXQgYzlwMGvKWH                              
19720830-235550FIN197231972070119720830    1260461782.60     836085509.70        1.61        1.53        0.66     281139574.29  204490152358.45    3524233273.59    519847050    547528367PbZdBtNVFkoHUVrXoPHrheGsXLJgIHgHTAbSKZsIPv                  
19720831-090000FIN197231972070119720831    3670410200.59     552756963.46        0.56        0.53        0.15     225351829.24  648233267413.28    4898478535.75    987816735   1042421907nUdcNsETZCLxuPVMKh                                          
19720831-143309FIN197231972070119720831    2769953184.15    1441821369.04        8.34        7.70        0.52     538593549.95  471477395631.17    7993809193.79    172901330    1871938320000000181
19720901-011114FIN197231972070119720901    5320210596.31     801202985.32        0.93        0.84        0.15     818793050.33  793612009956.79    2841993702.70    864350765    953669756tDPWLFEtBmpAwavVQikXwNpRaJ                                  
19720901-043304FIN197231972070119720901     421449430.75     263791927.04        0.74        0.74        0.63     386627286.38  417469997597.73    7506596141.00    355612832    3562606760000000091
19720901-171401FIN197231972070119720901    5084580323.39    1310765374.61        1.67        1.53        0.26     421489771.78    5780107802.87    1625496317.68    785721888    8576930040000000098
19720902-024728FIN197231972070119720902    7658902226.60    1443523429.18        2.39        2.01        0.19     297892059.82  499009122354.79    9603605240.69    604689550    719213224aaCRGOKapDAmHhNFT                                           
19720902-034027FIN197231972070119720902    5419298370.73    1132124173.40       59.04       51.97        0.21     579077124.01  531535534646.38    4561186558.93     19174504     217857590000000274
19720902-134649FIN197231972070119720902    5804616006.63    2057618256.42        7.26        6.81        0.35      86883169.05   40286308424.97    1528854593.80    283359661    3021238970000000278
19720902-141405FIN197231972070119720902    1930272059.97     515289318.67        0.70        0.59        0.27     665486401.94  427081378485.48    5857048016.68    735235024    872816839XdCwDlGsXFstGqdCIcNOKJfTOQPnoEeELXbNmwOl                    
19720902-171346FIN197231972070119720902    6838006366.20    2706721275.09        2.87        2.61        0.40     550583433.29  978692234266.83    7486788083.59    944699705   10380200500000000221
19720903-015408FIN197231972070119720903    1317042510.02     477669318.33        2.68        2.41        0.36     418699703.16  608922473957.77    5961887863.36    178014820    198374361bDehSFMUUzvBayHEfHPXduNBnPkf                                
19720903-124314FIN197231972070119720903    9217188227.32    6010362049.29       15.86       13.45        0.65     360117092.69  220598650851.65    8545323534.93    378977504    446897064PJfOlXRPMTdOuTIMAy                                          
19720903-140735FIN197231972070119720903    2477135876.29    1442323034.37        5.50        5.26        0.58     338683264.86   29604098389.34    7879610355.11    262422707    274137365KoviRxUIRFITXCLew                                           
19720903-155650FIN197231972070119720903    7780784824.01    2886306679.14       32.99       29.51        0.37     666317686.64  570245185220.81    7466288746.33     87478396     977953860000000170
19720903-211612FIN197231972070119720903    3288147865.71      20913440.55        0.03        0.03        0.01     562413665.88  621829792147.55    5975841058.75    660809268    7647689830000000194
19720904-005212FIN197231972070119720904    2620345327.20    1238593412.25        1.77        1.77        0.47     996652635.87  843261341628.68    9670781827.83    697844434    6983698870000000147
19720904-112550FIN197231972070119720904    8938462655.19    2435887609.29        6.53        6.27        0.27     272690835.42  593990572708.16    2120140115.23    373213782    3886028740000000025
19720904-195906FIN197231972070119720904    2267434712.62     846076464.59        2.86        2.81        0.37     418210977.45  495533716214.81     475367542.59    295721423    3010646190000000187
19720905-030359FIN197231972070119720905    7210758483.38    4256314588.35        7.11        6.10        0.59      44654670.91  746621752328.68    4204511005.69    598691398    6975659320000000201
19720905-130339FIN197231972070119720905    9855295130.58    5913251208.22       11.09        9.39        0.60     146755306.71  359899886879.73    8685449459.31    533185954    6294999790000000036
19720906-012910FIN197231972070119720906    3465760592.78    1551645490.74        2.12        1.99        0.45     276123793.30  501027362596.61    9107111310.85    733107029    781148082PTNTHCLWsriUMNBFhDQDGtmBPPNiLOSaNy                          
19720906-013214FIN197231972070119720906    7884128380.15    5256145510.56        6.32        5.77        0.67      64067877.87  819245913975.65    4423123247.87    831783453    9112881320000000262
19720906-062555FIN197231972070119720906    6843919458.24    2760723554.14        3.70        3.68        0.40     978668413.29  697020796051.40    6652858215.62    746226436    749458006QTlJJPTwTIKGjWucWLFdQIFqUFDViLqZHmopzBSaxPctxonmQDYpdPzwRDD 
19720906-091603FIN197231972070119720906    6116265236.41    1117519680.80        2.81        2.46        0.18     364969819.30  127394454919.57    4760628383.90    398230594    4535681900000000223
19720906-103014FIN197231972070119720906    2848137973.83    1918079042.49        6.68        5.68        0.67     932235254.79  727923408477.81    2371854036.31    287118642    337405775rkWTCsQbCPAUfRcKLCwMGTdIqvRSpGXQyDXxU                       
19720906-185817FIN197231972070119720906    3310609877.46    1516299996.96        2.87        2.41        0.46     826741947.87  212720034158.34    4629502689.25    528200484    628800426EOMpasJigJVvYQGKVcDPddEniaOUaTojpCAmYQrUeZJEGo              
19720907-002552FIN197231972070119720907    8494694077.44    5855518241.35       28.72       27.29        0.69     167163617.86  528185659114.59    8551440204.55    203897705    214580723bqfvTyldyQqhQaQgOFO                                         
19720907-123510FIN197231972070119720907    4967206658.74     921310440.03        1.56        1.43        0.19     177857443.63  109730907736.10    3721032412.01    591801214    646327038HEGOhdnxjYISpGXhRRUQahEU                                    
19720907-213416FIN197231972070119720907    9493739072.32    2683792364.23        3.44        3.01        0.28     774783494.18  233371927629.44    7314303336.59    780131028    891170596jlkBZXPcVEbEkvquHcRWHHHVGNQxJWnBWpCCCKENWGMjHFABR           
19720908-061804FIN197231972070119720908    4110653463.77    2000700974.15       22.40       20.00        0.49     468803461.85  779848028214.54    1488158975.85     89326029    100055597EsHPWeZIUldfxNQnmwk                                         
19720908-180120FIN197231972070119720908    1587807867.50      80322879.98        0.65        0.54        0.05     214551387.92  188603529739.34    5991853951.40    123374751    147608872xItpdiEnJJAMNVucbcMCrZOxGKVLQtYwdGnBtSGBDqMTsWQhoJxXwANLFnQo
19720908-233155FIN197231972070119720908    4055216125.92    1413636159.54        1.86        1.67        0.35     447210522.47  681163309988.52    6844426022.34    759574939    848097855IBCqnhGjFJlbBaLpCfWlwAwAXuFGAsRugroSvLEF                    
19720909-100342FIN197231972070119720909    1255984687.90      85923359.55        0.28        0.27        0.07     733764649.70  206096854229.89    4817376809.54    304697361    312661031LKcmIFGIvNgAcvIcDsIfLSTCBTFZvyKmVsXmANBQQ                   
19720909-222118FIN197231972070119720909    7955117687.14    4022343317.30        5.20        4.53        0.51     147120521.91  946758775831.58    5342256609.85    773363177    8870598640000000174
19720910-013539FIN197231972070119720910    4018051994.15    2245413201.42       16.58       16.22        0.56     859054980.51   46420875394.02    7519422890.63    135422097    138441268kkhSvCsfgbDUvsiZWtPQwjkYPwKrfTUFMGMCWCBXBcOcTkaLSudO        
19720910-031440FIN197231972070119720910    7030454753.05    4904740138.84       16.68       14.01        0.70     361031521.95  739681188462.55    7228877518.02    293994943    3499841330000000275
19720910-104138FIN197231972070119720910    2569298235.72    1332351825.19        1.99        1.85        0.52     421154508.42  687298385364.97    3687568558.21    668114752    7220742440000000211
19720910-121840FIN197231972070119720910    5540103351.59    1817418512.25       13.76       11.81        0.33     732223071.76   90828277197.63    5313096856.73    132078153    1539082270000000169
19720910-172821FIN197231972070119720910    1515513118.07     281447284.23        0.40        0.35        0.19     208727274.29  705931338692.31    6965587131.66    709208033    800437598diqlqOsDpYaNQhSPBbXhMXocCDXEfNMfLDMDHOdpovsklTN             
19720911-042546FIN197231972070119720911    5113390706.44    2298367086.77        3.69        3.29        0.45     782061750.84  339480589017.14     703966733.91    622342648    6983602200000000021
19720911-134413FIN197231972070119720911     684112890.16     212912119.84        0.58        0.52        0.31     130796943.24  731790442706.57    8178093847.83    366077596    413032986HCyVIHyFodPADbGORMCBjByxRTESfBNDTPBZrsTBUACleKEVFjHkSOorMc  
19720912-021419FIN197231972070119720912    7322209942.92    3995069048.22       43.73       37.83        0.55     234541273.60  484514825581.23    6216754890.78     91366761    1056103490000000034
19720912-125318FIN197231972070119720912    3049514346.93    1304741671.06        1.80        1.55        0.43     118138354.91  797872136574.39    8180298954.08    723885308    842796983LViVEKgsrKwCVrgOwkPeRFPWWpkHCZiTNGXGkVsAVwjm                
19720912-214926FIN197231972070119720912    1846222149.01     815887705.27       37.68       31.68        0.44     173659263.31  855549410164.94    1456723118.62     21650642     25753743CrHZqaLKlUACIOCnANOtBcGMhwNEnHp                             
19720913-083715FIN197231972070119720913    7601510842.79    2404438723.84        2.47        2.33        0.32     447195649.88  245286616311.71    2024175484.62    973301053   1031778807BCRRYMzpoAimKRITzLWLsoomeKjnZvguJDE                         
19720913-191355FIN197231972070119720913    8027836941.61    3935048094.01        4.20        3.78        0.49     249181647.38  592742445246.64    7850271712.08    937907795   10405673730000000111
19720914-063404FIN197231972070119720914    7168725289.43    2904519650.51        3.01        2.86        0.41     506889706.64  307569301456.23    9282982921.01    965383773   1015778459zSzyZVwpMSypTaf                                             
19720914-133434FIN197231972070119720914     432101949.34      74251671.78        0.14        0.12        0.17      42367021.67  732129182351.24    7126026647.25    514868949    595373336VZFBRwvFHyQCUMDVoBLLIIBmacVsHPTyOUvhQJtRzByXxTqcURyaA       
19720915-001928FIN197231972070119720915    6438947869.23     282459627.04        0.54        0.53        0.04     597274180.69   98319872140.81    2626662596.67    527140726    530626725NtOdvFBFUhCVdhuIepZmNOBReS                                  
19720915-092317FIN197231972070119720915     576358216.98      35716793.92        0.12        0.11        0.06     134669380.81  435343019610.31    4067256911.60    287837996    335118874EVDrXsEiEnLdzKgVPyHxGfRHFwSXDLmBVPRuIGzcczcxVVXFnGDnNgo     
19720915-122906FIN197231972070119720915    2739676756.89      37521772.98        0.06        0.06        0.01     289316366.41   73846510746.34    8401885105.87    589088438    6442827880000000038
19720915-215015FIN197231972070119720915     695328904.69      99457491.87        0.58        0.56        0.14     970211517.31  209558656687.03    7573133929.15    171508805    1766795060000000060
19720915-221057FIN197231972070119720915    9781340832.62    4225435153.37       23.93       23.28        0.43     421355925.94  336760826588.59    1517151493.34    176592363    1814793230000000248
19720916-074548FIN197231972070119720916    2154563809.85     798757275.29        1.09        0.97        0.37     397296119.46  995784449711.30    2416739160.39    733308402    8250172230000000255
19720916-103551FIN197231972070119720916    7755056450.21    1231093804.25       18.56       18.11        0.16     341225716.01  353493224017.19    9650821794.86     66321075     67989166YwfZSzCHnIqSMrTYCCEtVKrNxTKQsq                              
19720916-132631FIN197231972070119720916    3547731717.57    2476065205.94        4.95        4.81        0.70     999175874.30  595687625680.14    8707990221.68    499936425    514917135OFnTuxOMWDUHOSyWOVCiEosNDI                                  
19720916-203550FIN197231972070119720916    3449478076.29    2336194039.56        2.51        2.16        0.68     158409136.73  334765850436.05    7688951039.11    931200520   1082640987VcbAKPfBIpRdEaWhZBDoBABArjGqRCPYqanHvstLOVuMQC              
19720917-032005FIN197231972070119720917    7056186278.39    1898602760.61        2.31        1.99        0.27     889712113.27  859065787134.18    1036227427.43    823255471    951812043JySpXSUPXXRQAhXZYVXuSJeBKDIpCmynRTiStS                      
19720917-115304FIN197231972070119720917    7713321080.47    3166549937.29        5.86        5.80        0.41     770912718.19  584596655295.63    3275293888.27    540541205    5458160260000000162
19720917-205906FIN197231972070119720917    9164066565.53    1396444531.11        5.68        5.33        0.15     548609581.07  293669432603.42    9943054001.97    245877185    261916596RICOfhFDpPHwKRHsmPHYTpTzGDeJMQruPEEdPICrMiweHGwOFQYNoQXZWIjN
19720918-060119FIN197231972070119720918    3845477082.00     573305707.56       22.40       19.23        0.15     664726448.55  112649753834.64    6949386599.20     25592783     29818696JaBRAUCPDCLITNXXrADVCSIopfxogeRFkYFvBVlr                    
19720918-150834FIN197231972070119720918    9934672282.97    2006138940.48        2.41        2.15        0.20     713715897.20  711592408574.87    9217439532.89    832620568    931356701HxzoYsDAKSPENhVFhNKSkKmGIMCcGmnILQJPtbDNGKngRypBIdcTCrF     
19720918-233043FIN197231972070119720918    6273540736.00    3640336912.97        6.42        6.20        0.58     192178269.43  833729998353.96    5773429287.67    567017919    5871600920000000059
19720919-044314FIN197231972070119720919    8277672913.10     336817342.25        0.51        0.48        0.04     424145084.77  353793276482.70    8682316449.43    666266863    698739147hcPDGWJeqNhVOJEHQzDTICfkFUCNaLlcnCkzQvSJALfIzRb             
19720919-094712FIN197231972070119720919    2450091365.25    1018478747.50        3.32        2.97        0.42       4163063.06  407131460916.46    5667820782.31    306496685    342487608xNZnDTSoUVPNSoYdgBUPLqzOHFZzrIJQNLRxXgjb                    
19720919-164932FIN197231972070119720919    8548520948.48    5085064941.21       16.98       14.30        0.59     697075856.05  442512160564.51    7543424697.74    299435062    355552417KfRERJQxDalgYSIFQgEiw                                       
19720919-201523FIN197231972070119720919    6256194844.11    3784350979.53       11.43       10.40        0.60     357640732.04  145439136171.13     858102382.62    331199212    363778899XFIdEwZygbPJVVwGVWIfBAXvHBXIOxdvsyIikUuSMNZsQaMY            
19720920-104613FIN197231972070119720920     321337661.92     220438580.41        0.28        0.25        0.69     983631003.99  147935690959.95    6330093366.93    775801812    891992030AYrIhMoBIgUBkRdxKABPjIIShjxFyaWTAsK                         
19720920-180433FIN197231972070119720920    4959308867.58    2704309022.42        7.78        7.43        0.55     307595162.78  418158135675.83    9458730206.99    347736545    3640291450000000204
19720920-211408FIN197231972070119720920    4378582220.36    1829510517.72        5.07        4.61        0.42     476881400.94  192754945542.33    6703255560.11    360503638    3965858980000000202
19720921-060027CMPmnSNZsOOTQfGeTtBmUNXOdRKTXHPDQHLYzLOmgJhpjXennHqIMZ         0000000288ACTVISD   1882042012158 Brinkman Lane                                                                                                                                             V6T 1W2     Evansville               Quebec              United States of AmericaKriger                                        dtkuCBFEUMABPASFAoGLBmIlvZxHVioADYeqIFGARVlViyLK                                                                                                      
19720921-164223CMPBvhtIYLKwSFVFgnsTkUZnIpBxtfPFEEeEcMLBFYLtOxBVxdDDIhwS       0000000287ACTVAVAA+ 1938081413732 Rutgers West                                                              Apt. 316                                                                        84102       Calgary                  TN                  United States of AmericaGorn                                          xHPVEHDHPiINsjdSVcMKHBQ DvqgGNzUGkEleTdIJtzOM                                                                                                         
19720922-015508CMPbSRRblvmDfNJIUUERFKAuupeAUU                                 0000000286ACTVREA   1879030615960 Worley Court                                                                                                                                              V6W 1U1     New Orleans              MS                  United States of AmericaTsuzuki                                       tXXHRfdXdnUJXIiRRCMRzsYNr OmvjISVbCMIREppCZzTSmnTzxFJZSGqIiArsKjza                                                                                    
19720922-121051SECAAAAAAAAAAAAAUBCOMMONACTVBQXZPSLIrQstUCddYSHC                                                  NYSE  894926235    1852012118731112        0.05GQgODZYcTEajaEMYDrWGoMdiJOENBaMGcnwYwuNTRPoOXXVjWD          
19720922-143529CMPTzOOKJSXlzetRDAZNOaBGRiAoYkrPjDLzvR                         0000000036INACSCB-  1940092315712 Trend South                                                                                                                                               33188       Hollywood                VA                  Canada                  Dolores                                       vmZqlleSVZRfCJxFDbEuBVKINfxOAnNEPqesUGCFVeK                                                                                                           
19720922-180433SECAAAAAAAAAAAAAUDCOMMONACTVgkqJqUpsjTNJElwqQvPIiNwzQUMrOxkz                                      PCX   889168614    1957042619340415        1.11jnhGOQaSGPLzBRc                                             
19720923-081428CMPWaPVywTQRRwsTRQ                                             0000000271ACTVWUC   186603229638 Kirkwood Lane                                                                                                                                              V6W 1W3     Vancouver                OH                  Canada                  Racca                                         rgrLecDtDSOFTxQgNxCkrsOQDVmEUnUbnFloHEFmy GAohSixtuVQWCp                                                                                              
19720923-151719SECAAAAAAAAAAAAAUFCOMMONACTVqcvurNf phMvFnoUDSUH                                                  AMEX  872203249    1930121219570618        2.71hLJBQUzrFVOXJcPWoMTCtDJWVHTNVVRwBxaKF                       
19720924-033948SECAAAAAAAAAAAAAUHPREF_CACTV gRXutKYIWfHIr cDGJPAqB  iGbWtVgUKylc XoLVRwF                         NASDAQ303663489    1958101718841216        2.440000000228
19720924-103148SECAAAAAAAAAAAAAUJCOMMONACTVsWRGLXDnIifYKNBUmjRJoHBAMctyjCIj ktvXCaDdGOCCytEHwfAUayRNc            AMEX  790547458    1887103118650517        0.40eBZLwzfHUBLxsWSFpQmudmDjRXm                                 
19720924-164533SECAAAAAAAAAAAAAULPREF_AACTVGraeYARAAjOlQEIPJfckNmlRNiYXqKi                                       NASDAQ789928959    1952103018560923        0.65YwfZSzCHnIqSMrTYCCEtVKrNxTKQsq                              
19720925-062919CMPreiXxzjRuPXPXrZpVKbnvJ                                      0000000295ACTVIVh           4180 Maple Drive                                                                Suite 397                                                                       T5C 1Y8     Colorado Springs         MD                                          Olesen                                        PMjVTOAjYCMsNSLlEHOdGUHcjOOq cMlVPuZLtwCDSXMjoCXGFkHrONBQvdxVNfPPHDLwRcSZKiOvZFZHrjtmFDZGApRhclRpFsxnj                                                
19720925-171058CMPRMTnrMvVJASTKHRLEbVigGiqmMcuEfgORmhMFOQrbUUDPpoBC           0000000294ACTVHMAA  193201191517 Dayton Lane                                                                                                                                                40216       Amarillo                 MT                  United States of AmericaTarzia                                        ODAJToWzLSKQBZwDBECJAQWmyQaHCXDspHUvZFlyOFoJIzUtVamSyBqEjcOyA S obJSKTCShMUmSqfVvPuqjG                                                                
19720925-231918CMPASbGTNXRFSOYSfTSaVbYApEoKYKyPDUCfmKoywwEshF                 0000000293ACTVATAA- 190306305383 Payne Crescent                                                                                                                                             36691       Cheyenne                 MS                  United States of AmericaGaleazzi                                      VJBFxsiaBUeGMhTUwKPCCVxvIYQuPHCvDolCQLBhglDlyexDCOJnrECJMuWjEfVJVrmFvatdENJC                                                                          
19720926-024748SECAAAAAAAAAAAAAUNPREF_CACTVzGiDPfxXQrGKIgJZOUrKmLy                                               NYSE  986185696    1879123118741210        0.32RhUQRxcjdEgKAzNIHpMnLOkaWYvDQqHM                            
19720926-051019SECAAAAAAAAAAAAAUPCOMMONACTVwyWuNolTyQRu PFXEWDJTlaNWEHOWTcQKUJjrAFD naypKNdGTCNCFE sjFxGhUVtPH   NASDAQ168612872    1886081019390120        1.040000000245
19720926-080633CMPhAZTeeUwWHJnxVqOIIMdOeIUXVFVRVcjVxkKbHSX                    0000000292ACTVCNB   1852091224450 Queen Avenue                                                                                                                                              H6C 1W4     Inglewood                WY                  United States of AmericaLian                                          lXMKjIIAR NtsUdazmCzOBWvNDePLR kWWfJwOvauHhSUfJJOUMxHmNUKXJknrWScxyNKVSWVHHxgEp qMpewzaONKuBiFYFGmmyZbCzOtTAMzMxRixQpRwobVEHvVABQvPjADkgZ             
19720926-162756SECAAAAAAAAAAAAAURPREF_AACTVHNIyvpAnHBrHwEAMhCpdLJdTGBtkCYsSRiYaGRGoBz                            AMEX  18693142     1856041318820331        2.75CKqQGzXcNXMPWzzEAqHxSpCdCwJEirgSInSJOMkfzMBleWwhgbxmoVEVYU  
19720926-230303SECAAAAAAAAAAAAAITCOMMONINACktUJrKWeUxGFAlaIOAJ xcOLYUQXFF                                        AMEX  438801221    1954110219231225        0.830000000098
19720927-091601CMPvYoIOxDrItARtHaxNNHDZTFUGnBCypH                             0000000291ACTVBABB- 1861090717343 Darlington Avenue                                                                                                                                         T5A 1N8     Rancho Cucamonga         MA                  United States of AmericaDaugaard                                      mEBHfjIPShXUMcJzdwkmTNCCLRDmTvyUUPhGysLlqBBHLCnJZcYvgyBNZjYIrrbaFrlQgBAuRuxAkTfHlblZoCdKMXPdbURafhMsfFMAVGOMY                                         
19720927-223713SECAAAAAAAAAAAAAUCCOMMONACTVoffgcPPNFCAkJHgERmQkQc YOTnIr GGCDjxfMSfSWvmwAGUAVUPQqDlYBWSHqTS      AMEX  202971680    1956100419471128        1.85rqMbvwSCBGYCGMEPKQeELcTKYUzuwRMWTqYPIirIgRbOCStxEXLeiAEZJCb 
19720928-025529CMPcPOOydoHzXLJKVJoZqQOPxiAbZSEOCBSZFKLwPxTGzZgA               0000000290ACTVRNAA- 1947122720827 Clint Way                                                                                                                                                 70187       Coral Springs            NJ                  United States of AmericaJannusch                                      IkEJRIMgbxoN KCfIuUuOxihbMBcRxrFMMnLEfVFqHmaKfGYUisBGdtjzAeLGAGuJKPIqCxLCKRsITouDkIHHCDNu                                                             
19720928-134429SECAAAAAAAAAAAAAUECOMMONACTVFiTOnNHxQlgIKFTiHppULIwBSJAJnjKEMB                                    AMEX  513320013    1874010818741112        2.13gPTmHDJTicoYfqSbnVEHCVRwvFTKJwFmBdaoQOUBGlNRgAScbaW         
19720928-154718SECAAAAAAAAAAAAAUGCOMMONACTVMDyCFDNJGhtSMLLcOVNgGbz                                               AMEX  578491208    1898053018730314        1.29NtOdvFBFUhCVdhuIepZmNOBReS                                  
19720929-061028SECAAAAAAAAAAAAAUICOMMONACTVKhtpfBYMawUBWFFlUgkg                                                  AMEX  746937183    1886012419640930        0.52HCyVIHyFodPADbGORMCBjByxRTESfBNDTPBZrsTBUACleKEVFjHkSOorMc  
19720929-200335SECAAAAAAAAAAAAAUKPREF_BACTVMTbUClVMiQixfegJndOWFBjbEouTPVUEdCUOtQITZVkvvpvPOUCvNAuqGGH           PCX   685457605    1940030519230920        2.980000000023
19720930-030015CMPqjSaOCoSjvkDDsGBRSZtQArhIwHqECVHSANLKMfXfgkBvoVykkPSLPYv    0000000289ACTVPGA+  1923031722605 Deerwood South                                                                                                                                            90085       St. Louis                VA                  United States of AmericaVerdejo                                       HJBfRISgFWeKAkKTwqVBDCYnMCPQmVQkkHI eamlUweV                                                                                                          
19720930-044820SECAAAAAAAAAAAAAUMPREF_AACTVMbAQhIlEIqavpSeMbvL                                                   AMEX  945422230    1866110519311216        1.03KystGlBRwWHnygomAkGxXAAHJowCiGoTIuBrJfHMDMYlMVI             
19720930-044842SECAAAAAAAAAAAAAUOCOMMONACTVyWXcBMXipyniEPHmHQQYYYVxdWULdJKLemYmOSdeVECEBFPzcwMezNICUlKHZMjFEuhi  NASDAQ682502386    1966070819540220        2.030000000041
19720930-094413SECAAAAAAAAAAAAAUQPREF_AACTVCmjyNT FtcqkFDGznXvB                                                  PCX   290208743    1912091219190708        1.95xtCKWBjqUKBQIRxNAFhHNGkothLlKEOJLIDZHCCNWPKwSBnHHcnYM       
19720930-235958SECAAAAAAAAAAAAAKMPREF_AACTVldjxBrAcBMLxRONqXfVICfETtkmiFZCFowcJuWEIHyTNR a mCamFyQGUcVPIuRQBOAovVNYSE  274182714    1854083019440709        2.60WWZnPQCzopSOWpJARPzEqydPAK                                  
