19680701-134026FIN196831968070119680701    2872962710.58     982130411.85        0.99        0.99        0.34     432000084.62  892422116385.23    6093261847.19    987240966    9898284000000000029
19680701-202839FIN196831968070119680701    9851276069.15    4894150611.72       21.27       18.61        0.50     810536927.93  374705191057.72    3536663590.17    230143389    262934954wIwqEOGBhJEMMWLLUMyBfS                                      
19680701-213849FIN196831968070119680701     997186233.21     594181668.96        1.24        1.19        0.60     300732564.92  708371414233.40    5057557294.25    478081564    500835602EfJsxyQXPtapRNKCSPqQITlQBpykYMLBIWPDLpTrHbGMNqVIizY         
19680702-010537FIN196831968070119680702    9449345487.68    5072657294.33        6.54        5.59        0.54     820623347.85  655138874239.56     285358279.46    775778783    9069088440000000211
19680702-091509FIN196831968070119680702    9349622572.09    1321788159.98        3.79        3.64        0.14     806472995.60  999974154642.87    1216454292.10    348463323    3631076930000000175
19680702-124501FIN196831968070119680702    9954358238.51    1849940383.25        5.31        4.94        0.19     637559480.19  536101716954.05    8517973895.35    348595821    3744033890000000027
19680702-142246FIN196831968070119680702     595303160.40     380656979.74        0.38        0.32        0.64     996612124.32  633196232585.78    5170021521.14    999203718   11938897100000000163
19680702-174702FIN196831968070119680702    6018677666.67    2806613036.93        9.92        8.97        0.47     421674601.97    1237453550.01    9617472312.53    282887330    312822218QwnIbVnuGKkXinwkKNLkqFNNlyDxVORxOQbZXbKhdqPCFoPBEWbUnxOfI   
19680703-000108FIN196831968070119680703    3255905304.47     452247483.19        0.54        0.45        0.14     907327730.37  438948764680.21    8706196488.39    840163341   1005555276eysebWKLNGxQYYIFsJdhFuWyXwLTDJxAKCaDTVAUBoodItsSQKDEE       
19680703-132124FIN196831968070119680703    7644890769.64    3185584600.66        9.29        8.25        0.42     905333806.04  864566200129.77    9616834860.82    342774869    386173624AsIcOhpVbPzObQVeuCVsm                                       
19680703-200316FIN196831968070119680703    3721568628.04    2274786017.30        2.69        2.45        0.61     382586718.36  270642969294.16    1566903917.79    846225897    9274618390000000226
19680703-201216FIN196831968070119680703    7881777590.74    2769828610.38       20.32       17.51        0.35     730964982.95  157277236602.81    7452116940.57    136289555    158148551DGRnGSpVECCpqPNWQFrXCqxvAKEHbMGsTakcM                       
19680703-222416FIN196831968070119680703    3303490450.61    2265148764.17        6.67        6.43        0.69     544876948.68  749650066791.58    1493212482.73    339816839    3522243810000000066
19680704-042633FIN196831968070119680704    2886051592.71     452846824.88        6.52        5.54        0.16     626229155.02   47354142574.86    8882986770.93     69450379     81683865bvAjGxHLNzaMyUfsFYwIeWinCSUVBJVoPHqXvwORT                   
19680704-151618FIN196831968070119680704    2184497608.32     679378136.82        1.06        0.98        0.31     874588662.74  206772608331.08    7839046002.53    642492152    6954875980000000237
19680705-003900FIN196831968070119680705    7098894933.47    3588533603.67       41.96       41.74        0.51     813123471.51  375725837767.52    7915599029.28     85515278     859660300000000112
19680705-050208FIN196831968070119680705     874418951.51     279588872.47        1.62        1.43        0.32     237284745.80  535575603560.29    4568706680.04    172205685    195933832LrvzmLeLVOWwcEFYsnNEWDJEkrUOhemp                            
19680705-125540FIN196831968070119680705    8152845104.52    3630833128.26        5.62        5.26        0.45     455933290.32    7486607704.51    3907826347.84    646511518    6899213230000000064
19680705-193458FIN196831968070119680705    5856677463.03    4018323836.19       75.12       69.31        0.69     455029386.55  945402516187.32     530985212.70     53495334     57972072ZtxVEVwKEuxvbNFcMHAJGycKZxFQFCVjJvhSnNOvDXLCGPNCWnHDRjgsA   
19680706-085814FIN196831968070119680706    9172889759.02    4725641405.18        5.72        5.33        0.52     454627416.05  428710079385.92     506290816.59    825500076    8861260320000000255
19680706-221735FIN196831968070119680706    2911368001.00      16748846.16        0.02        0.02        0.01     961972245.33  712009976090.72    6931885411.45    700323775    809502345GCjVjJdHNLUhgQD                                             
19680707-022652FIN196831968070119680707    9810178643.26    2785398251.80        5.42        4.94        0.28     453112949.05  979516431951.56    4810365420.99    513850570    564317174TzOOKJSXlzetRDAZNOaBGRiAoYkrPjDLzvR                         
19680707-142206FIN196831968070119680707    6835114672.76    2830943176.52        3.80        3.56        0.41     196450173.85  646449406339.74    5735004193.61    745295000    7947826390000000250
19680707-181119FIN196831968070119680707    8652200961.19      76128999.99        0.19        0.17        0.01     635381815.84  512254817220.57     810949544.43    394140871    4501314130000000098
19680708-041044FIN196831968070119680708    9800977319.16    4375575071.19       17.55       16.77        0.45     121014828.50  205377050660.57    2348354669.45    249360089    2609649150000000216
19680708-123121FIN196831968070119680708    8520602684.70    1121270671.47       17.53       16.95        0.13     333498548.17  643004808509.13    2442629104.15     63967544     661379760000000245
19680708-171627FIN196831968070119680708    8962654780.69    5548169527.25       11.19       10.99        0.62     711597724.78  715418723970.01     411476794.68    496031543    505014933yRPdOOYwDRIgGtBTaFzyuaZQ                                    
19680708-184508FIN196831968070119680708    3803500515.85    1880298609.29        3.41        2.95        0.49     770922414.28  892018561208.70    8776104471.81    552035720    636383365PZRwCHSUPUWZCeALiQlrRSOSgPMyAMPEYmFkMkXiXeCQYbI             
19680709-070151FIN196831968070119680709    5943912724.90    1916640573.05       12.05       10.46        0.32     923909043.23  155942674294.01    7398925411.25    159048387    183259032EhqRirDAXxfmkjRFuvqBjTsrPHcyvavBLTvRuTeGeZtHOqOpJpBRUdJGRGK 
19680709-141925FIN196831968070119680709    8761022674.73    1199184637.35        2.50        2.27        0.14     118509949.83  480346056066.58    7298969352.62    480567307    528439329jaaLOswAWNHAAHrSJdoSSzDViOJjUjQtYhYJQkHMYPSJxGEVzPMFi       
19680710-031527FIN196831968070119680710    8816530252.88     135991861.48        0.35        0.34        0.02     242591699.71   34483834435.70     172600289.90    387325753    4040941210000000085
19680710-082256FIN196831968070119680710    1226307706.90     316693238.33        0.44        0.42        0.26     292574099.64  596362195194.84    7808906730.51    727663341    7484686480000000236
19680710-171209FIN196831968070119680710     469386445.93     180637065.23        0.23        0.20        0.38     515116824.36   66945953988.06    7440465376.96    794520652    9036336530000000147
19680711-060705FIN196831968070119680711    6088577559.84    2906635883.98        5.99        5.37        0.48      30635576.09   70685839925.28    5153865295.50    485620732    541161021BELJVClFSUDWQNFrxaHxDDEMSOMNqTeWbFtIh                       
19680711-132847FIN196831968070119680711    5087139981.40    3428373841.56        4.27        3.71        0.67     852881710.71  479103267137.15    8184633557.10    802327761    924332384TGjXhGpvuCeVQjDczEHLXlFWuRNEVWzDFgzLogzEs                   
19680711-145518FIN196831968070119680711    3752402350.36     297365236.10        0.30        0.26        0.08     974610877.96   13137329088.17    6402700449.99    977076274   11427010270000000083
19680712-023946FIN196831968070119680712    3069999236.63      59699223.38        0.17        0.16        0.02     622669932.84  681640010290.14    8847231200.80    361212996    366993165RAtXIperFfSBzTNkUHKANNBGDCfGgILLuOMHtQhR                    
19680712-104651FIN196831968070119680712    5329945746.40     224456899.00        2.63        2.55        0.04     601345970.46  437273235019.01    9421476873.57     85314304     881170430000000045
19680712-193832FIN196831968070119680712    6803996826.38    4648294036.83        9.64        8.54        0.68     770125340.66  839358807078.51    9493506295.71    482104786    544406778zSzyZVwpMSypTaf                                             
19680713-073243FIN196831968070119680713    1032832290.29     280285091.60        0.55        0.54        0.27     155865302.45   91999175586.21    1862668585.97    510222975    522693756CVRXvUkWOxdMcWRMhABiVpiKwSnFEzHzbbeQ                        
19680713-155525FIN196831968070119680713    1899824213.79     247906474.49        0.38        0.36        0.13      50334210.18  802606484362.35    4002244603.99    656698074    6973097050000000167
19680713-203918FIN196831968070119680713    1270220610.36     438700820.04        0.61        0.52        0.35     734876784.44  273099666920.53    9614417875.59    715460869    8503948230000000117
19680714-015150FIN196831968070119680714    9266189140.77    2954914508.32       47.84       40.27        0.32     638294911.58  259846803713.04    4164619780.33     61764043     73368616eyGBByYTpoRbgjJdHtPbQdJTXrTbcWTJkSHlPvDAkK                  
19680714-031404FIN196831968070119680714    3794464825.30     771299525.39        1.51        1.36        0.20     999185717.10  100711694052.13     915534624.25    509477813    566953959yJZRFbHLdseBeTnJIpEmTJtfrrDaEFBWyS                          
19680714-104108FIN196831968070119680714    9833567188.36      24198746.62        0.07        0.07        0.00     594074838.21  408842064320.50    7299709221.65    329907490    369431074OsurtSiBlHPXzsMOcSTdKVCHPQCDhZQCOOuArEAthFHWlKgERESelqQLC   
19680715-000854FIN196831968070119680715    2382009218.33     591120785.48        0.92        0.77        0.25     664281830.96  261589872029.12    5300993974.51    639425488    763866346FTdnKnXaMJFAYPMbDwkeJWXaRWJUQxtKKejCzvGmFmE                 
19680715-040128FIN196831968070119680715    4675197733.98    2438835142.85        2.73        2.30        0.52     904355373.80  262197110043.32    8406722320.76    894765074   1061874251XtbozDFYEJJzHPPbBRzE                                        
19680715-104732FIN196831968070119680715    2029817055.36     680210614.27        1.28        1.11        0.34     226681254.04   25919427697.49     495433291.51    532598171    6148614240000000161
19680715-110631FIN196831968070119680715    9595083675.47    5050767731.52        6.73        6.15        0.53     425789456.83   62927484237.78    4723671194.23    750532326    8208649270000000046
19680715-232345FIN196831968070119680715    1453593344.62     327551768.83        0.36        0.36        0.23     467536507.77  676558131570.63    1516756310.01    907358328    9094887780000000004
19680716-112155FIN196831968070119680716    9511966233.97    1696096055.01        3.27        3.05        0.18     215754802.90  540840665564.27    8729385756.99    519283971    556042317UmGSwjCrUkXlhcWjmEhYLkTpDpkNOLLdWRrHITXUFXkMzO              
19680716-211143FIN196831968070119680716    9191694672.94    2211377386.62        2.96        2.48        0.24     862344933.18  344239251485.56    5691590283.70    746667111    892078184FVGmQdOORBhcLfIPiADRHiPNvGlOIkkKoLhHGhaUNUSHWVhKqDfXAFFT    
19680717-033252FIN196831968070119680717    5014572782.00     338682142.24        1.00        0.85        0.07     978672694.74  888487920584.44    1371551824.53    339895039    3979462730000000018
19680717-035543FIN196831968070119680717    8550677102.11    3456937042.18        3.65        3.20        0.40     863875397.68  296241491602.14    8396079136.26    947501967   10806170860000000179
19680717-135955FIN196831968070119680717    7114242999.51    3480836263.12       10.39        9.25        0.49     246003111.16  785195785433.77     809451804.25    335115815    376230093jRhDJJDxLPxUEMMpdhzdZNqRVTuzMCrlMcwMsdHNvIEBwDfErPG         
19680717-151319FIN196831968070119680717    6533560641.38    2759866983.05        4.45        3.91        0.42     735713887.92  293847863678.98    1233813981.17    620880250    7055259330000000213
19680717-222049FIN196831968070119680717    1338432713.33     457008156.35        3.86        3.75        0.34     959555333.98  124371856660.32    3516711872.05    118484658    1218982390000000090
19680717-231339FIN196831968070119680717    3774484555.04     454052638.15        3.60        3.56        0.12     556861132.22  341918104960.97    3583492327.67    126020540    1276041100000000227
19680718-025014FIN196831968070119680718    8452507662.32    1619310368.49        2.13        2.12        0.19     674506449.29  734765810753.53    5842417766.79    761084508    7639880190000000126
19680718-131512FIN196831968070119680718    3739947483.36    2280954413.86       27.42       25.86        0.61     990835741.85  774664811648.55    2486301590.79     83196665     881886580000000000
19680719-030828FIN196831968070119680719    2142348690.45     286292278.46        1.49        1.33        0.13     436668428.94  641855531839.54    9006646896.01    192513987    2153149570000000062
19680719-040559FIN196831968070119680719    4939135959.33    2206387399.13        6.07        5.13        0.45     209070826.38  413674417600.72    4661609447.35    363296387    430397238HRPhstxkLDWAVdzSPsLXGJLcoFvDLVfcNWnxUMaagCQE                
19680719-050812FIN196831968070119680719    2901211247.75    1033353606.56        9.24        7.96        0.36     938454989.49  149898869392.09    1199745574.04    111888821    1298079960000000124
19680719-103759FIN196831968070119680719    3018473200.47    1489537676.65       16.25       13.90        0.49      38315393.44  613649542632.21    6944113436.67     91683222    1071881170000000183
19680719-171456FIN196831968070119680719    6198611980.56    2308768142.84        3.91        3.38        0.37     410280501.80  555214032712.88     328210109.30    590433990    684036902XCSbLIHwrFuenuhOSByKxXLBgIFHMySpTKhwCpBNFKAUeCzkBgyOOJfH    
19680720-070408FIN196831968070119680720    1744474228.46     681322072.13        0.87        0.84        0.39       4246370.71  244095917358.28    3557085411.48    785758827    811284434dGTSaPOJMHvtCCHelvrPOQXnY                                   
19680720-185139FIN196831968070119680720    4949610570.19     406342797.63        4.01        3.42        0.08      72657261.42  483786746589.99    7598395026.27    101430924    1189543080000000039
19680720-215745FIN196831968070119680720    8914206442.58    5706724468.19      438.56      403.64        0.64     252173530.98  518539045959.38    6318332964.77     13012367     141380470000000101
19680721-013235FIN196831968070119680721    1419736755.13     381741347.53        0.87        0.79        0.27     980893632.79  775385147764.63    7664577213.32    439774435    4847869140000000259
19680721-153647FIN196831968070119680721    8779128024.89    3450512589.37       13.39       11.54        0.39     898075620.78  635799559364.13    1988917888.28    257728211    299043564DCcXpyBmvKqumKDo                                            
19680721-160027FIN196831968070119680721    7615866589.62    4312740160.65        6.39        6.09        0.57      53233335.09  511131784741.69    1687631099.50    675114168    707654199gDqcCBxupXLOeBnjyoDuJKKpXXazMTBejzLaoxVkzpfVHbeQYNnEL       
19680721-203538FIN196831968070119680721    4488100684.80    2281675188.73        2.36        2.13        0.51     360126111.09  646273337337.18    1754256033.02    965861794   1069900624HiFaAXHaNciJWpqVaWdNT                                       
19680722-044008FIN196831968070119680722    6734324710.47    2022900356.84        3.43        3.11        0.30     973488173.73   45054658581.44    5938497013.25    589348658    649735374NAYgyJWLYJBEBsHyewWRGxACUqRMXHbFXaWCEBYtC                   
19680722-084257FIN196831968070119680722    1952285512.99     847488469.34        0.89        0.75        0.43     123539733.93   19813451614.56    3030330968.43    948937341   11229884120000000187
19680722-195607FIN196831968070119680722    4209333383.96    2873958607.73        5.85        5.00        0.68     571366381.72  127262599492.14    9055310228.12    491547775    5753650970000000249
19680722-232922FIN196831968070119680722    1382406272.73     358541614.41        0.37        0.31        0.26     463441971.34  172339322931.44    8495644562.96    970625403   1141459994zZCyFkqieiPsUGvBJwvhXNW                                     
19680723-015328FIN196831968070119680723    3066323057.42    1165848978.14        3.37        3.17        0.38     679220784.31   71269619667.71    6722104153.70    346245149    367552249DIOKfSfWssQzOdgyxCetm                                       
19680723-045048FIN196831968070119680723     535856785.76      14472182.62        0.03        0.03        0.03     708516253.10  894908802948.63     633870885.85    427595767    487521163YIjGVogDxcalAFCBFdrIjjouPsbTwDAVUjyVYv                      
19680723-180253FIN196831968070119680723    6201679365.92    2799608344.92        7.93        7.92        0.45      14717075.77  348746537763.21    4262190308.19    352973896    353276598zScyndwxOcLUXIwtrdKPFPDeQiYudN                              
19680723-225714FIN196831968070119680723    2727015488.41     152505332.73        0.20        0.18        0.06      47478508.70  223963309628.79    4730703913.16    746225211    8566766360000000133
19680724-120007FIN196831968070119680724    6183339260.23    2464234616.90       13.41       13.34        0.40     693255868.36  143586237365.17    2354717112.19    183794733    1846652800000000138
19680724-164549FIN196831968070119680724    1333802230.50     730728831.77       33.20       33.11        0.55     822878772.95  506778155398.21    7398346303.17     22012315     220717990000000069
19680724-235344FIN196831968070119680724     395311123.08     256074141.87        2.14        2.10        0.65     316635154.54  624996230876.46    2531355046.38    119432105    121792804jlkBZXPcVEbEkvquHcRWHHHVGNQxJWnBWpCCCKENWGMjHFABR           
19680725-095018FIN196831968070119680725    7758811473.32    2290092155.93       10.00        9.26        0.30      93102844.81  220500966336.26    5142075912.87    229080831    247246616GTXcbujiDrVQTNanRXNE                                        
19680725-202257FIN196831968070119680725    3085595874.85     265930839.95        0.36        0.34        0.09     816915102.90  719647426362.23    7637456702.91    743365551    782595643ITIBXSnyIwDHJQhzM                                           
19680726-053357FIN196831968070119680726    7991054660.43    1793187459.46       10.00        9.16        0.22     426461653.20  142729450646.67    9614844443.00    179322932    195733889BVKkCHLPDGgsHNcHspWSOlHUndemQfJeCoVmAJKGcMVMmkIWVRMtZUCGymG 
19680726-084830FIN196831968070119680726    4296634280.25    2661391397.40        4.47        4.25        0.62     710402058.90  154440633221.21    2265758190.27    595866982    626865581FuhXrJlvsKIZUJaCLegLlrNbqhUb                                
19680726-142033FIN196831968070119680726    3584084714.09    1456256688.56        4.73        4.59        0.41     150240836.14  408670869400.83    9171804286.89    307764910    3174345670000000229
19680727-014614FIN196831968070119680727     954327523.70     328579344.97        3.07        2.90        0.34     570425963.53  286802858772.37    7605117717.03    106933641    1133490800000000030
19680727-030047FIN196831968070119680727    3739298450.16    2160555795.82        7.53        6.82        0.58     742362675.15  215066970183.63    9728359392.07    286960378    3169090220000000108
19680727-035639FIN196831968070119680727    3839947780.52    1816793206.11        3.53        3.51        0.47     866695339.61  738929855346.88    4755323126.71    514107466    517803347lRJmPfbJUpmORFMRnbyTADExGTDJQlwShQPpHDysIlizHSnZz           
19680727-101012FIN196831968070119680727    1616790512.78      26368399.89        0.04        0.04        0.02     376179237.29  692830488706.97    5053698144.98    605467065    671760578aoTgMQQOVPapOXWxUW                                          
19680727-213131FIN196831968070119680727    3061738332.04     264103230.85        0.29        0.25        0.09     769387011.51  251465188078.31    3291561744.35    923243673   1055894917ZMyMWAaoadYhYUETeJAUqAJhTRHVNsGEyXUstPsmmSDDlJphpBfMH       
19680728-022643FIN196831968070119680728    1758995149.04      14590853.33        0.05        0.05        0.01     370776762.74   83750095223.14    1812750773.35    291541476    293273300IiHkvFAHjNrDbHaXULOVQWMsfQI                                 
19680728-103322FIN196831968070119680728    4940650554.12    1406702459.90        1.84        1.83        0.28     287421913.50   16915656394.90    5661694764.54    766017533    7695300630000000106
19680728-154445FIN196831968070119680728    6891588270.07    1196241025.27        1.24        1.14        0.17     641688201.84  227246916752.00      42058307.92    964862829   10453172970000000032
19680729-040946FIN196831968070119680729    4902755822.61    1610879399.84        2.52        2.45        0.33     809937228.61  649933662423.16    1912770763.35    639996802    657055253BlzKUNpcdbxQGHwUAaQlIXGgyZmHnyRREOKBwpXvXwwWEOWiNJVMXWALS   
19680729-133705FIN196831968070119680729    1225374332.85      95117222.90        2.21        1.85        0.08     776601183.18  449506375110.97    6252428328.02     43029452     515052790000000152
19680729-134150FIN196831968070119680729    3267625455.06    2215220479.61        4.83        4.55        0.68     585270284.61  476410248509.24    5465120772.48    458502964    4872392530000000078
19680730-025923FIN196831968070119680730    9440629286.35    4379294188.62        6.16        6.04        0.46     427801166.42  789970076330.85    3697565337.45    711284870    7249836170000000104
19680730-142601FIN196831968070119680730    6415876022.75    2568510203.21        3.21        2.73        0.40     496425087.34  431856738003.17    9002341232.60    800469069    9394717890000000170
19680730-193239FIN196831968070119680730    6454129238.80      99371044.19        2.73        2.55        0.02     477151899.99  770128484415.97    5051217655.39     36400032     38915608RxKMPKUYDaeLqGeOBTUQL                                       
19680731-082649FIN196831968070119680731    8124968442.64    2781886517.42        3.35        2.90        0.34     284449720.85  227616275898.18    8422626692.74    831363436    9589116160000000199
19680731-094612FIN196831968070119680731     858330722.06     443341065.91        0.73        0.68        0.52     702132788.69  750778357732.01    8935453121.91    603993409    648924813BUJliDksNtDYNWtXQNvxDqRcgLvBFezlasHGMAKJNGW                 
19680731-203440FIN196831968070119680731    2721964762.05     771004457.80        0.87        0.73        0.28     866643846.28  262886926371.41    6052921275.50    887274936   1062138163JaPjAzhmOUDSHusYYPVPgmIicldfYVzpLuIocjMUHLjvJkIwTxmUUMzMH   
19680801-032933FIN196831968070119680801    3211196221.28    1300157124.00        1.71        1.48        0.40     473985541.21  981807571247.56    7049934596.65    759717955    8762259540000000156
19680801-074956FIN196831968070119680801     404403970.73      99864536.78        0.10        0.08        0.25     717367571.45  751050692673.87    8554910113.31    999649101   11833549410000000143
19680801-195238FIN196831968070119680801    3684266740.34    1332612354.47        7.61        7.01        0.36     407607492.42  898780381180.94    5951416341.41    175079116    1900818020000000215
19680801-205127FIN196831968070119680801    4913067818.69    3229935803.44        4.84        4.28        0.66     198025339.79  551162891638.37    3474228596.07    667675872    7544643570000000164
19680801-215850FIN196831968070119680801    4513116656.59    2636760754.03        3.39        3.15        0.58     157683976.71  805647197298.74    3844310599.91    777432783    836884248PGDBgEZqRneMoLzzQWIWKPqUm                                   
19680802-015757FIN196831968070119680802    5199925566.83    3192480345.07       14.62       14.22        0.61     628488855.04  245241960662.12      62894574.87    218402014    224564409pDToWKnnzZZqdQIocIAFPFOfRfwAkprXFizOUUlpONRGUKsXiJIgzGEugKl 
19680802-095032FIN196831968070119680802    1832584837.72     797993516.34        2.20        2.14        0.44     462652088.68  394765279982.95    8799141533.48    362341733    3721259460000000141
19680802-223938FIN196831968070119680802    5690688114.41     344092728.51        1.05        0.95        0.06     958503493.46  708563540882.99    9043364247.50    329010984    3616564510000000186
19680803-050620FIN196831968070119680803    8685237333.30     310582600.10        0.43        0.37        0.04     835445211.11  924173323413.02    8301864753.42    715669180    840820136yRflLhHvroMJBNHcMIDiQuHspAHUTFVE                            
19680803-180021FIN196831968070119680803    3150570960.12    1007778600.77        7.51        6.74        0.32        768807.16  451453474021.61    9200858400.86    134253847    1496292610000000035
19680804-040540FIN196831968070119680804    8566007056.52    1539605408.14        7.75        7.42        0.18     638951955.53  193282787638.40    9635559839.28    198577719    207372122yjlhQKIALCdxqRI                                             
19680804-072728FIN196831968070119680804    8722455145.11    1476202725.49        1.67        1.60        0.17     477738765.77  474296240277.62    9291366161.54    884001987    921900596MvFWFxETzIJhdDIyDWMLuczKqULEfmrbdOONwcNWwVTIQWWIHBCDXCXCSEX 
19680804-120615FIN196831968070119680804    1534171455.49      57371722.82        0.12        0.10        0.04     722128696.65  208521932765.97    4433163902.60    488613519    566507564nJABGFUdmyKdSeGVJTktkEBXAAWIUJrRFfuukiWaoLVSiaRtLosmRLpCQH  
19680804-230942FIN196831968070119680804    9431693485.23    1316047858.80        4.91        4.17        0.14     871609522.99  429534199680.46    7659086833.29    267929276    3152493430000000178
19680805-052535FIN196831968070119680805     794065278.58     241691682.03        0.39        0.38        0.30     542421804.31  447165293348.30    9142093867.87    620817925    634210110TenznxCxDNREeghHodWME                                       
19680805-052912FIN196831968070119680805     602361387.05     388156836.65        1.59        1.42        0.64     486148268.90  363701506937.14    2847163488.03    243596589    2740872020000000258
19680805-100712FIN196831968070119680805    2128478880.33     894761123.80        2.48        2.19        0.42     113645790.08  614340669730.27    3850560551.42    360226847    4086511690000000116
19680805-194346FIN196831968070119680805    4872414195.05    1432717067.39        2.63        2.56        0.29     205415306.02  230351034862.94    8285374929.35    545610005    5595443150000000191
19680806-041218FIN196831968070119680806    7546366592.64      73817355.65        0.11        0.10        0.01     666535472.04  561653094075.87    1032962181.36    653642776    724479463XYBskXbBKdGkRvEStCHIPFqiJyXvXziEXjAwTvvfWRJc                
19680806-065850FIN196831968070119680806    6779354991.77    1444151196.60        2.78        2.41        0.21     370669944.89  394183443206.77    9914179384.19    519381692    599014429rjkmNkyRrYnpSUDcOqIviweufHAQzFKBSXsYPAcKkbMbBVsEUWMNMRKJZK  
19680806-151816FIN196831968070119680806    7994592778.03    3924733399.38        3.97        3.40        0.49     683082259.91  946216371340.83    6993652707.41    989481737   1153546751GCuinPDvwNejloIRTkgEypWMqgYu                                
19680807-014532FIN196831968070119680807    9523176964.62    6251266502.10        7.83        7.66        0.66     942220188.00  501751927669.05    3629699614.34    798075671    8164305590000000248
19680807-070505FIN196831968070119680807    4320683450.67    2484375676.76        3.59        3.20        0.57     507319080.89  891761528177.56    5785724760.57    692841496    777144830MVCKckBWCQkXbqXuPPxiqbioWtLPmVFWPDdIQsbx                    
19680807-125342FIN196831968070119680807    6589232845.74    4296752189.90       19.84       16.65        0.65      52111534.32  661088534869.21    6792632294.73    216529049    2581054330000000182
19680807-175215FIN196831968070119680807     772074366.26      59042811.42        0.15        0.14        0.08     423643019.81  564070777523.94    9270135374.44    381642410    4100603250000000243
19680808-013803FIN196831968070119680808    2061425541.19     780383675.22        1.24        1.09        0.38     496107105.74   11649383649.38    1280600528.31    628581015    713596316THVJKcSJVNsCshDziTFfMUfvDnfDXOVOgpxvKDj                     
19680808-142154FIN196831968070119680808    4230222085.40    1105214991.17        1.79        1.50        0.26     805998447.98  338084872292.56    8707007003.61    618898731    738617636hVAaKcPotSMtGHVnWXP                                         
19680808-232529FIN196831968070119680808    7228269279.70    4430331560.49        4.47        4.43        0.61     939830076.29  663426822665.87    5703689293.08    990083525    9990968950000000195
19680809-094902FIN196831968070119680809    6577005179.60    3976277179.61        7.90        7.05        0.60     511661990.47  918778207641.90    6136162362.19    503135637    5642708790000000196
19680809-222827FIN196831968070119680809    6131791983.17    1944491757.70        3.50        3.43        0.32     233154191.79  738639496185.66    3099909336.53    555788901    566388317mzNoQBeBzrOEMnrTNGzsEZAXnVmRqtERRLjwkZcXjeCqBOyaoBeBJv      
19680809-223647FIN196831968070119680809    3108379648.39      46928380.55        0.07        0.07        0.02     469597193.10  404715287375.29    2262464205.89    650652879    680464750EMEHaKSGbysKWEjTOBZmjCUC                                    
19680810-120033FIN196831968070119680810    4585136622.66    1325673776.59        2.71        2.50        0.29     813231444.40  798963575004.30    3217427005.36    490053874    530378325DRNHqMCixoAPPUXBkC                                          
19680810-151252FIN196831968070119680810    8722453324.50     201770687.46        0.96        0.90        0.02     811978619.45  452215423244.85    3712200273.17    210691564    2248204540000000125
19680810-225345FIN196831968070119680810    3682120937.02     694882678.72        1.74        1.65        0.19     491697797.41  555813631040.31    5665259037.59    400199997    421481770XUpSUBCBJLqqUFlWoUoPrnAQzteNTcLjiGVnpDUSIFDutaPB            
19680811-095158FIN196831968070119680811    2864487087.74     226380731.22        0.28        0.25        0.08     975180778.84  897899650022.39    5197720874.17    805346202    909458275xBnSlRisBhhApLkYYpgKBuKUoOHNYJNUmlLfQFKPFYrDdHMTQlCc        
19680811-110244FIN196831968070119680811     172428250.84      14027499.04        0.02        0.01        0.08     507094276.98  809422177751.61     427623436.02    832829653    9647108970000000019
19680811-233053FIN196831968070119680811    5528454188.79     911420661.44        6.53        5.55        0.16     694394087.73  920869438814.06    4383824113.21    139541038    164268715uiRYXfIoONrIzCHoJMWlq                                       
19680812-031402FIN196831968070119680812    5277404186.32    2456731352.40        8.68        7.33        0.47     897995029.51  989661949038.36     851919763.89    282979079    3352821800000000123
19680812-034029FIN196831968070119680812    3910881679.04     752208354.73        1.04        0.97        0.19     313456433.61  631136293361.30    5364038816.39    720588357    7777693610000000081
19680812-155951FIN196831968070119680812    5826509338.46    1276382407.24        2.48        2.22        0.22     132171988.09   81101585378.80    9574034535.92    513650428    5745773340000000007
19680813-021300FIN196831968070119680813    3494388287.22     739053044.53        1.14        1.00        0.21     147505393.07  269706484131.09    3049260785.23    646442030    7399726860000000017
19680813-130250FIN196831968070119680813    5819352388.69    1301535185.44        1.63        1.45        0.22      23920421.14  581183716371.96    7072344448.55    796053932    8985657740000000095
19680814-022202FIN196831968070119680814    1824102704.86     486814164.52        1.82        1.72        0.27     267629421.07  726475538802.43    9557573352.49    266827961    282212123OHEmalBUVhTTeaTVKPRTjiMkfUHxdcHdcwwIZnOwJikM                
19680814-072458FIN196831968070119680814    3565205188.59    1901826150.33       14.68       14.13        0.53     185200495.60  811589050815.46    6828878524.83    129574755    134584839ieIyBwMxVgOHXKQlnyDjuAKXXV                                  
19680814-131737FIN196831968070119680814    8733048555.75    3447540306.15       15.23       12.69        0.39     493668456.85  949550029389.25    5535891510.88    226432121    271640157KRtMROFTkhVPydRKxEDtVV                                      
19680814-214026FIN196831968070119680814    1718931956.75     452884192.78        0.82        0.81        0.26     571768820.78   38537874242.06     570031077.73    554746333    556990387YNouztDEEgVJnWzrV                                           
19680815-034259FIN196831968070119680815    5351719602.33    3671577049.83       28.35       24.57        0.69     317284848.40  488263521066.29    8610844641.09    129494826    1494155690000000093
19680815-154321FIN196831968070119680815    7598147923.50    2466835273.46        3.80        3.48        0.32     852797029.34  738281457921.81    8423780747.63    649274688    7078969880000000051
19680816-021307FIN196831968070119680816    5041338742.58     914974887.98        1.12        1.05        0.18     366737039.76  222486841458.95    8373891794.27    816391235    872533030CdxTUdBhXtFuFIWUAJgQQbBCCyPDDJIUgsEXveWvNOjZPwOYqC          
19680816-054643FIN196831968070119680816    4754333017.49    3150469807.31       44.74       42.69        0.66     108069225.26  346985388721.13    1581436711.39     70424244     738019320000000201
19680816-133038FIN196831968070119680816    4584684346.26    1549885336.73        2.95        2.95        0.34     278091279.73  408418266415.13    8136835226.75    525998771    5262234870000000065
19680816-162800FIN196831968070119680816     863498845.09     113462898.27        0.22        0.21        0.13     852851213.59  252964442586.25    2302941371.57    507375532    528791700ReMpXiOzRLAKMUzTSaoXogmUnEOqKkaKJoLEKOGIHmVXx               
19680817-023619FIN196831968070119680817    2457996222.17    1673270974.87       18.12       17.30        0.68     295911260.16   32127399401.62    5969096603.58     92365189     96739871lTKAvpYDQWTHOMqUWKQDSYoOKECz                                
19680817-053554FIN196831968070119680817    5762167867.11    2191888623.45        5.18        4.50        0.38     415216825.22  397354360691.02    7629506950.97    423117700    4866331090000000155
19680817-184154FIN196831968070119680817    9328462587.27    5413334511.99       12.81       11.32        0.58     463232453.74  568317355518.72     488222510.56    422713177    478395742TwGeQWSZRutslqTfQchhwXliDBoPoiXDLERDLzByqpHVOKJOa           
19680818-063630FIN196831968070119680818     328587957.49      70158740.76        0.09        0.09        0.21     937751658.64  468707305825.56    3111678102.91    807962703    813241354rRUOtDMrYJJyXVuWMQpcxWklhjonfrKAyqNIkAVJ                    
19680818-091125FIN196831968070119680818    3411886881.08     653797908.61        8.30        7.06        0.19      64508921.58  675979620815.33    6718375733.78     78768230     92590058BTcRMijTonYBrhazpHBBVPDwAoCnJHehvcnyCdyGDsoOYCPKTQBo        
19680818-215659FIN196831968070119680818     962817480.72     570623675.11        0.75        0.71        0.59     935280507.32  675023959734.76    7824843914.11    756804710    806820715yzVtIWYoRQKKPNbDwXqdBMdFXWIZfiTteG                          
19680819-001848FIN196831968070119680819    9989994322.92    1203579606.23        5.01        4.22        0.12     242282721.89  345886898782.65    5318128284.88    240404438    2852131430000000052
19680819-023823FIN196831968070119680819    8427833657.57     835110498.18        3.75        3.57        0.10     224418205.57  601015442516.25    3023505755.71    222476543    234034891YaffwBWevTnZPOCl                                            
19680819-072640FIN196831968070119680819    4704316645.24     668718057.02        0.80        0.74        0.14     345560240.33  476162202447.19    4324975163.86    833927737    8977514750000000014
19680819-144826FIN196831968070119680819    2070045243.84     447611897.39        0.85        0.76        0.22      72500587.31  273672181868.10    8080320718.86    527236115    586001489rqMbvwSCBGYCGMEPKQeELcTKYUzuwRMWTqYPIirIgRbOCStxEXLeiAEZJCb 
19680819-224452FIN196831968070119680819    1340881251.20     715448790.20        1.60        1.45        0.53     447060217.98  753171442084.51    1117335158.35    447421207    4926165020000000181
19680820-101542FIN196831968070119680820    7641368180.24    2292901437.62       15.36       13.81        0.30     802195678.45  589637005869.00    2572832414.99    149231223    1659931110000000102
19680820-170732FIN196831968070119680820    3482670399.12    1529714825.25       17.24       15.68        0.44     520163349.80  905329597540.70    7947796822.83     88728536     97586385gZUwQaFFTCVVSnegbXTDEgWjCjDNFMHmaEQQDtfQdxtonNVUp           
19680821-000853FIN196831968070119680821    1809751148.32    1090785821.85        1.48        1.39        0.60      62074910.38  576096885116.98    3779012011.80    737148569    783303233EOMpasJigJVvYQGKVcDPddEniaOUaTojpCAmYQrUeZJEGo              
19680821-045525FIN196831968070119680821    5354623331.96     422160897.48        6.36        6.09        0.08     162137768.65  224259003895.14    1640176233.06     66408846     69358199NSYnuORxQIWEOLTFSNDHCLlDKVJAUrTORPSPQpUczVTSRsozuKFRUHPDR   
19680821-120325FIN196831968070119680821    6415562226.76    3298649967.99       10.26        8.97        0.51      13129874.23  417583515304.40    5958923497.44    321481347    367818685HRMScDCmHuCrXDBpFKWPrFYXMAcRzcBPLqVmTdZETD                  
19680821-202441FIN196831968070119680821    7896152726.94    2128228575.94        4.03        3.83        0.27     382246013.83  953439744642.93    8891157338.41    528010026    555810997QFRbFMIOhFIvNDHHKUIHIwUDsyiGpkDUVMQO                        
19680821-222900FIN196831968070119680821    6659246681.01       4535611.22        0.03        0.02        0.00     315175488.55  719770514992.27    2492142148.30    166451100    182479207xUJWMEEmEMdIWSDGXW                                          
19680822-035459FIN196831968070119680822    6701742237.41    1711297516.51        2.39        2.15        0.26     664397416.17  428198358241.83    6151957335.46    715119263    7959809680000000252
19680822-134047FIN196831968070119680822     861318582.14     555417363.21        0.74        0.63        0.64     744031623.47  438029604667.78    8278850088.96    746204605    887621231wtUTIAshgTRlJiCRkCrsvGzSDTTpQWXTsIEaW                       
19680822-235927FIN196831968070119680822    8982117658.50    2995858258.75       29.58       27.60        0.33      61024144.56  956356398424.27    7065437325.29    101272378    1085331410000000220
19680823-005312FIN196831968070119680823    5517605924.05    1731862546.16       15.26       13.14        0.31     288864860.68  645796088042.60    6955682358.09    113523501    131802268KIbLaVBJgDliYZvdSIlyPWKFJWmcbyyDTkxJacYJSvlIUiSkiVhAgeM     
19680823-064719FIN196831968070119680823    4030510945.36     580726791.74        3.58        3.00        0.14     930447619.18  161803259604.62    9562017996.36    162437828    1934678270000000061
19680823-203156FIN196831968070119680823    9560716064.84    6483380156.37       24.53       23.35        0.68     599416717.85  812656801336.74    9910621946.88    264357889    277625269IFMKAPsnyffkALrEorEUixamr                                   
19680823-222604FIN196831968070119680823    5813365326.58    1871188484.86       11.64       10.06        0.32     105791073.22  402409902993.35    2931085905.45    160707142    185951046QUnhNVCAxKIJrXubzRSkXhIWpAHLRQrVAkeSFefRGVHTMDbDJDayXa      
19680824-103350FIN196831968070119680824    8786816693.46    2403011940.99        2.53        2.33        0.27     751829526.47  356198183824.72    6152483479.87    951053707   10296072690000000107
19680824-170012FIN196831968070119680824    8120317770.45    4540201292.66        5.61        4.70        0.56     193678457.28  365564818867.03    7153186950.32    808762820    9652699840000000033
19680825-060354FIN196831968070119680825    3051272587.02    2042394035.49        2.35        2.32        0.67     599878988.36  287020281929.93    8711170861.53    870361141    879223907oLLXsGlBulNylApqZLPIkB                                      
19680825-095418FIN196831968070119680825    9242850233.52     907168962.09        1.87        1.78        0.10     654320179.70  201652272537.81    2610930877.39    486363658    5082609520000000198
19680825-120150FIN196831968070119680825    8054059956.41    1530351179.41       26.47       23.28        0.19     891979719.81  476844460015.62    2055771626.89     57807516     657494320000000173
19680825-175820FIN196831968070119680825    5441440882.64    1766894792.86        4.20        3.63        0.32     828194258.66  914394583148.70     542804866.39    420573609    487009463RyGXaaPEwcBQqSesTFzmnVhW                                    
19680826-071547FIN196831968070119680826    7129388055.83    4071144512.15       10.57       10.54        0.57     468024466.11  705013491988.44    9246210027.29    385242808    386293089BCRRYMzpoAimKRITzLWLsoomeKjnZvguJDE                         
19680826-084616FIN196831968070119680826    1997846604.80     635769850.83        2.66        2.29        0.32     839844108.51  101419971094.54    6371969041.35    238651248    277677320IoKUtGXZioegJCNViVxMypETfGzoFpFUrDxdifKVAIZXNIKfuTkc        
19680826-163124FIN196831968070119680826    2195622086.05    1493692785.55        2.72        2.64        0.68     818126604.88  482403417678.65    4358860547.85    549418064    5651756980000000072
19680826-214547FIN196831968070119680826    7680827932.41     368616537.22        3.55        3.28        0.05     183877690.61  543024421153.69    9570322851.44    103757451    1124615800000000159
19680826-223319FIN196831968070119680826    1719884018.72     877722664.62        1.11        1.01        0.51     565227589.48  441109239271.76    3050413571.88    788316534    8647645110000000003
19680827-015224FIN196831968070119680827    6670966808.40    1636064382.84        2.50        2.18        0.25      51774565.53  272914518629.17    9721852006.51    654721947    751887469AYrIhMoBIgUBkRdxKABPjIIShjxFyaWTAsK                         
19680827-133218FIN196831968070119680827    2293609183.66    1537627862.37        1.65        1.44        0.67     518300829.30  671591645169.42    9382481694.15    930373955   1068846927mrTMrIHjEBXSOHhlBvKueJPEBTDtcteUgKLO                        
19680827-183558FIN196831968070119680827    7210064546.18    4584700481.60        9.77        8.42        0.64     592722542.27   93918643859.76    2955368848.43    469476850    544409733KCkPotwrqSQFGNsyRmfAqMDPgLswKnMFgi                          
19680828-082331FIN196831968070119680828    3221117243.96     687836161.39        2.34        1.99        0.21     187688958.59  165444923206.54    8193221491.92    294067901    345591814DLOqrAMsniZCUBVpOTjUgaEEZbqdWYSFFoVQs                       
19680828-124049FIN196831968070119680828    2211695622.90      77064875.99        0.36        0.31        0.03     640703474.86  276543594956.70    1803351665.70    213715782    248531031TGfFOOldnTHLjuAaQqJBgbibktVyiLStkrLCynHAZNCp                
19680828-153342FIN196831968070119680828    9346609999.96    4253733747.65        6.64        6.39        0.46      97570129.71  242638877335.87    4189588757.50    640670858    6652964630000000006
19680828-230707FIN196831968070119680828    2190871141.88     795052149.77        1.17        1.14        0.36     564832031.16  646892777534.14    2143256310.20    679609389    6971399570000000042
19680829-125818FIN196831968070119680829     784127044.54      15736894.18        0.32        0.30        0.02     801896818.31  737084843914.34    2726119992.97     48687172     528216600000000068
19680829-232505FIN196831968070119680829    1718750502.68      83548586.30        5.36        4.66        0.05     838603662.64  681787952077.63    1675949308.14     15590664     179183450000000146
19680830-020357FIN196831968070119680830    5712150434.35    1615616278.55        1.93        1.83        0.28     942781286.96  193415261202.84    7093362255.09    836984384    884350656gxRDKFSvPlmeIOeEmKDFgLkPgZLTtoGjaHHWZjKtlLUyZjfjUTUOEdaZC   
19680830-073244FIN196831968070119680830    9860606716.50    6675658570.12        7.14        7.13        0.68      62950166.33  675885874857.23    1119857943.74    935296211    936290571caTSWZAZArGJdoyLThaWQbFTpAgqCWU                             
19680830-192005FIN196831968070119680830     126581273.06      35851841.13        0.04        0.03        0.28     310214238.92  670938086970.39    7153591962.66    982935512   1174383788SAFZEJLLiMLuOrGrCmR                                         
19680830-234349FIN196831968070119680830    1355612533.91     470243395.11        0.77        0.65        0.35     264339565.86  298724630532.08    1921218684.00    610975769    721686692zwqoWSVQjNxEZABesPNTsTeFMDMjahzJEGOmdWsrJGHpLMoVTECfyWEiP   
19680831-074601FIN196831968070119680831    8319773121.05     234841089.02        0.56        0.53        0.03     792880205.94  334536464834.42    1280993849.38    419189848    4419713000000000203
19680831-135453FIN196831968070119680831     293227961.96     113284197.27        0.14        0.13        0.39     669791749.63  207861179913.54    5444926803.07    833000015    8659112960000000222
19680901-035033FIN196831968070119680901    1358072147.73     947439164.54        1.16        1.11        0.70     623699590.66  742727832749.82    3887484336.87    819249131    8571084310000000209
19680901-094515FIN196831968070119680901    5381154316.47    2026320430.04        2.62        2.37        0.38     863024520.90  796038574258.12    5175391267.54    773195311    8551497830000000038
19680901-173029FIN196831968070119680901    2925668977.13    1299436444.02       14.71       14.23        0.44     862829001.91  503239975362.78    5590324194.61     88361109     913105580000000154
19680901-210935FIN196831968070119680901    4023241886.92    1588160063.37        2.48        2.48        0.39     314888110.80  585341545442.72    3456112845.06    639388733    6403345810000000233
19680902-090954FIN196831968070119680902     393967266.04      71958405.21        0.10        0.08        0.18     804820233.36  772640928540.79    9166191220.44    756683922    894267005GBwfXYROsIFGgJnevYXtIlKWqpWBaxUOBLQuBOjIgbnnJiATTAwMElnc    
19680902-153742FIN196831968070119680902    4078580007.09    2794339655.43        5.61        4.84        0.69     372445232.36   48793718071.15    7190070401.98    497670102    5771016250000000172
19680903-031629FIN196831968070119680903    8275846231.82    3630217350.88       21.02       20.72        0.44     190038233.65   17158652561.27    8877519783.74    172711774    1752217220000000015
19680903-094734FIN196831968070119680903    1869471070.35     120125224.54        0.18        0.18        0.06     316621748.36  799364899971.97    4287538850.66    669742142    6709511770000000041
19680903-215000FIN196831968070119680903    2143599236.65     204150653.46       27.77       24.32        0.10     354381145.92  981360945694.37    5442803302.42      7351154      83951300000000185
19680904-004650FIN196831968070119680904     555191292.12     156887470.93        4.15        4.10        0.28     817324067.63  848011529448.92    7216434650.59     37794621     382993310000000077
19680904-050941FIN196831968070119680904    8945106044.20    2948240652.56       11.92       10.87        0.33     567289848.00  710250842869.90    8025232298.45    247433683    271333062mIdEvCjuNdAhXMiSUsSoLTMDFJuXWpAWUSUCLpXJvHQG                
19680904-141510FIN196831968070119680904    5531055584.71    2601214579.93        2.62        2.62        0.47     512121231.26  818993047541.72    6219023500.41    992961908    9940885520000000013
19680904-160137FIN196831968070119680904    7203745423.28    4181301697.21       18.53       16.36        0.58     449276264.62   81107076930.47    7309722656.03    225650941    255575363BzijSDvPCIJvDDDXrPdu                                        
19680904-220846FIN196831968070119680904    6053109344.98    1634787240.71        5.39        5.37        0.27     417116182.83  197080628608.83     169666842.25    303144425    3042777620000000261
19680905-092349FIN196831968070119680905    6682817640.73    1259449462.14        1.47        1.29        0.19     207501274.61   70306873772.66    8170013310.11    859211399    979064235PGOaqMuwLDTTjPWrMDussNVHZXubnSmEGOCkVPtNDOsFeobEUHRiVIR     
19680905-132859FIN196831968070119680905    4605800522.59     664902260.95        0.92        0.81        0.14     871634020.69  979397763885.33    5331978279.33    724731973    8200840520000000137
19680905-141852FIN196831968070119680905     665427049.49     302688119.53        0.39        0.33        0.45     980412052.42  695422566837.36     276539398.38    771377482    9060289870000000256
19680905-141945FIN196831968070119680905    1335819203.61     541342385.54        1.16        1.05        0.41     821553994.93  213039160759.90    1864109928.25    466067880    514871412qzuJbEnLbLOlOtyvsWNfYJGAxriKRxn                             
19680905-163603FIN196831968070119680905    3973078873.74     143441560.08        0.20        0.20        0.04     954831933.70  546956294979.03    7709124528.14    700812448    7102456830000000189
19680905-175929FIN196831968070119680905    1271267045.44     252086225.41        0.28        0.25        0.20     738413012.40  990993212643.48    4204211320.06    904706414   10067928650000000251
19680905-183229FIN196831968070119680905    3261508621.58     489799606.61        0.53        0.49        0.15      84302508.54  170224687987.70    3943390924.29    927312486   1003131629TVBaQTDJrwGqJVGCBssskBnDsDMLUWwziNkIsfdVbcTmSYVg            
19680906-022921FIN196831968070119680906    4317675928.84    2719315965.25        3.32        3.09        0.63     551802895.67  466741401046.62    7483696762.89    817886821    879757828xXOGiEuCcPGNkErzSfwxY                                       
19680906-050323FIN196831968070119680906    5981280810.41    3538634662.84        8.76        7.70        0.59     422892958.18  584841164085.88     913608450.42    404057862    4592822120000000246
19680906-091825FIN196831968070119680906    8706217324.01    5225649324.05      129.51      110.97        0.60     750187970.99  733683978168.33    8675235801.71     40350041     47089867WKHSDaFEDSYXOynePKHWBGLeJ                                   
19680906-195024FIN196831968070119680906    4775307427.82    2536275611.64        2.89        2.70        0.53     549738377.68   76726064002.80    4653290016.23    877825494    938209671vBBWjIJomMzRujOXjDKiCAEjqhoEFXNfPAzSEX                      
19680906-235107FIN196831968070119680906    7486770400.44     254121846.39        0.91        0.83        0.03     129150408.27  125717141458.99    1344536083.37    279996783    3069397550000000241
19680907-121337FIN196831968070119680907     367900366.00      34687398.46        0.05        0.05        0.09      60977493.77  166432768036.04    5670629444.82    685613113    723909597WIFHmdYSMPHKWkoqPrQTYs                                      
19680907-124126FIN196831968070119680907    3018508566.99      17668512.06        0.02        0.02        0.01     952442211.62   26567838703.74    4708945783.54    821300874    962370955nFkXCFIQQcAPOHRuYtieKkGSZpAdCmvxWPuheWUSLiFkN               
19680908-012308FIN196831968070119680908    9387027600.78    5555812165.98       16.12       14.85        0.59     334945061.30  886864633733.79    9853760344.20    344676874    374216887dCYFztAzOgCJvPUJLAhPlVpBAicUXKKOTavOzsUvIUjqkUxyxNdUBqZBcdO 
19680908-022035FIN196831968070119680908    8362277301.18    5189921314.06      121.99      107.87        0.62     786089513.66  817161064683.74    2576643500.17     42542959     48112576AfDkGRBIGgPbCvgzXEwBmooWPMDGXDMALYcTFCMBMksSbHCKZoGe        
19680908-113208FIN196831968070119680908    7665706976.41    3896691150.42        6.84        6.49        0.51     896862991.73  527974936718.02    8252240733.68    569610121    6001866030000000084
19680908-165929FIN196831968070119680908    5854147485.50     250228508.45        0.53        0.50        0.04     392782098.19  451942002729.05    1367307999.33    469265632    4958347410000000206
19680909-043633FIN196831968070119680909    2540354657.96     773782556.19        8.81        7.43        0.30     795754599.50   74734428302.06    3979331028.36     87863294    104194717XdCwDlGsXFstGqdCIcNOKJfTOQPnoEeELXbNmwOl                    
19680909-100343FIN196831968070119680909    6360106573.57      91247864.42        3.88        3.47        0.01     288099285.64  658228669359.06    3477821225.64     23528288     26333056islDxjbYuuioiSBDvEVFXWIdWskRdMJVCqTdMGZHIJYalOLQxlmcyrXl    
19680909-170810FIN196831968070119680909    9159221853.48    3168271786.48        4.38        3.75        0.35     164865217.83  171149666561.32    5870473004.16    723211573    845682077caOaabgKJQaXSZiUGJIHBtXLntUfKAkQvMDyj                       
19680910-041453FIN196831968070119680910    6755329544.43    3477381614.03        5.70        5.53        0.51     398193643.37  526395388629.56    3355472144.28    609691704    629356232xyrTpxryTSQNQSeNzhwRP                                       
19680910-162207FIN196831968070119680910    3179669995.90    1770905622.07       14.46       12.16        0.56     738270738.51  542038692477.87    2251814808.61    122456865    145592244WyCTXCnMptryHhCwGFfCFMwhjCXqccIKE                           
19680910-215445FIN196831968070119680910    4184122156.87    1823836283.83        2.38        2.09        0.44     425869600.72  821624531675.00    9513692010.26    765179291    8715227100000000149
19680911-013130FIN196831968070119680911    7864091780.59    2942896326.75        3.23        3.01        0.37     773552527.07     768152355.53    7470503046.41    910266827    9769720650000000128
19680911-061348FIN196831968070119680911    9439623490.55    2644991166.74        3.27        2.88        0.28     381051583.16  967103630012.17    5185268057.20    808580507    9189491740000000054
19680911-092851FIN196831968070119680911    2581950947.11     832353439.95        1.01        0.98        0.32     319816171.36  652714694773.47    9140629199.88    822822983    848643869VXpGhfFbmgISLSMZVQlpBtNxkRhiLKvoTFIEKvFgIOL                 
19680911-114315FIN196831968070119680911     644299264.02      64926964.11        0.12        0.11        0.10     524735438.04  227459233922.74    9764849898.62    551520902    5898420030000000142
19680912-014423FIN196831968070119680912    5040709941.13    2745506889.90        9.98        9.63        0.54     699567732.63  703865436885.32    1468697818.01    274967690    285123582PGyStCWXuTMNSmMcKBrfVUQWskEFHeKXCHmNquHGGLzFUUDwJPEAiv      
19680912-113856FIN196831968070119680912    7082699237.25    4574638005.43        6.25        5.62        0.65     640962094.25  147898311796.20    2952297550.59    731596783    813418241GNPmEJpuhWbXsVlnIW                                          
19680912-142506FIN196831968070119680912    1011618995.20     194007328.69        0.20        0.18        0.19     147135810.39  715467590790.87    7232300135.68    949753852   11033726370000000162
19680912-203944FIN196831968070119680912    7318508045.10    3803507393.69       13.50       11.65        0.52     927734517.34  203736735368.47    6129655769.45    281822246    326537016jnhGOQaSGPLzBRc                                             
19680913-060538FIN196831968070119680913    1746406848.71     383680659.26        9.03        7.71        0.22     163094476.65  419159026000.55    9495629375.62     42491045     49749343UrwpdNLBvPyFfWsKNUZBkxBYIFMgONcTckRzWHRkX                   
19680913-143404FIN196831968070119680913    2992873477.61     674605137.74        1.53        1.45        0.23     110356135.39  600891511436.45    2335724133.26    441311023    466162393NFTuJAFIlmSrWNg                                             
19680913-171623FIN196831968070119680913    8146398796.42    2239516378.10        7.12        6.85        0.27      37444745.20  628138446723.27    3265807720.17    314649455    3267999330000000103
19680913-221653CMPzpXnOFSNOeFTFofuNYRFwMNOEKM                                 0000000279ACTVSMBBB+193809044168 Scanlin Avenue                                                                                                                                             90106       El Paso                  Newfoundland        United States of AmericaLowery                                        AZQEBtcuHSPURUCYqkJNCjVmaPeoxTmiVryItZAubRqJrRVtgPNgGKbzoKXZJIqRyIuoGjKbWWGFNqJlJyJNLqzOONzXvuzgJkrOqZTnehfWCFmzPbyeLCjVIhdTw                         
19680913-225535CMPRpRNXSNCaINbvfILmr                                          0000000272ACTVTNVKXT1886052624673 Potomac West                                                                                                                                              V6Z 1W2     Norfolk                  KY                  United States of AmericaBruso                                         MfKfhmKZRCIHqlWbBcuLVOyCMVRADAFANBlLkAJaHMVjIETS                                                                                                      
19680914-085234SECAAAAAAAAAAAAANHCOMMONACTVGhSNVuvFDzourZqXHhyMVCNwOKkdaChZC                                     AMEX  708444675    1919122219510106        2.57WIFHmdYSMPHKWkoqPrQTYs                                      
19680914-090938SECAAAAAAAAAAAAAMRCOMMONACTVtFDeWRChWkOgpcrt                                                      NYSE  675208365    1943080818700516        1.600000000135
19680914-142322CMPckiUNgQJoXCMKRUxxaSwWjMaR                                   0000000265ACTVCTBBB+186201207667 Bayridge Road                                                                                                                                              V6C 1P3     Mount Pearl              LA                  United States of AmericaNolley                                        WdMZcmiFpvFFUiPmqiQlMruygKjFmIXYblROTCiSjBGfNsFAbOTbFBuCHNOGTQPWiRDzpytYZsHAab WkmYQgEKJDKDaPWW                                                       
19680914-191125SECAAAAAAAAAAAAAMBCOMMONACTVUkrFCBhdPtwtOUngr                                                     PCX   164618616    1885022318640805        1.570000000045
19680915-004221SECAAAAAAAAAAAAAMYCOMMONACTVNLy EsmpTebOLAVUTBFlyKzXuBfbEVDDTSwUtUFMkGrl                          PCX   593051077    1925082919140904        1.480000000039
19680915-114803CMPpOvvVUFyYCwHFqgDXGABDNSnBcVOGdVsELjWMtu                     0000000282ACTVOOBB+ 1943072113668 Beach Drive                                                                                                                                               36628       Charlotte                UT                  United States of AmericaBruso                                         HrTMdCXxRnnEBvyiUDkEHTmKMAFYmCYVWGQtuzxRSRTMPYLVNgVOSPjxDgfLkXPdxSJtJcVTMfqQoXSL TAXdXPJHbFsxwIGvEpsCJgWUfqZvZhpQUPcmMzUrMQBGCQFuNzkNzDGapwUMMVP      
19680916-012445SECAAAAAAAAAAAAAMIPREF_AACTVcebsMsAzSWKBhWQbFnb yYAnkExPBMOtYvmBMSlVBgLFwpOwDhfCRThTFlSBvsH       NASDAQ414850366    1853082918980426        0.740000000140
19680916-085547SECAAAAAAAAAAAAANFCOMMONACTVHeCL fRuxFNOIATqITBXGrLmOoKEakNSxRhrGBN MEQ                           PCX   718180433    1911021718660424        0.610000000054
19680916-090216SECAAAAAAAAAAAAAMPPREF_AACTVTnPydACAHoNgrNhHrVBMuGh aFjSOYuwHfC CPFJVGctIaAEkCYAFIqNqWNmFhNWmsdJ  NYSE  47205183     1941120119170127        0.32zSzyZVwpMSypTaf                                             
19680916-185135SECAAAAAAAAAAAAALZCOMMONACTVuddNRSKCOSetLTf s                                                     AMEX  626293062    1860111818810801        1.30YGODXTYUYQHKSUzVdmTrHaaZEgiuZLXAwzvjFZMnWXdUSECjfiOJYU      
19680917-063405CMPPrPOhGLQsPKASwcWQvHaoHIOujBlZdqv                            0000000275ACTVCFBB+ 195507037954 Summit Street                                                                                                                                              V5B 1N8     West Valley              NH                  United States of AmericaGagney                                        ZmlauNiAwTKYVYUgACbgKDqbXEKwUwZxOPUOhgPvOSiRBfrHGHJWUAcxMnrIwvJwlkgADmSdfHRXLpzBX ljWDMMjeJqKWnSPNhZaMnfgzLinQUPe                                     
19680917-122922SECAAAAAAAAAAAAAMWCOMMONACTVTuXCDLbFgDTshbNEzssvGAUCBxyiWLMvOgahgCVcZGsjzWucAwqUFqzqKVr           AMEX  892435612    1954071019600910        2.74QUnhNVCAxKIJrXubzRSkXhIWpAHLRQrVAkeSFefRGVHTMDbDJDayXa      
19680917-193049SECAAAAAAAAAAAAAMGCOMMONACTVyXPaUHgUbFuylJhSgenXcLAoCDSpRmnIrOVRVdAtdqVZTVhKE                     NASDAQ318403047    1885061018980925        1.33nJgDmxalbZMjehwzTKHgRRhEstWQSEDBlRhSmYCUfAPFvuhBBbOwQbNKdVqs
19680917-213127SECAAAAAAAAAAAAANDCOMMONACTVspMQTVpOAlPSOPvAcOUQqRmAOStV qBhFedKVxgcDB                            NYSE  436820009    1945062719170323        1.60kkhSvCsfgbDUvsiZWtPQwjkYPwKrfTUFMGMCWCBXBcOcTkaLSudO        
19680917-232753CMPrRWSCLIgDQcKoOgUnyO                                         0000000268ACTVTIBBB 1920061715748 Royalton Park                                                                                                                                             81002       New Haven                NH                  Canada                  Bednarik                                      d VtDnQqJVZOEGNPrEzZqFTFlQMPQGtsxSnsQhKfueZEBAdyxeyNvONHWiwHkObKETDssHx Lxg cKfBhSKXAvrFyoqAsqdwOzLdgkQO                                              
19680918-042606SECAAAAAAAAAAAAAMNCOMMONACTVAEZWNCUrVVEJEEuzikTBowWHaFGITAEIGATyTSkOLxzlAdPOEGBFPXLFzvVCoYPg      AMEX  210900124    1965061718800720        2.83DlfnLiIbMJekRudiSrqDMJWBDZQFLPbaDSGHFbZIAQnMPMBCoeSR        
19680918-134139SECAAAAAAAAAAAAALXCOMMONACTVTCTMvPtSpUONNrStyDAXPYGXPwXMhXdokWiIiqKxBTaYkUnsXyRzpNeEzeBhEUpxhelVxBNASDAQ956900168    1917011219601225        1.390000000121
19680918-154746CMPBzijSDvPCIJvDDDXrPdu                                        0000000049INACBDBBB         20902 Ashley Avenue                                                                                                                                             90048       Modesto                  MI                  United States of AmericaPhilipson                                     FRolmcXxfoBrNkED Rh eRGTEnjQGKNBhmiwiMIVeEPCKfZPDPyBpLUNIVDAuqJObmGfHpFtLmQBBDuaBTNHymeDGCSsXC pKAegeuusSEogsPX iPxHUDCMDqxTmiERSbPLXdbKYoVSKJLjjhm   
19680918-181515SECAAAAAAAAAAAAAMUCOMMONACTVOatdOCbMCGtDrRX                                                       PCX   283188152    1938060119140810        2.060000000244
19680919-052131SECAAAAAAAAAAAAAMECOMMONACTVqzIZEHYpgNwtEoqrXuLZLMxLVguQaGzSJJGCwOkmSuBNMdXNnUJcPeXCFONfbN        NYSE  666001059    1878010519251009        1.14kJTVsPPMjDHFLxKm                                            
19680919-103737SECAAAAAAAAAAAAANBCOMMONACTVnJJcJtXJdTAprNuQPsRERqwsJOYXkancQCcF                                  NYSE  273097843    1852110518660923        2.87zwqoWSVQjNxEZABesPNTsTeFMDMjahzJEGOmdWsrJGHpLMoVTECfyWEiP   
19680919-123808CMPKCHnVIdKJsAkNiOvWLdJFLZHnuOUsIPqkOat                        0000000278ACTVIMB+  189812305755 Bluff Road                                                                 Apt. 373                                                                        90097       Fort Wayne               WI                  Canada                  Dice                                          fqsVDyHXWLJeZVBBRlonLjnOQQhsxzcNDQMSHApTAEdBZCfzIJKuAmdHSNRCTJnSHsQUPYdqcBwSKChHEAvHTPLIRYNilNpENrKQOSW                                               
19680920-000026CMPJxibnxxwutBfIlIxvCIo                                        0000000271ACTVFLB   1917080218781 Parkland Lane                                                                                                                                             80186       Louisville               TN                  United States of AmericaCannizzo                                      RPdHHCrAARUHlzpmNTc DNagzmQFAMzBDiAIbTFLDCoUIidCvCoiQJlKLHgmMaCRTlzFPBnKBWEQyXsmUIdjTFXjpvqfrCGhCEpGODMLUlSHRwCbYVUuIw                                
19680920-035749CMPmWIgEtJwBBzVYwlGEgyOCSmOPFDwsPPeFBrKSXNMhCODHesDIBLjKFCfsWp 0000000264ACTVCKBBB+1903081823934 Brooks North                                                                                                                                              67233       Corona                   IA                                          Riester                                       IIETfIdfpNhRxU MOwuQjMJhhc HxhIsoDKEhJjpBUPLTgEXfrwseJDrMLVLSIyDqPjmGuhnbBwZLKEbYBj jHkcnRLQMpgOvkQEVh mmLJAPm                                        
19680920-142025SECAAAAAAAAAAAAAMLCOMMONACTVT hRAnVxOiIkJhBmJeSPkcRcKY                                            PCX   490974792    1906122719101124        0.62PGqAyQmapxLimPeECtNpWH                                      
19680920-211806SECAAAAAAAAAAAAACFCOMMONACTVtCw gfUgRmSQOrzdSMmh                                                  PCX   34660656     1961101618620312        1.83OsurtSiBlHPXzsMOcSTdKVCHPQCDhZQCOOuArEAthFHWlKgERESelqQLC   
19680921-010708CMPVELaUQOdSXNyTHhDamJSbUBYvHwFfMqwEXvpFQ                      0000000281ACTVRTAAA         1679 Cartlett South                                                                                                                                             92621       Boston                   VT                  United States of AmericaWhish                                         nWDgdWgzjbadiFKMTQhxjaiqkavUqJmUBseVWm iSQBGFCkuGUOPfOikCaxKzpuxJODAfSzkMFoLnltEIlpMPNdxOJLwKHEuXrLRUGBtJRoQfwSewxjDcVpKPWmi                          
19680921-124517SECAAAAAAAAAAAAAMSPREF_BACTVcytYwBczMJApFVnFSvFWaaqq                                              NYSE  752636927    1908020518960407        0.470000000211
19680921-203905SECAAAAAAAAAAAAAMCCOMMONACTVfPIpFsSFIXeUsIRLextT TtSQFXeIuGYTroLThFwTH KGSBLxA OkW                NYSE  135844882    1938082619130924        2.07vnbESGDLPDBDVwsKNSXPqRYLGXjuxVJrQDsEcEVAYIyXWMFThaGbMIZNd   
19680922-003914SECAAAAAAAAAAAAAMZPREF_AACTVMDIeufkVJWdxBLEYcbW                                                   PCX   775622916    1908021519230217        0.98MjlYhFqEvRINvXTOQ                                           
19680922-100718CMPvMkEAwzBRVKHYlXXICHbITBQiEsbfaGUxCi                         0000000274ACTVBAAAA         22712 Beach Upper                                                                                                                                               T6D 1A9     Lancaster                HI                  United States of AmericaNjoku                                         aqMDEjIaAuZjwS oBRgWtDisEUSMzAC eVAKcexKZrWwtO                                                                                                        
19680922-160857SECAAAAAAAAAAAAAMJCOMMONACTVsXdIJlVMSNcMTrNHkzvSIYbkVPwbBXNFsQbSRyNUnFsGaxTIGqZghzvdlKVyrOUGpto   AMEX  440960293    1958032619220311        1.560000000246
19680922-222713CMPLHnMREWDjDZXCkckgXuhzTJDNNEVGYI                             0000000267ACTVCOBBB+193810273561 Hilltop Lower                                                                                                                                              33198       San Francisco            WV                  United States of AmericaCoye                                          JRoSkzVJdrDcNgswVSUQYMUojCPJ JiWd cBYJIoMAoqgTzCCKGLtVFOoNwILnWRcGVJDpDAHsTETbyJrgqqfUPuSGStLrFdvvbi ajTBgggQJzJVlKPsmQphMcssgWeRpLRkNILGQQco         
19680923-061039SECAAAAAAAAAAAAANGPREF_CACTVXKBPUVQrOLSOzJPNLvBbBLeLf                                             AMEX  251297925    1938061218990126        0.560000000192
19680923-135208SECAAAAAAAAAAAAAMQPREF_CACTVxPRgKahkRpmCWIATEDUwCDRIETXusoMwsESwyRXamxLs                          AMEX  396477081    1961092418510613        0.660000000070
19680924-022646SECAAAAAAAAAAAAAMAPREF_BACTV PzPQImQxSLfsiLOoEhFFGbKuNdFYTqZDOGfYoTJtqvzYolciKXnz                 NASDAQ713500441    1938122818600402        2.50BYPyIIWNIqAYdZQWnhCLHUcMGGlgOKTlFwHOkwzdoHOqxGrKDWsxRAc     
19680924-130328CMPNiBcGbDvQsFXSbRxOUPzUvEKLCXRVlDFrhOUHduBWHC                 0000000065ACTVTNip  192505028428 Roberts Way                                                                                                                                                93338       Santa Clara              VT                  United States of AmericaHustead                                       gohyVVGtHRBuELMFeONuUo                                                                                                                                
19680924-215536SECAAAAAAAAAAAAAMXCOMMONACTVERAMCUOMFjRnUZsZxqPMdpcvDzxDjcLPSmOTUBqJfwLDUIvIuuOMr                 NYSE  257961099    1873031419441017        2.25pwYDWdejKmsIdjXONAJBDcYuwSUgSGSdnjgguxYVlHvEBzvkzoOzQ       
19680925-051740CMPCuLyyArqsEtnTUAIkAVGsjGuCbkiesWdqoXGYVbIdkMdRUeOIIkbQtDactaN0000000277ACTVRRBB+ 1861041113099 Barberry West                                                                                                                                             85048       Missoula                 AZ                  United States of AmericaCulkin                                        ymZbvefd BOrTGLLBieQjauPRMkvXey JQcI UiZhZlPGwRQDAuGfWjsxsbDPAgSzwU XvZEKLtOZQpVDPcLlGpbsiACFEHfFEnAqMSvqChd zWmsHEdOwlLEc                            
19680925-052936SECAAAAAAAAAAAAAMHCOMMONACTVRAaqRSkCdkKQJyKhQOCEdrw                                               PCX   772287237    1873032518610322        2.37rRUOtDMrYJJyXVuWMQpcxWklhjonfrKAyqNIkAVJ                    
19680925-164924SECAAAAAAAAAAAAANECOMMONACTVFpmeFkRkOiQCloUbFQxeoYeTmPgiprzoHiMxRbGtDvVNBRthhJ                    AMEX  488648914    1899072118840318        0.09KIbLaVBJgDliYZvdSIlyPWKFJWmcbyyDTkxJacYJSvlIUiSkiVhAgeM     
19680925-191036SECAAAAAAAAAAAAAMOCOMMONACTVrwPBKyEQOCKuPKcVBTAgBmJhNxDxdAr KVOD MnMMwDWprTVxFMLlMSgaGyOufHP      PCX   538273963    1882122618520717        0.100000000140
19680925-213601SECAAAAAAAAAAAAALYCOMMONACTVlYoPRhRWlFJOfoLjjFbRouSyJOWDNTuNGSBIVFCefDxuZSULkrlLdl jsGFrR         NYSE  719142445    1880080619010606        2.020000000224
19680926-013703SECAAAAAAAAAAAAAMVPREF_BACTVGRMccMVZREJhqNVeIsObSywIQlieUNTezuFhqnSQ                              NYSE  346520281    1918080718750723        2.77XPYWwREHirMADmROBXocGdqVwGpRbYAxjALISGHgWvZCVIyLoOVQDVLf    
19680926-092633SECAAAAAAAAAAAAAMFCOMMONACTVPxUCGHplMpyLDjHcPPmtAkWdnoGEaMPzmZOI                                  NASDAQ338414362    1878101118961213        1.22KRtMROFTkhVPydRKxEDtVV                                      
19680926-122506CMPVyLBLWJZWFSSHQOpVgOdCcrmUztQMuIKDzfn                        0000000270ACTVCCn           5731 Cadiz Lower                                                                                                                                                10022       Escondido                OK                  Canada                  Lemarr                                        jSfKatOeSgjyPSPtDoUquJSQTiUNHPDtJFQMfrbBElWBAQJDKeqARwxiEttcAKSQQQTbeKEjciDECrPJgX QK EfQ BIlZwPmpOAHIT                                               
19680926-181954SECAAAAAAAAAAAAANCCOMMONACTVsHLBGGMAUQeLwFdXzUIGORZgTvZHJePNuCRziICVJITeHmgoFvKtwPmqlfO tVVTK     NASDAQ851451543    1920021318810214        0.84sasJsAiQXBqARxyjKdDOVsBHZKXCJfpqRNOO                        
19680927-030438CMPUPZWHSNuLWPZUVEJWUieOUiMgRwIHRrJ                            0000000263ACTVIACC  196603188442 Deerwood Avenue                                                            Apt. 660                                                                        V6R 1R3     Phoenix                  Newfoundland        United States of AmericaFauske                                        FVnZULgatTvSqHDBgzTAPKQSKyFFMTAvIYGxgbFTRNAXLNtEOkqUwSrBtneKiWoFrFGHwKRhXIPdoLHWtv FRGQGpBLIrMkLSNMFjlBYgnIcQPqNADFMQzWBKTEeJVZbcF                    
19680927-105132SECAAAAAAAAAAAAAMMCOMMONACTVBDXDoFELedGwMcRqFcfQqEXZFQWekO                                        NYSE  282764204    1913051819240825        2.28AsIcOhpVbPzObQVeuCVsm                                       
19680927-205443CMPWuEsEeTHHeQtREuFESSWoNBHdsJWXpHWy                           0000000280ACTVOECC  1924050517389 Franklin Avenue                                                                                                                                           H2C 1Z5     Albuquerque              AL                  United States of AmericaLyn                                           srGXHKEzelGNbQIxudXGSFRnDfVyrZxUzhFeVUhwSqN                                                                                                           
19680928-010031CMPeAfJWVmnTddPHokOZEIOLX                                      0000000273ACTVHFCCC+1946012814422 Morning Rue                                                                                                                                               94605       Regina                   RI                  United States of AmericaDejesus                                       PKePmINkKRPlNLmSYKutPbUBBIADLjEoVeTJhtXiMLnNPjjByJUvGQqAyw LpQrtHYqHOtNhoCOUISBZrqHUPNpUzQmaJNotTfOMSVQqvNGNmIrZLoXxolPuEFMBhcAtSveOJzfqU             
19680928-124001CMPUGgcNMmKMrrPJTTaRaYPINuKXnkLUoayMOliHMeIegqfoK              0000000266ACTVWMB+  1865110918972 Elm Lower                                                                                                                                                 35256       Frederick                CA                  United States of AmericaWillenborg                                    fcBWDfQudIrTDHLPTvgogREHGWaCYSlFxkCAytofFYXldVMlPHruUyXVJ QyoiVmkORmxqFZBTKLEiKtcrGsaLBESgqVtKPxdyoNoSAJMUdTWjbxqrDPTJNQTEUUEZNmld                    
19680928-181045CMPMJOKmcrjnDCVkCwkujWhFZN                                     0000000283ACTVBABB+ 186101224211 Wills North                                                                                                                                                89504       Chesapeake               MS                  United States of AmericaCyphers                                       QKmhRlAgMgDdyEJFdweOOtgv                                                                                                                              
19680928-193818SECAAAAAAAAAAAAACZPREF_AINACCUGIvLbJCoTPdkebEDcTFHLCSkMDpdWFjhEoN giTA                            NYSE  626870793    1851010619090919        0.180000000140
19680928-194116CMPjUVBEwWiTDzHCOTMBImOMnDlPRprVsbzeMukHPFqSIdSBmDItpJLvB      0000000276ACTVISA   1863071722189 South Upper                                                               Apt. 842                                                                        06109       Anchorage                DC                  United States of AmericaPolitano                                      UmSvhpwxmdNsHQ wYOhTnzLTctHssSULDZLfMjgJnmlOzCfS cOFRTIQxBEsVvOkExxHCvQnIbchXehATCZtPOqfOVetxrrNZR xNKAdlEFVRUFKGYeeDOrqPKERDQkMLfTXvIMgNaRNEpQBKvdB  
19680929-093553SECAAAAAAAAAAAAAMTCOMMONACTVfxrNoBMQSzJZzoNkunEIegowYQHAMLUzDLymp                                 AMEX  394772026    1877103118800627        2.190000000116
19680929-131355SECAAAAAAAAAAAAAMDCOMMONACTVzPrWbkBQLl                                                            PCX   396390265    1918112018940330        1.000000000126
19680929-220245SECAAAAAAAAAAAAANACOMMONACTViQFeSReDGrgMETlzlmQtmyTrxAzoqDDbjDXwTBrpQQgyWfrnmZGTI                 NASDAQ382028827    1912030918550512        1.29MWSRfqgCEKzAryF                                             
19680930-044544CMPoGPrWRemUJeXXMXihEXsw                                       0000000269ACTVSBA   193807252572 Fresco Upper                                                                                                                                               E7N 1O1     Hamilton                 WY                  United States of AmericaKekua                                         HCqjybbfNofWWFGCCIUnLQTxGJCaZwJPKAldOOHvpOZunUPOLWKiQlFCurHjWoiEQDNPMDLbI                                                                             
19680930-115741SECAAAAAAAAAAAAAMKPREF_AACTVfZlyNkLbwtXClIGmeAbGiOHXhbTOXNCxPRpQSjBArVpIyLKC                      NYSE  101181169    1965090318801112        1.10AfDkGRBIGgPbCvgzXEwBmooWPMDGXDMALYcTFCMBMksSbHCKZoGe        
19680930-235958CMPOcwnlsUKBGOSCsFxQmFoskcRzgKRQGryM                           0000000262ACTVPSCCC+185101209711 Arcana Road                                                                                                                                                V6P 1Q2     Gary                     HI                  United States of AmericaBitters                                       AxQaRHfhMoQ                                                                                                                                           
