19690701-000242FIN196931969070119690701    2722036634.28    1574028778.19        8.97        7.77        0.58     270417171.86  247182643606.41    5516948565.01    175434158    2025743650000000054
19690701-062202FIN196931969070119690701    3523164302.47     752692658.49        0.91        0.78        0.21     120473058.43  887685229752.85     691433887.48    827509246    968139890WztpXKHKTqFLxOSeLnZkTlNRYtPAzkEPGrKXFRNQn                   
19690701-132849FIN196931969070119690701    4837097187.36    3088066670.80       13.77       12.29        0.64     171598723.27  748772888128.68    5503022672.54    224260192    251367692BESEgnljIvuUwSAPiGnKKofCwpqJzowezBLouSXnGlDLiqtwCgjER       
19690701-161654FIN196931969070119690701    9204146500.56    3042956299.68        3.22        3.22        0.33     654551968.82  224347079295.54    1305980411.97    944237048    944839962AToJyVSeyYfppHUShGWU                                        
19690702-025801FIN196931969070119690702    8025636786.81     231168088.81        0.32        0.31        0.03     903373700.70  361607586099.16    5278329476.34    719998156    7424215140000000156
19690702-052309FIN196931969070119690702    7603257189.69    4866972854.79        5.71        5.09        0.64     765396233.66  873454080149.55    3196159964.74    851701068    956959850lRJmPfbJUpmORFMRnbyTADExGTDJQlwShQPpHDysIlizHSnZz           
19690702-120939FIN196931969070119690702    3853275543.82     405683587.15        0.68        0.65        0.11     718558746.11  829689313222.32    2243397641.49    595992283    620102549aTBtUPONgCjynxZSXAXRuyBVRBoIDKCCktKROOHDLIaEPTLYdlVDojMosM  
19690702-125418FIN196931969070119690702    3890556948.37      57708621.87        0.09        0.08        0.01     117314191.24  641699796677.06    4758560686.80    649060397    721182071zjoKtxCKSTNWLpRzJEjyVWiVEuzmYUTLdbyRHLSIgDUbYquZsCvOKJvFaWMu
19690702-151336FIN196931969070119690702    6284537559.09    3067640477.54        7.66        7.63        0.49      90627869.26  576396416519.70    8873079956.34    400474708    4022033580000000301
19690702-162453FIN196931969070119690702    2784031580.79     582707888.47        0.97        0.95        0.21     837853618.69  295149623197.80    6371243286.83    602474799    6111432250000000248
19690703-002039FIN196931969070119690703    8062493635.46    3498123203.38        7.18        6.04        0.43     357734003.83  407637849758.01    5453921014.09    487305077    5789117150000000040
19690703-074825FIN196931969070119690703    7433925274.65     772517345.49        1.10        1.09        0.10     630450795.45  714313907049.42    6461214547.14    704854895    708467264RwtSHFXowzSPdPZqCmJ                                         
19690703-180727FIN196931969070119690703    7587229459.92    3980370722.44        4.04        3.78        0.52     476359534.18  946045832534.96     475960024.21    985071062   10536615580000000204
19690703-223033FIN196931969070119690703    8760635695.12    4121356905.25       20.93       20.08        0.47     961889218.51  941493233639.80    2596125625.23    196867738    205287471BVKkCHLPDGgsHNcHspWSOlHUndemQfJeCoVmAJKGcMVMmkIWVRMtZUCGymG 
19690704-064653FIN196931969070119690704    2182332623.48    1221060038.11        2.31        2.23        0.56     551806661.50  684848089430.69     332589037.00    528281946    5467636380000000052
19690704-093812FIN196931969070119690704    7781049684.42    4129486846.16        8.02        7.34        0.53      78166361.05   94978705968.41    3053065503.85    515092899    562848818YIRKwLLQQeChkPCwauUFaEPKDXlfppNrpJToPmkJUBKnARwrsCTgKPbkX   
19690704-201343FIN196931969070119690704    3739500251.15    1001414428.13        2.74        2.67        0.27     787230036.51   37504544652.33    6595235062.38    366007862    3744580880000000137
19690705-065802FIN196931969070119690705    6049558296.63     735687596.13        2.87        2.41        0.12     370024804.54  772663649778.24    5196425896.85    256345900    3057992350000000068
19690705-174134FIN196931969070119690705    6715184170.41     181826493.00        0.26        0.26        0.03     730969702.20  625358195952.93     868792629.78    687867696    7093265400000000036
19690705-230321FIN196931969070119690705    1704681338.91     547489551.47        1.74        1.46        0.32     333948808.10   14482358315.13    5454222104.27    314873188    3762709720000000033
19690706-095125FIN196931969070119690706    2123121304.17     595531676.18        1.89        1.62        0.28     682957051.41  868826021489.55    4092339592.08    315175300    366735097jUVBEwWiTDzHCOTMBImOMnDlPRprVsbzeMukHPFqSIdSBmDItpJLvB      
19690706-174448FIN196931969070119690706    2060293497.83     781010831.01        0.93        0.82        0.38     637345610.43  893184262526.51    3413763526.35    835647230    951230141TwGeQWSZRutslqTfQchhwXliDBoPoiXDLERDLzByqpHVOKJOa           
19690707-034305FIN196931969070119690707    4398123295.57    2253487074.60        3.13        2.85        0.51     325646086.19  107007496289.37    8338958519.91    719650685    789851838XCSbLIHwrFuenuhOSByKxXLBgIFHMySpTKhwCpBNFKAUeCzkBgyOOJfH    
19690707-131535FIN196931969070119690707    3517172752.37     470766571.73        2.34        1.97        0.13     307942039.30  860050594259.25    8159970197.76    201224079    2392996220000000349
19690707-182123FIN196931969070119690707    4263184528.12    2966941998.20      183.04      182.31        0.70      16388689.03  757770040299.94    4064777609.86     16209128     162744140000000167
19690707-231505FIN196931969070119690707    1807270841.23    1260619447.28        1.61        1.46        0.70     701371232.67  383375623267.46    3828461722.78    785023033    861155679kJTVsPPMjDHFLxKm                                            
19690708-085309FIN196931969070119690708    8981757596.18    4130636457.75     6542.76     5868.11        0.46     546337140.27  700699224568.91     749816332.29       631329       703913tbCCeSlfbPHlFTGaIsJfIRszAXkoLScDSGRpHLYgaoMhTWySUrRJATSYOL  
19690708-102006FIN196931969070119690708    2981213983.65     115168184.28       76.42       73.68        0.04     120202215.07  698661351376.78    1251047757.77      1507098      15629860000000205
19690708-181413FIN196931969070119690708    9995703674.03    2585037251.67       17.33       15.26        0.26     536560347.89  399019116466.11    4574368068.28    149176944    169363945ocLGFxFIvpmKvcDUqwdLsRIzqVqOQSmQKDGKkgHNbNoSCBZlC           
19690709-034538FIN196931969070119690709    5644450018.73    2772088290.52        5.86        5.17        0.49     201459200.24  515638475389.85    3571760787.23    472681060    536625730BTcRMijTonYBrhazpHBBVPDwAoCnJHehvcnyCdyGDsoOYCPKTQBo        
19690709-073355FIN196931969070119690709    9240817304.68    5264938788.58        5.36        5.10        0.57     337108148.27  696022056301.66     729647820.02    982756328   10325526870000000339
19690709-091125FIN196931969070119690709    9673004331.89     136376253.56        0.31        0.28        0.01      79287596.56  957875560772.04    7434570721.96    438943646    4810363100000000323
19690709-123959FIN196931969070119690709    9824320521.89    6763227351.80       22.55       20.09        0.69     214702003.94  396302732121.31    6749292425.73    299916154    336573579CGFShNPLsjQMGNuLREIoALADJAmmIpTQHNLXYhqKMDPtcOfKWqdykC      
19690709-211025FIN196931969070119690709     947672889.02     285731961.07        2.62        2.41        0.30     639798777.17  823750428800.82     629029881.68    109049704    1185908720000000273
19690710-021925FIN196931969070119690710    9335362016.28    1203536289.75        1.26        1.13        0.13     461923552.95  935821525971.29    9030837142.45    952165039   1066098863UrwpdNLBvPyFfWsKNUZBkxBYIFMgONcTckRzWHRkX                   
19690710-043649FIN196931969070119690710    8441863321.22    4707804918.38       85.24       72.50        0.56     665502687.83  515565968680.39     496141336.37     55231676     64937735zZCyFkqieiPsUGvBJwvhXNW                                     
19690710-081224FIN196931969070119690710    2920978841.44     736459119.45        9.84        9.48        0.25     289800886.38  626248469368.10    1744762487.93     74833554     77722433AfDkGRBIGgPbCvgzXEwBmooWPMDGXDMALYcTFCMBMksSbHCKZoGe        
19690710-131305FIN196931969070119690710    8702213253.43    4051111678.48        9.21        9.08        0.47     621017607.67  541938596832.50    6516420698.75    439712213    4460380240000000329
19690711-000021FIN196931969070119690711    3116672331.25     400750091.30       17.07       14.83        0.13     899132905.17  363259799554.37    3022874123.90     23477951     270301900000000172
19690711-060022FIN196931969070119690711    9078801513.90    3332140271.25        4.14        4.06        0.37     546482794.48  176920059550.41    1129582271.07    805560089    8211450000000000296
19690711-091040FIN196931969070119690711    3345568980.50     623915148.33        0.76        0.66        0.19     614888826.82  342458779694.99     531807342.97    822453982    943040685DLOqrAMsniZCUBVpOTjUgaEEZbqdWYSFFoVQs                       
19690711-185449FIN196931969070119690711      84541263.18       8338146.35        0.02        0.02        0.10     720953531.44  498752985554.36    5926680382.72    373482428    391450048vdHVNrdOsIrMwKVkVqSWHZdImDBjZqUdrAJUzFOPrUum                
19690712-043745FIN196931969070119690712    7852888158.41     686880586.09        1.82        1.67        0.09      15915772.02   37526438684.61     412322595.26    376906494    4102623230000000257
19690712-062346FIN196931969070119690712    9934600079.23    4705786362.02       27.11       22.90        0.47     899662388.44  494903124672.19    4208772639.29    173591339    205475505YIjGVogDxcalAFCBFdrIjjouPsbTwDAVUjyVYv                      
19690712-152744FIN196931969070119690712    5370938210.15    1984652248.75        7.33        6.33        0.37      10193674.56  767532925840.04    4633184694.97    270575119    313586649NiBcGbDvQsFXSbRxOUPzUvEKLCXRVlDFrhOUHduBWHC                 
19690712-180059FIN196931969070119690712    1479874077.77     739476071.78        2.42        2.08        0.50     843454728.07  979467943494.28    1744692838.21    305574568    3558299640000000179
19690713-013419FIN196931969070119690713    3607892163.49    1536758994.76        2.00        1.85        0.43     727611855.51  619328185231.24    1136261398.83    769753495    830596793njEcNBACADlSzXpBzTsaOb                                      
19690713-072218FIN196931969070119690713    3134187015.97     843207765.67        1.42        1.35        0.27     166072775.67  596357422879.35    3516046036.03    592971805    623702456RICOfhFDpPHwKRHsmPHYTpTzGDeJMQruPEEdPICrMiweHGwOFQYNoQXZWIjN
19690713-092041FIN196931969070119690713    3100806835.48    1065804029.57        1.43        1.31        0.34     187885507.80  997459123847.45    7498697744.68    746423307    8119970170000000264
19690713-180622FIN196931969070119690713    9451134246.64    3279235692.42        6.93        6.12        0.35     599640486.01  928747054853.64    2797671159.32    472967599    535998833OtkqLHOfItLsbQFRgKvxJRJbHMHKCTnCiLvsekvrJL                  
19690713-214840FIN196931969070119690713    7126263048.09     364383259.25       16.10       13.93        0.05     250958709.22  698475507786.60    6221940241.96     22630991     26166675CPbjomnFaRefNvPPeEHDjAzPjOyYJWrUltlm                        
19690714-030304FIN196931969070119690714    2417688810.52     808142283.97        8.08        6.88        0.33     444647864.39  961939749629.16    5089148988.23    100051626    1175360830000000093
19690714-073114FIN196931969070119690714    3072251818.70     835382833.85        1.03        0.91        0.27     609130319.69  679015959422.17     699543616.19    814057355    9206194520000000004
19690714-164158FIN196931969070119690714    7584461708.86    3614426890.24        6.55        6.32        0.48     862724336.68  343620434673.17     460584075.24    551968826    571799588vMkEAwzBRVKHYlXXICHbITBQiEsbfaGUxCi                         
19690714-171603FIN196931969070119690714    6937145358.08    3853082300.88        6.61        6.61        0.56     449892768.94  703846815958.20    8565468683.15    582913948    5832297240000000147
19690715-010410FIN196931969070119690715    4443731996.58     407637458.27        7.70        7.07        0.09     430335352.52  936410548444.71    7221794428.70     52926689     57680474HoXPnLomKQvtWTYKNrIhTKpwlT                                  
19690715-034617FIN196931969070119690715    2165575421.05    1067629251.00        6.67        6.59        0.49      46314066.74  816893187568.76    5491281068.23    160077941    1620585450000000188
19690715-142742FIN196931969070119690715    8117402727.20    1376983506.45        1.53        1.41        0.17     332129886.22  669504874203.66    9446211355.50    900051329    9787260170000000012
19690715-185935FIN196931969070119690715    4683524240.22    2500254827.65        2.55        2.51        0.53     640067385.05  608208203082.52    4453366545.68    982305330    997921431VXpGhfFbmgISLSMZVQlpBtNxkRhiLKvoTFIEKvFgIOL                 
19690716-012800FIN196931969070119690716    4440624215.02    2194501914.33        4.14        4.07        0.49     532828735.06  187745350868.92    5383298727.83    529543086    538939851PrPOhGLQsPKASwcWQvHaoHIOujBlZdqv                            
19690716-111126FIN196931969070119690716    1513043184.82     919255089.08        1.11        0.99        0.61     315693512.20  106496403169.63    4664493313.43    825971951    9268597170000000122
19690716-164527FIN196931969070119690716    8877342774.62    3866849276.66        5.45        5.25        0.44     871586263.74  268777606666.04    1203576360.82    709131510    7369311720000000240
19690716-171456FIN196931969070119690716    7993057035.21    2517197277.61        2.77        2.58        0.31     666252339.17  928682592945.61    8422775945.73    908562318    977134973gGvMCploVMXroEyniWDMNChkFnCbBWpOCNGCrmJDKChdMkObUOT         
19690716-223431FIN196931969070119690716     743273788.67     281914373.97        0.28        0.25        0.38     567674135.75  600259628285.33    3956169353.81    998522783   1147771480PMNYJnJMPCCmaADPAOFKyAxrSKTyUpAeDlVFBpxMZ                   
19690717-050034FIN196931969070119690717    5602868728.44     637391954.63        0.78        0.67        0.11     584738035.41  358765715380.57    4956369009.08    815848069    953384976tMgSZEBCIXIddwcJTrzDKJaVwaVrpPGg                            
19690717-101758FIN196931969070119690717    3694580725.49     935180315.06        1.08        0.92        0.25     907526865.31  582687063673.90    6543192849.31    867116378   1016077894WyCTXCnMptryHhCwGFfCFMwhjCXqccIKE                           
19690717-125102FIN196931969070119690717    9423008213.76    6478038032.87       24.81       21.40        0.69     100180289.68  632782419383.87    8523856610.60    261108301    302726337PGOaqMuwLDTTjPWrMDussNVHZXubnSmEGOCkVPtNDOsFeobEUHRiVIR     
19690717-143102FIN196931969070119690717    3575823713.89    2415237948.59        2.43        2.06        0.68     534355016.34  475890019380.13    2592146915.21    992129203   1174599705MVCKckBWCQkXbqXuPPxiqbioWtLPmVFWPDdIQsbx                    
19690717-150158FIN196931969070119690717    6188167940.09    3583793296.08        4.27        3.94        0.58     892791278.86  529603747517.94    4244329978.05    839153325    910673294zwqoWSVQjNxEZABesPNTsTeFMDMjahzJEGOmdWsrJGHpLMoVTECfyWEiP   
19690717-224705FIN196931969070119690717    3315176921.78     620428985.54        1.35        1.14        0.19     778535882.83  163517782982.92    1852326691.07    458769725    545956878dsgxDSwlYNGApEnAtaTjCaLLcctF                                
19690718-000824FIN196931969070119690718    8208266144.88     872530548.29        2.64        2.27        0.11     991408464.75  421322801171.72    1308655825.05    330449309    384707378CMNZGDMMZuKaVsUtXlNkcbDuVGyfCoo                             
19690718-015011FIN196931969070119690718    2045940629.41     526147899.88        4.84        4.16        0.26     322862919.44  652544812800.22    1751837705.18    108817338    126509277FuhXrJlvsKIZUJaCLegLlrNbqhUb                                
19690718-094140FIN196931969070119690718    5796425428.51     192698109.66        0.32        0.28        0.03      65182323.14  924643318382.86    8017198937.59    597782333    6902258970000000272
19690718-123953FIN196931969070119690718    1343687055.46     431671445.51        0.44        0.40        0.32     658044183.14  313572782475.10    3389228677.97    970116820   10886498280000000124
19690718-224758FIN196931969070119690718    2298703329.11    1252575940.15        4.35        3.98        0.54     787881433.07  473595529715.25    8780419278.31    288162535    3149847910000000256
19690719-011104FIN196931969070119690719    6814056871.51     291813717.49        3.33        3.31        0.04     395238436.18  787564740495.25    6965259251.06     87503410     88188760GELfnxYTyVJqIPnyIWQHPQOyLJKYNHDGBxDbNCZtyDuhWINU            
19690719-014050FIN196931969070119690719    8885104999.85    5692643265.15       18.89       18.16        0.64     955607566.19  442171783130.94    2438460235.93    301423941    3134379530000000250
19690719-095836FIN196931969070119690719     231557638.91      17155621.67        0.06        0.06        0.07     546840058.24  182673875177.92    9108597171.53    270904870    278406989ITIBXSnyIwDHJQhzM                                           
19690719-173059FIN196931969070119690719     820664325.79     101542779.03        0.14        0.12        0.12     913787765.28  334141851564.24    4326997799.54    709520869    830585533jlkBZXPcVEbEkvquHcRWHHHVGNQxJWnBWpCCCKENWGMjHFABR           
19690719-222022FIN196931969070119690719    9596081302.49    6264982534.67        7.24        6.08        0.65     234574518.19  567728383228.35    9560348318.17    865786870   1031234529rRUOtDMrYJJyXVuWMQpcxWklhjonfrKAyqNIkAVJ                    
19690720-084329FIN196931969070119690720    9840564786.50    4842648285.38        8.60        7.60        0.49     542360080.79   19640264840.18    6891908286.09    563258300    6372941820000000126
19690720-134430FIN196931969070119690720    9988967100.86      14692211.18        0.03        0.03        0.00      92320764.60  640176819036.36    2686381530.23    536481474    5697598200000000262
19690720-163923FIN196931969070119690720    2330141477.77    1480401014.51        4.69        4.14        0.64     685910422.26  161378393956.01    8733528456.73    315507168    3577708090000000117
19690720-191111FIN196931969070119690720    7117647523.52    3899259135.85       14.70       14.00        0.55     261968938.45  663342336049.15    4389543894.97    265196550    278545663TenznxCxDNREeghHodWME                                       
19690721-054403FIN196931969070119690721    2006148397.98     692458008.53       13.98       12.22        0.35     378530406.19  548591198845.02    4704646576.32     49532894     566535890000000242
19690721-162812FIN196931969070119690721    1646420311.35      29077423.41        0.05        0.05        0.02     992350475.16  935250124409.72    4063745248.82    529377484    6103889530000000061
19690722-031031FIN196931969070119690722    4192208299.75     619949912.72        0.62        0.61        0.15     458037111.42  805624192893.78    6734734794.27    994761164   10227692830000000029
19690722-111535FIN196931969070119690722    4903492362.91    2579722612.09        2.82        2.49        0.53     590036886.30  130809331549.09    4072040345.28    915178523   1035724561UPZWHSNuLWPZUVEJWUieOUiMgRwIHRrJ                            
19690722-133543FIN196931969070119690722    8160207248.67     860064609.18        1.61        1.51        0.11     237364869.32  683830585526.42    5255790080.71    534404400    5683198920000000019
19690722-185317FIN196931969070119690722    8466951130.24    1022303590.41       12.28       10.77        0.12      28513613.49   79408531725.52     412872923.56     83273909     949591900000000212
19690723-044034FIN196931969070119690723    8547226107.91        304654.97        0.00        0.00        0.00     430482977.16  131862016325.55    6360682621.28    721520215    8317063430000000307
19690723-102509FIN196931969070119690723    9235893544.13    5571778819.21       13.40       12.81        0.60     141143669.57  715556041872.04    3554268287.40    415753809    4351215550000000312
19690723-111003FIN196931969070119690723    7852099485.64    2055768068.49        2.42        2.04        0.26      85801591.35  541707323897.39    6524193683.71    849207187   10094058870000000184
19690723-144457FIN196931969070119690723    9675708862.32    3609662609.84        5.79        5.32        0.37     416238734.14  657401296320.67    7428966699.52    623374889    6785095360000000057
19690723-193722FIN196931969070119690723     573077552.43     252698422.40        0.47        0.42        0.44     765299717.46  544467545966.84    9549978332.74    533115673    604321519GmZmXygQANmzQPFzrGKCWNwJ                                    
19690724-042548FIN196931969070119690724    5022044364.38    2094317317.05        4.07        3.90        0.42      40698743.90  364724850273.85     907696683.45    514695093    536563981DRNHqMCixoAPPUXBkC                                          
19690724-052744FIN196931969070119690724    2218485538.63     363387915.50        0.67        0.62        0.16     718467222.44  724337096597.53    9997924694.36    544421967    5822746040000000015
19690724-112557FIN196931969070119690724    8168359561.32    2426801794.48       45.71       41.78        0.30     512774115.40  865175560002.42    2023474309.27     53093430     58087393GBwfXYROsIFGgJnevYXtIlKWqpWBaxUOBLQuBOjIgbnnJiATTAwMElnc    
19690724-194909FIN196931969070119690724    1950532443.74     859112563.18        8.61        7.67        0.44     686911978.68  575716691726.43    2543109425.86     99828244    112062917XDnNdfGcCiNIOwdZoWMTZgVYEOsHLSH                             
19690725-030054FIN196931969070119690725    6382948361.82    2133938172.39       35.88       30.87        0.33     961815087.56  515228399897.20    3947519878.49     59472030     69123543WCJJAitQbHnCKfmKEVEELEBjYtHsVGTBpOMMCLXEadMPRGRTA           
19690725-071620FIN196931969070119690725    3978953698.63    2545307594.28       13.70       12.39        0.64     486742896.57  544566709081.37    2135706032.21    185841137    2054414980000000028
19690725-153131FIN196931969070119690725    6082500766.89     368217655.49        0.65        0.56        0.06     752513756.96  210219658080.73    9045514315.51    564255163    6545215930000000335
19690725-234249FIN196931969070119690725    7376216882.13    3319143124.30        5.12        5.06        0.45     499944167.99  242819420418.49     695893407.71    648224927    655936879DlfnLiIbMJekRudiSrqDMJWBDZQFLPbaDSGHFbZIAQnMPMBCoeSR        
19690726-010723FIN196931969070119690726    7022871765.00     527058945.37        1.21        1.15        0.08     715162130.48   96132330069.61    9832962817.99    434960505    4571707980000000002
19690726-080920FIN196931969070119690726    6618982497.64     561238685.68        2.12        1.82        0.08      87390586.08  943194927101.06    1997698670.83    265304093    307926958wfMNkEgHZLLGnMfSMNwnv                                       
19690726-163817FIN196931969070119690726    2836524753.28     343620343.14        0.38        0.33        0.12     963468173.10  283275345826.35    6655566377.96    899565002   10542674390000000035
19690726-165604FIN196931969070119690726    2097680204.31    1428202691.28        1.85        1.63        0.68     222879315.63  608353676891.70    8700934437.72    773734023    874559931aoTgMQQOVPapOXWxUW                                          
19690726-220043FIN196931969070119690726    3841757116.98    1479769860.61        5.42        5.08        0.39     115174579.23   57878277896.67     298756205.79    272912891    2913014960000000086
19690727-081053FIN196931969070119690727    3054551500.95     940178000.64        1.23        1.19        0.31     635028055.85  160730765926.05     977406461.18    766153007    7868309530000000249
19690727-145155FIN196931969070119690727    3520723187.23    2282845198.01       22.81       20.04        0.65     523452227.30  685679455869.81    4074206429.97    100099579    1139327150000000214
19690728-001559FIN196931969070119690728    7096208436.70    2411777341.08        2.57        2.52        0.34     706454467.84  239269486806.01    6069559432.98    939569849    957722966UmGSwjCrUkXlhcWjmEhYLkTpDpkNOLLdWRrHITXUFXkMzO              
19690728-003532FIN196931969070119690728    4403865675.94    1020882874.04        1.10        1.10        0.23     474189962.21  957271170634.61    1807938812.49    924715335    931306394klFMXmnqXiqaAzvNIJDQvfEPCAGHPKxCDoQIvqNaNlO                 
19690728-024918FIN196931969070119690728    3847111065.99    1335163215.08        1.43        1.28        0.35     184647803.99   24418140741.96    9978484845.08    932973859   10430978760000000072
19690728-085127FIN196931969070119690728    8764761746.50    3263327254.16        3.95        3.46        0.37     948980072.60  711503312569.58    2603670834.86    825340000    9438777080000000031
19690728-185016FIN196931969070119690728    2673906472.08      47663309.26        0.05        0.05        0.02     425810971.32  417967674120.20    9534529995.30    982769022   10323033910000000171
19690729-004703FIN196931969070119690729    9651020935.09    6270459499.42       19.07       16.11        0.65     515269126.49  980540314737.36    4429619990.57    328874913    389219463NSYnuORxQIWEOLTFSNDHCLlDKVJAUrTORPSPQpUczVTSRsozuKFRUHPDR   
19690729-030646FIN196931969070119690729    5415731230.43    2136999467.21       17.14       15.01        0.39     247350132.00  541145739517.58    3020556432.11    124666024    1423426770000000005
19690729-135331FIN196931969070119690729    6653561579.37    2976511543.65       53.52       47.04        0.45     425605415.37  319910156118.57    3646034726.83     55611070     63278650OHEmalBUVhTTeaTVKPRTjiMkfUHxdcHdcwwIZnOwJikM                
19690729-160935FIN196931969070119690729    7700762303.71    1647093369.43        2.25        2.03        0.21     937192565.00  387890699635.41    4267574019.73    733581728    811817472qzuJbEnLbLOlOtyvsWNfYJGAxriKRxn                             
19690729-183246FIN196931969070119690729    6799323177.00    3186222457.34        8.64        8.48        0.47     314398511.01  871253686767.17    4034632350.89    368669120    375663749bGFUwQXggAZypFjRCphMxBp                                     
19690729-201853FIN196931969070119690729    7089134194.20    3223006406.41        8.82        8.58        0.45     303036434.08   48749883752.76    2766182457.60    365438265    3756813040000000320
19690729-223407FIN196931969070119690729    2056199174.99     682440195.34       23.37       20.13        0.33     960116877.47  495520341222.49     127463573.20     29198328     33896669VNUMGRlTCSQKEfjLfhaUANwnlPAHDkoFxyHfydObCUUeDgBa            
19690730-014119FIN196931969070119690730    1329636229.07     832576220.13        2.69        2.40        0.63     720729885.70  658258561732.04    3376325810.09    309553130    346251758NuOvzuSYOeQYHwiHbx                                          
19690730-105432FIN196931969070119690730    4109643942.58       5767448.87        0.02        0.02        0.00     432110124.25  556637772620.31    4672727049.38    244366001    2889654500000000017
19690730-113022FIN196931969070119690730    1273031307.17      80380993.39        0.31        0.29        0.06     438257211.68  636990938757.27    2400468619.76    257813716    2739737730000000279
19690730-182231FIN196931969070119690730    3341016483.01     710892088.65       11.44       10.35        0.21     606720927.70  139241878409.19    6774878630.68     62125406     686715390000000295
19690730-203312FIN196931969070119690730    4602558501.98    2995389898.76       12.85       10.96        0.65     885214515.91  902822190414.64    6853533424.51    233143901    273188059JGLhIVFFmpWiBIJEVYOLKYeReTeVsH                              
19690731-030006FIN196931969070119690731    3739830432.46    1500491357.07        2.48        2.47        0.40     999979460.38  866902348870.38    5480258904.14    604950071    6069687040000000228
19690731-080126FIN196931969070119690731    6447208069.42    2292737845.67       16.85       15.91        0.36     812520800.66  541730703548.63    1685051286.24    136050502    144129536uNzELlUuHMLVWRQzcPVofbO                                     
19690731-083020FIN196931969070119690731    7628957703.40    4832989820.70        9.96        8.79        0.63     313051787.01   66626221200.77    2556880227.18    485280929    549771091JBVGSITqKIBgMsApVRYnGNZpUBBPdFAEAS                          
19690731-151952FIN196931969070119690731    7344533474.09     654020270.40        0.67        0.58        0.09     785574761.33  344769966555.67    2311442325.81    970911807   11318340000000000056
19690731-153753FIN196931969070119690731    8865334596.64    4006707267.23        5.24        4.43        0.45     356613815.05  208428790903.12    8497081218.01    764268628    9039371230000000183
19690731-232430FIN196931969070119690731    4373843869.72    1441160671.10        1.49        1.43        0.33     215870422.35   98748495838.57    4699498072.88    967225481   1008088989iNuTMtqINROPsObyMaLOUMbPGMOPmmRgKU                          
19690801-093347FIN196931969070119690801     905266781.63     199641813.21        0.22        0.20        0.22     780570957.93  925849319093.72    4156089595.01    903409969    9866538380000000338
19690801-171326FIN196931969070119690801    2704753817.57     801662371.64        0.81        0.73        0.30     451812267.92  723701153699.59    2666628626.28    986965445   1098585943jUcPVhEyIOUOiGIFCWXeodPfeZnFxPLWfseMUNWsZXXpfHPOtVSQAmN     
19690802-031130FIN196931969070119690802    1528898764.97     172396310.79        2.06        1.85        0.11     903097860.62  932408009931.75    2476053693.78     83484995     93143966SDPqOSKmlXBDdeaJMGhFMaFHiSHWdBWSCJlXGuBlNJIrvQxWAxAPF       
19690802-040847FIN196931969070119690802    1732596244.30      55521185.61        0.10        0.10        0.03     440369153.64  573789825340.60    6677047940.25    535056049    5486655740000000200
19690802-121723FIN196931969070119690802    6353956307.28    2956994997.89        3.35        2.85        0.47     108024137.05  747014942366.18    8031330200.01    881855909   1036603119ddSCazOpdJvGoBAzkC                                          
19690802-175938FIN196931969070119690802    1865554166.07     391744051.46        0.46        0.42        0.21     832519414.77  557108228172.80    8611246024.87    850003494    934499661kkhSvCsfgbDUvsiZWtPQwjkYPwKrfTUFMGMCWCBXBcOcTkaLSudO        
19690803-041837FIN196931969070119690803    7052614833.06    1003676953.89        6.67        5.88        0.14     501669481.89  410027519711.43     673091122.07    150543789    1707549200000000261
19690803-075245FIN196931969070119690803    9841658763.68    5668274686.20        6.81        5.69        0.58     298263661.19  360285009549.28    7516765034.79    832213922    9956211760000000328
19690803-101004FIN196931969070119690803    8937484954.81    4277392392.54        7.55        7.01        0.48     301115932.82  556942231626.05    5386862740.31    566475533    6103683610000000001
19690803-185606FIN196931969070119690803    7156865386.09     595447015.56       34.99       29.73        0.08     277770908.72  429535989193.42     303181097.88     17016074     200292490000000192
19690804-002436FIN196931969070119690804    2254244443.44     782179919.81        0.80        0.74        0.35     656363274.08  736083310495.59    1553389415.20    976464695   1062098815IFMKAPsnyffkALrEorEUixamr                                   
19690804-045938FIN196931969070119690804    8720197365.25    3055178867.22       37.08       36.53        0.35     877222172.99  322740510259.59    5423070812.61     82402427     83632089WuEsEeTHHeQtREuFESSWoNBHdsJWXpHWy                           
19690804-093025FIN196931969070119690804    2336506941.61     250925745.30        0.31        0.29        0.11     187326225.63  952007007653.92     429875988.65    806002476    867257402ReMpXiOzRLAKMUzTSaoXogmUnEOqKkaKJoLEKOGIHmVXx               
19690804-095152FIN196931969070119690804     689132823.16     412556732.34        0.49        0.42        0.60     520991191.37   55037108791.49    7757386149.13    849264475    9886237370000000238
19690804-194648FIN196931969070119690804    7628988670.15    1198462929.20        1.54        1.32        0.16     935472725.14  942366348458.87    8594109130.05    780063731    909815421xBnSlRisBhhApLkYYpgKBuKUoOHNYJNUmlLfQFKPFYrDdHMTQlCc        
19690804-195131FIN196931969070119690804    9309667293.55    4006994863.27        4.89        4.60        0.43     132878722.76  917405911849.74    1052924976.33    818942089    871674641MDjVavoVSMeRlCAiXqmFZzvARFaNTAslRoYCUeWRGOXU                
19690805-050839FIN196931969070119690805    2632524798.39     449629017.41        0.54        0.45        0.17     176722505.98  421306545466.74    6383716362.10    839294392    997140475yjlhQKIALCdxqRI                                             
19690805-094909FIN196931969070119690805    5001619875.53    2195842469.65        2.34        2.02        0.44     528486874.98  410397644299.67    1832832201.09    937635608   1085946546wtUTIAshgTRlJiCRkCrsvGzSDTTpQWXTsIEaW                       
19690805-114205FIN196931969070119690805    5648343813.79    3832212933.98      486.05      481.91        0.68     778644201.65  376267659922.41    6055163599.59      7884377      79521470000000201
19690805-191753FIN196931969070119690805    9393172554.25    2882187037.81        3.33        3.11        0.31     681164706.07   85251943082.33     552660867.71    865436519    926950448LHnMREWDjDZXCkckgXuhzTJDNNEVGYI                             
19690806-054043FIN196931969070119690806    2513515405.92    1316139029.36        9.23        8.89        0.52     938343361.13  739603515632.51    9107421953.61    142586442    148098167pwYDWdejKmsIdjXONAJBDcYuwSUgSGSdnjgguxYVlHvEBzvkzoOzQ       
19690806-083923FIN196931969070119690806    1711477526.16     713011685.01        0.73        0.66        0.42     753013285.52  278677006463.40    1589412239.26    976678313   1076934369EMEHaKSGbysKWEjTOBZmjCUC                                    
19690806-093307FIN196931969070119690806    8531446829.88    1151534955.18       11.00        9.94        0.13     227954657.77  653173721641.07    6464550164.97    104708712    115864395yRflLhHvroMJBNHcMIDiQuHspAHUTFVE                            
19690806-145856FIN196931969070119690806    2041043722.65    1345795714.17        1.88        1.67        0.66     361971493.32  205260023576.78    4221571478.18    714297897    806257124INvkgTARBMdFkQysKCE                                         
19690806-200556FIN196931969070119690806    9103897598.49    3433521244.42        5.70        5.65        0.38     654100507.61  655804680791.33    1078549931.91    602333913    608037457CuLyyArqsEtnTUAIkAVGsjGuCbkiesWdqoXGYVbIdkMdRUeOIIkbQtDactaN
19690806-211254FIN196931969070119690806    8289374793.54    3098893825.31        4.79        4.55        0.37     427647139.56  417650689448.08    1503187929.19    647214412    681323962GNPmEJpuhWbXsVlnIW                                          
19690807-000019FIN196931969070119690807    3767041028.84    2238405250.93        3.47        3.03        0.59     645769288.49  148623712821.42    7946462991.72    645811398    739552452NAYgyJWLYJBEBsHyewWRGxACUqRMXHbFXaWCEBYtC                   
19690807-083012FIN196931969070119690807    3200625647.26     953889004.56        1.09        1.01        0.30     128475850.95  531931916318.70    2214960353.31    872678608    9424412890000000096
19690807-125314FIN196931969070119690807    2783130241.03     258131485.06        0.46        0.43        0.09      91506443.88  657306288716.91    4555942078.55    559970323    597553161vBBWjIJomMzRujOXjDKiCAEjqhoEFXNfPAzSEX                      
19690807-200540FIN196931969070119690807    8420277533.72    1428621465.80        1.90        1.75        0.17     850066564.13  698392088393.76    5541426431.93    753731902    8147940860000000154
19690807-220713FIN196931969070119690807    7049657138.16    2209095326.69        2.52        2.31        0.31     874022856.06   51087301601.49    8803290305.64    878197556    958242070KCHnVIdKJsAkNiOvWLdJFLZHnuOUsIPqkOat                        
19690808-052058FIN196931969070119690808    1159591034.32     548227023.17        7.48        7.28        0.47     132052153.43  923056247126.90     706891963.40     73301131     752910250000000316
19690808-125451FIN196931969070119690808    9050595219.71     467775926.58        3.93        3.91        0.05     231928570.41  646517562475.98    2760807845.89    119057661    1197375430000000341
19690808-225351FIN196931969070119690808    5076980517.16     641518871.64        1.31        1.30        0.13     595625469.27  543864974147.34    1207884497.53    488044797    491676386WNRkyaGLpExIGmibKNXHTiWedWuFiObtwUPRHYHI                    
19690809-012918FIN196931969070119690809    5971703361.33    4098326159.92       35.10       30.09        0.69     500018886.62  155104125038.93    8292418566.89    116771510    1361974620000000246
19690809-084914FIN196931969070119690809     164517438.74      54742157.90        0.09        0.08        0.33     806302357.41  765460555424.37    5544748179.81    643019727    7063739950000000092
19690809-143540FIN196931969070119690809    6951315185.27    1013336712.89        5.16        4.99        0.15     713085865.62  816526170671.15    8077837736.66    196326824    2032145640000000203
19690809-215012FIN196931969070119690809    7376684473.63    4045300293.64       31.52       26.83        0.55     494725095.88  437412448720.72    6010984520.58    128359142    150765967ZkoMRNxyXxPFWBJUQZlfnUdXWOFWJ                               
19690810-034302FIN196931969070119690810    5703201381.75    2455088263.96        4.05        3.77        0.43     796518999.75  656550415522.03    3009239620.36    606284920    651181021IoKUtGXZioegJCNViVxMypETfGzoFpFUrDxdifKVAIZXNIKfuTkc        
19690810-035352FIN196931969070119690810    7618305254.40    3272161975.87       34.02       31.04        0.43     629198741.91  706647623634.70    9877157940.28     96172370    105420746RVWuMRKVUQLudYeZjcLEotlUNxbFtYwiiVvOnfzNUXLRWgiuDJEa        
19690810-132231FIN196931969070119690810    6402870429.66    2359498155.53        6.36        5.93        0.37     636130029.56  749933951272.96    1625654638.27    370937776    3977153980000000014
19690810-194403FIN196931969070119690810    2407563423.28      84043372.84        1.77        1.56        0.03     584639839.66  647796842678.65    9477056337.36     47370908     53918381gDqcCBxupXLOeBnjyoDuJKKpXXazMTBejzLaoxVkzpfVHbeQYNnEL       
19690811-052700FIN196931969070119690811    6300708089.68    3873978025.29        9.95        9.92        0.61     257514479.97  619251152794.04    6441201212.99    389540009    390333461ieIyBwMxVgOHXKQlnyDjuAKXXV                                  
19690811-092412FIN196931969070119690811    9586338306.62    5783936408.82       18.60       16.59        0.60     329414837.56  224259149632.21    9550561251.02    311030045    3485495740000000094
19690811-122402FIN196931969070119690811     286920428.71     152371818.38        0.73        0.64        0.53     240734119.37  458579797143.80     874146806.40    208679524    2379190840000000303
19690811-223501FIN196931969070119690811    6146785978.04    3731848127.03        9.93        8.74        0.61     499162818.45  604232180445.37    8618114154.93    375732135    4269456240000000080
19690811-235726FIN196931969070119690811    4562644331.32    2983438968.64        6.08        5.35        0.65     785432857.10  864101994586.25    4320904973.12    490981944    5580466830000000163
19690812-003720FIN196931969070119690812     876407425.56     514276501.44        0.60        0.57        0.59     114164102.96  225276736709.44    5761154953.15    864169309    904223551wuOIWxAYPRhhIPeZdtvOFzqgYIcwvhVRDSuNftFdxjfSZCWcRrAmtBSe    
19690812-023421FIN196931969070119690812    7788978259.97    2670970034.97        2.72        2.54        0.34     621352578.58   93001141184.79    1264955535.56    981639232   1052034579FMIbTVLSSRMQCUKGxFaGyEAlUugrGxVwsPySJkUxGeISWqJDdocXoSJjKD  
19690812-080322FIN196931969070119690812     589552978.70     240955427.00        0.33        0.29        0.41     438185825.01  781966105833.25    3812317143.67    721722506    8423864240000000007
19690812-143337FIN196931969070119690812    6486416062.61     384187583.13        0.94        0.90        0.06     794907133.30   17746240485.35    3225675346.74    408117863    4250041810000000191
19690812-224615FIN196931969070119690812    1831498361.36     468517025.59        2.01        1.94        0.26     813062312.97  307721245326.09    7892727614.77    233362352    2420055460000000225
19690813-012159FIN196931969070119690813    5437066732.54    3093521658.28        6.19        6.03        0.57     911758895.39  690499408210.57      68171493.44    499420248    512897440ckiUNgQJoXCMKRUxxaSwWjMaR                                   
19690813-101213FIN196931969070119690813    4077994034.69     232511415.91        0.42        0.42        0.06      25286365.29  545884792317.12    6484685732.85    560059660    560238351BUJliDksNtDYNWtXQNvxDqRcgLvBFezlasHGMAKJNGW                 
19690813-185545FIN196931969070119690813    2932668416.17    1964470186.48        4.59        3.90        0.67     591985737.35  169842192131.50    2007901086.52    427876186    5039157150000000285
19690813-225143FIN196931969070119690813    2576435082.83     344656394.63        0.48        0.41        0.13     735082191.29  621498431555.84    9621188816.08    722181605    843211152xyrTpxryTSQNQSeNzhwRP                                       
19690813-233219FIN196931969070119690813    8701972242.73      36032100.00        0.08        0.07        0.00     418181646.45  302333544561.20    2496310972.13    457861470    509155725islDxjbYuuioiSBDvEVFXWIdWskRdMJVCqTdMGZHIJYalOLQxlmcyrXl    
19690814-004946FIN196931969070119690814    2438187923.01    1263987682.59        1.55        1.32        0.52     549605923.12  238484443105.80     952850165.94    813359531    956374941vnbESGDLPDBDVwsKNSXPqRYLGXjuxVJrQDsEcEVAYIyXWMFThaGbMIZNd   
19690814-071312FIN196931969070119690814    7286526979.48    3817256683.36        3.85        3.66        0.52     353492603.20  801173989518.91    2329283582.22    992216070   10420630820000000010
19690814-131758FIN196931969070119690814    3740446378.21     926480257.17        2.75        2.72        0.25      91375670.10  830157316978.28    4524462974.52    336515649    3404666150000000130
19690814-214600FIN196931969070119690814    8078836956.24    5240000590.05        8.11        6.84        0.65     150198729.19  262106229380.28    1099534442.42    646256309    7663144860000000324
19690815-033618FIN196931969070119690815    6769252448.19    2147227518.49        3.88        3.38        0.32     479497358.06  606715375014.43    7057652920.25    553797819    6345735500000000247
19690815-132903FIN196931969070119690815    2040633864.35     350863322.32        0.92        0.82        0.17     595310352.16  431563495888.16    8516901285.62    379754379    426429606MWSRfqgCEKzAryF                                             
19690815-185947FIN196931969070119690815     897130957.73     445845381.73        1.25        1.07        0.50     964134184.22  156151212356.65    8094308000.95    355793767    415213780kCGxWShTICEMykTPjwUmen                                      
19690815-194548FIN196931969070119690815    6717417481.90    3813738039.47        5.35        5.23        0.57     258186353.82  782401490284.93    9041039124.35    712526985    7286042650000000344
19690816-054321FIN196931969070119690816    5200720273.32    3136719915.32        8.88        8.22        0.60     911749350.00  690863322943.94     594251491.39    353268925    381545918ZbIHkwpuyIoPKgDJb                                           
19690816-135757FIN196931969070119690816     976399788.47     591028029.73        1.58        1.51        0.61     553520282.17   18699371543.57    7491840229.44    373899173    390286880diqlqOsDpYaNQhSPBbXhMXocCDXEfNMfLDMDHOdpovsklTN             
19690816-142234FIN196931969070119690816     143958435.79      37408926.54        0.04        0.04        0.26     475188403.86  503853924233.57    3064193790.75    850177066    909365463iDBarmDdTJOgzmOoxhwfvcBeEHRANVVCsOAyFRqPFBuOFvKPoluW        
19690816-180435FIN196931969070119690816    5776485989.56    1084614197.73        1.36        1.25        0.19      20190283.59  901706225074.41    8073700825.67    799625043    8649749200000000069
19690817-033516FIN196931969070119690817    3723244748.74    1377535995.79        1.84        1.62        0.37     315043068.53   50784994258.96    6563273608.37    750239723    848301193PLFvBRDnWxmtwNhdkGpUFvbStpeKYhbtuRxTSKanfZHDnUrLoR          
19690817-051750FIN196931969070119690817    5633654559.12    1052273339.85        1.33        1.32        0.19     884506007.37  340581297214.81    3218439936.40    792557532    7967762360000000177
19690817-153817FIN196931969070119690817    7547113434.53    4060833920.64       18.78       18.22        0.54      60937862.35  562486977461.13    5878306093.14    216253795    2228323660000000334
19690817-210837FIN196931969070119690817    3473579825.11    1816917149.89        7.14        5.96        0.52     767625337.93  684608468465.22    2405651038.80    254320669    304616743UGgcNMmKMrrPJTTaRaYPINuKXnkLUoayMOliHMeIegqfoK              
19690818-015112FIN196931969070119690818    7797003978.23    3981857622.67       10.29        8.90        0.51     592697433.96  954646518637.91    4696779313.31    387108525    4472112820000000071
19690818-041027FIN196931969070119690818     144202521.09      58093102.52        0.07        0.06        0.40     383827814.33  774470170668.10    7860337684.24    842019048   1010212591MvFWFxETzIJhdDIyDWMLuczKqULEfmrbdOONwcNWwVTIQWWIHBCDXCXCSEX 
19690818-070616FIN196931969070119690818    1819607322.95    1160347880.29        2.65        2.24        0.64     541915164.44  386026967751.55    5415016223.73    438367791    5188871830000000298
19690818-123656FIN196931969070119690818    7858206632.06    5178921330.39       75.89       68.30        0.66     145783419.68  417826064682.71     181374960.61     68238656     75831285kAUQPlOAdjsIdNMNjMoH                                        
19690818-142859FIN196931969070119690818    4108063247.46    2639383732.49       11.87        9.95        0.64     158547354.46  182237283950.56    3021034665.81    222440819    265221978CdxTUdBhXtFuFIWUAJgQQbBCCyPDDJIUgsEXveWvNOjZPwOYqC          
19690818-230715FIN196931969070119690818     483684816.99        488229.55        0.00        0.00        0.00      90607634.13  517938481649.53    8898572352.83    442072086    4521159430000000294
19690819-034922FIN196931969070119690819    3818305526.30    1691606331.65        5.34        4.63        0.44     658395205.76  203481878230.90      10701502.78    316502685    3654202100000000119
19690819-110946FIN196931969070119690819    7853034105.18    4203757030.46       19.76       17.35        0.54     302821302.98  967577041952.16    4040569942.53    212724521    242352109TGjXhGpvuCeVQjDczEHLXlFWuRNEVWzDFgzLogzEs                   
19690819-111351FIN196931969070119690819    8560572562.82    1224822800.34        3.16        2.65        0.14     357342043.35   81666950311.23    7612195434.77    387224778    463051902hCIkVIvJidHWGGsWThefmBCBIpBflWhkDDnl                        
19690819-192849FIN196931969070119690819    7985355446.43    4806446288.26       40.89       39.83        0.60     766124531.07  293290232015.03    1473680999.50    117550391    1206678410000000063
19690820-023733FIN196931969070119690820    9644803264.46    2808748573.03        5.91        5.81        0.29     296434682.62  112477399179.86    1809936613.41    475426685    4833397930000000162
19690820-043254FIN196931969070119690820    5946521141.55    3468250189.94        8.25        7.90        0.58      42152615.00  894153783088.95    7830510459.98    420520587    438958586PGyStCWXuTMNSmMcKBrfVUQWskEFHeKXCHmNquHGGLzFUUDwJPEAiv      
19690820-121206FIN196931969070119690820    1222797691.19      44366064.63        0.05        0.05        0.04     749430749.55  109145753252.76    9701461889.01    917500742    9754263480000000286
19690820-170803FIN196931969070119690820    6624538104.17    2540433849.09        4.65        4.38        0.38     603517142.63   77416071836.32    5337344381.62    546172883    5796325790000000196
19690820-223703FIN196931969070119690820     583826533.21      78813521.40        0.12        0.11        0.13     198213075.80  800170070523.88    5171538709.65    665480155    707779362MjlYhFqEvRINvXTOQ                                           
19690821-055157FIN196931969070119690821    9991420911.16    5876078179.47        9.86        8.56        0.59     679363288.98  443693894895.16    4278787069.02    595849438    686093913PozAgYtmghzwqacMhOFSFF                                      
19690821-152936FIN196931969070119690821    5921817659.36    3332002844.91        4.98        4.40        0.56     308197326.86  726034326216.91    3536334958.18    668573051    7567330050000000237
19690822-003927FIN196931969070119690822    3593752966.02    1866683814.77        1.88        1.60        0.52     887697102.08   27218270168.69    6739041281.03    993498328   1163754373ZMyMWAaoadYhYUETeJAUqAJhTRHVNsGEyXUstPsmmSDDlJphpBfMH       
19690822-005951FIN196931969070119690822    5290349023.20    2494719677.36       14.75       13.10        0.47     583716381.62  387139131816.12    7877845393.17    169135489    190405720DCcXpyBmvKqumKDo                                            
19690822-101156FIN196931969070119690822    9880351871.69    6597443093.03       17.60       15.32        0.67     683474928.18  254606343792.42    9238529387.21    374805898    4307099230000000050
19690822-144336FIN196931969070119690822    7226401876.69    4966564808.27        5.36        4.49        0.69     466608932.07  758841517783.99    1567642847.17    926686813   11053800500000000243
19690823-002851FIN196931969070119690823     926187094.87     527590595.32        0.81        0.80        0.57     976458204.05   50599324752.83    4810154089.19    648258238    6579923150000000222
19690823-024242FIN196931969070119690823    6876054354.33    4104009072.37       17.88       16.00        0.60     835341770.88  772127517351.11    5946882694.23    229470337    2564552330000000282
19690823-110055FIN196931969070119690823    6201480585.43    1934002505.84        4.15        3.47        0.31     578277839.61  141519660059.56    2988436432.85    466053478    557751712KwVNJfgXMOzRQvoBEDWoTVZRmSRhwER                             
19690823-114406FIN196931969070119690823    6449899925.93     744785065.77        2.19        2.03        0.12      27364002.20  791222666977.34    6323643044.81    340774855    3676347490000000030
19690823-154539FIN196931969070119690823    1964508227.67     903040579.94        1.30        1.17        0.46     895584284.26  821877852597.76    8243933554.00    692245193    7724440890000000024
19690823-172849FIN196931969070119690823    2320138427.42    1045868376.95        1.08        1.08        0.45     981676780.49  521062046079.09    4797324297.55    964214034    9645554430000000254
19690823-182859FIN196931969070119690823    2278250065.74     634364662.31        0.99        0.94        0.28     377257286.32   38790778242.66    1414871534.66    639517509    673354200BBjnRjSGtZjneIEWFBAsWQhyXIByDhVQqgblgSWLNztfSnROkRGWk       
19690824-013115FIN196931969070119690824    3007316474.71    1867721604.94        3.02        2.92        0.62      31529125.72  631086583290.77    6209902704.46    618645624    639059592DcSqnNQSIiOKBEchN                                           
19690824-044941FIN196931969070119690824    7239380325.26    3065608085.51      235.56      202.18        0.42     446410808.33  499203624501.97    6873695859.17     13014372     151629850000000088
19690824-082917FIN196931969070119690824    2092702568.38     803721266.50        1.18        1.03        0.38     385747068.62  505459812117.45     737079481.94    679227579    7778084120000000337
19690824-171002FIN196931969070119690824    1140090922.79     683794506.61        5.28        4.54        0.60      96558524.61  865053394190.96    4826127810.86    129579126    150638196JjvAHUzFzhxIKKUaVgoqAB                                      
19690824-203752FIN196931969070119690824    3682141948.06    1099252161.69        5.01        4.76        0.30     151088590.51  289685202802.64    7622309398.63    219364249    230979583FklVRmTtgOMSAEXKvtKbJyuWzcgkqiVoPiAnVNDEqhHAqgZZlrMOzHHwWs  
19690825-044931FIN196931969070119690825    5715154895.75    2927463690.07        9.00        7.67        0.51     641380784.66  666906836949.48     401401583.51    325234838    3818718120000000101
19690825-114159FIN196931969070119690825    6142129770.85    3990911709.15       10.79        9.82        0.65      58991491.72  860060780850.36     207248559.27    369821776    406570692FTdnKnXaMJFAYPMbDwkeJWXaRWJUQxtKKejCzvGmFmE                 
19690825-171616FIN196931969070119690825    8530583370.31    3136826537.69        6.50        5.80        0.37      40171771.79  334047223522.32    8155235231.42    482743658    5411681190000000048
19690825-214141FIN196931969070119690825    6036688578.32      48447512.11        0.06        0.06        0.01     950201904.32  615585487506.44     114552418.33    796262437    8613881940000000289
19690826-073935FIN196931969070119690826     858631720.48     135183859.97        1.42        1.20        0.16     942838827.25  388258788237.26    6152529326.13     94929670    1122104730000000034
19690826-114344FIN196931969070119690826    8406715020.71    1973699820.12        3.05        2.83        0.23     857823595.33  180129494101.23    9626171771.36    647174208    696350950jClHOCWMwRFQDLmeVIqIBlHCVYexjVDLzNBVHQOYUtI                 
19690826-203728FIN196931969070119690826    9833333326.04    2103979651.77        2.21        2.10        0.21     534612209.62   17018056100.02     257163713.02    953397711   10007615490000000091
19690827-055052FIN196931969070119690827    6168461117.66    1004672230.77        3.36        2.83        0.16     911796289.00  258451096065.21    7720991516.95    298933280    354588201YaffwBWevTnZPOCl                                            
19690827-065340FIN196931969070119690827    6475986956.64      93687087.21        0.56        0.55        0.01     517377421.85  671689929316.98    7914002663.43    166245617    1710871480000000123
19690827-131947FIN196931969070119690827    5120103758.32    2448642775.17       18.65       18.15        0.48     402477907.92  895260008529.80    8621522204.79    131262173    134920880MJOKmcrjnDCVkCwkujWhFZN                                     
19690827-220631FIN196931969070119690827    1390160547.74      76086321.65        0.14        0.12        0.05     897305054.82  493189154294.93    4475524687.57    560011040    6264346740000000158
19690828-020404FIN196931969070119690828    7879914688.46    1498515397.63        2.44        2.11        0.19     672247032.45  308157412711.77    2640538443.69    613895036    7101505300000000253
19690828-112740FIN196931969070119690828    1840501025.17     435585405.72       12.93       11.65        0.24     962210278.02   43325736820.86    4712369131.19     33681075     373963020000000145
19690828-170717FIN196931969070119690828    6470851905.53    1208807766.89        2.71        2.65        0.19     278733111.10  313005340738.97    3935726815.78    445310382    4567434000000000104
19690828-202733FIN196931969070119690828    2470399626.97    1523866203.22        5.29        5.07        0.62     133048177.67  460364343458.49    8071088751.33    287835287    300628747KFPLrhpMtZtYzPeVwIOEaEiZfvfcQNZB                            
19690829-032602FIN196931969070119690829    6782625106.21    3257432676.09       12.44       12.24        0.48     947213118.44   34338656052.70    7746038604.36    261881674    2662385130000000318
19690829-045123FIN196931969070119690829    9944073116.99    3473065065.01        7.34        6.19        0.35     479037683.07  538920533184.81    3928033568.93    473133030    5613622260000000185
19690829-095511FIN196931969070119690829    1799706954.10     114948009.94        0.13        0.11        0.06     894133847.18  103823867640.50    8381661344.23    914891018   1052876860mJmRJtJARsVsPrXR                                            
19690829-190846FIN196931969070119690829    8147026917.47    3448043743.32       18.59       15.69        0.42     642987872.22  212686700537.33    6606438785.20    185441603    2197575720000000042
19690829-213008FIN196931969070119690829    7859132037.12    4453215161.00       30.01       26.93        0.57      62817374.97  468255705722.96    6253062687.84    148380107    1653832170000000152
19690830-010556FIN196931969070119690830    1483516937.40     916045222.37       71.95       68.46        0.62     343062455.62  184980401830.31    5354457138.98     12731555     133809480000000252
19690830-031352FIN196931969070119690830    2819265765.89     240587955.59        0.81        0.80        0.09     541143175.85  349823496399.30    8567703056.97    297270360    2991520290000000138
19690830-094220FIN196931969070119690830    3334572633.92     553701127.59        1.09        1.04        0.17     141506648.10  687513589407.47    5137514215.09    509234239    531713508nFkXCFIQQcAPOHRuYtieKkGSZpAdCmvxWPuheWUSLiFkN               
19690830-123715FIN196931969070119690830    7909164965.07    4664067049.34        7.00        6.50        0.59     608840926.56  714300197249.25    9628663862.41    666037066    7177552920000000090
19690830-220301FIN196931969070119690830    1609847040.08    1093347880.59       23.14       19.91        0.68     875958675.47  424337663954.24    2438664424.07     47255771     54908482CNImJfRWPVAdRMNOAHXqBPWKNONdSeZUekvQmYGksPKaFMtxEDxSf       
19690831-045611FIN196931969070119690831    4079850546.22    1409797434.58        2.75        2.44        0.35     172648108.37  665540111518.38    9046896996.46    513222686    5789579020000000055
19690831-142129FIN196931969070119690831    9488544934.13     786359337.89        1.08        0.96        0.08     545095402.94  263513871839.75    5547063929.73    731314393    822590162mrTMrIHjEBXSOHhlBvKueJPEBTDtcteUgKLO                        
19690831-194244FIN196931969070119690831    5443069748.99     205748136.05        0.22        0.21        0.04     309153940.62  319918868558.70    4224199158.13    914702089    9753907380000000112
19690901-045650FIN196931969070119690901    9566809663.00     166028733.67        0.21        0.20        0.02     349224569.24  403684814770.54    9172221146.78    784277227    831236553sasJsAiQXBqARxyjKdDOVsBHZKXCJfpqRNOO                        
19690901-084012FIN196931969070119690901    2606510868.57     676890861.53        0.75        0.68        0.26     752363396.60   37549341463.96    5550343185.52    898301370   1001397806RcPfMBRgQmrkLFYRC                                           
19690901-125918FIN196931969070119690901    1771496262.64     464831493.63        1.02        1.01        0.26     280555873.16   80755781963.79    3542247235.80    456530898    4588728320000000306
19690901-192901FIN196931969070119690901    4031067582.43    1008264319.86        1.93        1.80        0.25     144539924.93  548444971768.09    5503940125.72    523761354    5593120710000000270
19690902-014957FIN196931969070119690902    2407166939.01     142676935.79        0.17        0.14        0.06     231889822.42  245818910697.17    1600692962.25    860096373   10188251790000000083
19690902-030915FIN196931969070119690902    6549773804.86     807390838.52        0.95        0.89        0.12     143227107.51  801781494607.91    1281353019.28    852069828    9046046880000000157
19690902-125311FIN196931969070119690902    5427950765.97     931705819.55        3.09        2.89        0.17     635532216.66   75144649397.09    7506643616.64    301421565    322622291JdiZrwJEdrNLNWXJNWGnBtLXQQoXwMqCLaWvEutBAc                  
19690902-163605FIN196931969070119690902    6571633720.14    2217672924.09       32.84       32.24        0.34     760142448.53  878344940475.06    3174762282.71     67538611     68793723QFRbFMIOhFIvNDHHKUIHIwUDsyiGpkDUVMQO                        
19690902-165702FIN196931969070119690902    4081754927.38     439760986.16        2.02        1.89        0.11      46037786.91  230388504760.19    2941879188.04    217234165    2329723480000000330
19690902-173709FIN196931969070119690902    4815904178.78    2681664247.68        3.45        2.97        0.56     827681846.71  183306932112.65    7899410830.47    777161074    903922156JxibnxxwutBfIlIxvCIo                                        
19690903-030427FIN196931969070119690903    3721820450.73     256449862.59        0.99        0.95        0.07     275522300.10   67524605164.88    8055213213.79    258371851    271094306mzNoQBeBzrOEMnrTNGzsEZAXnVmRqtERRLjwkZcXjeCqBOyaoBeBJv      
19690903-073901FIN196931969070119690903    8904928517.02    5355560685.83        9.99        9.93        0.60     380441106.35   39412875630.28    8359918880.37    536205846    539108039tbKPxkrjeLPHwZsOByirMVZLpYkXdBHFnKqclXfgQIcMJp              
19690903-173301FIN196931969070119690903     803671271.49     166261315.66        0.65        0.63        0.21      55835303.49  442752007497.13    4320382004.04    257631467    2643892200000000115
19690903-210847FIN196931969070119690903    5170499097.06    2261392560.00       14.66       14.33        0.44     508192220.45  852710887198.54    6812862669.74    154228650    1578623510000000164
19690904-060539FIN196931969070119690904    3819959478.54    2314326961.17        5.14        4.65        0.61     676054462.87  227854171173.40    2186922746.86    449889408    4979327960000000281
19690904-070048FIN196931969070119690904     691641618.33     190385470.66        0.25        0.21        0.28     327107404.77  447745597931.48    7353017109.47    760721727    8958773690000000321
19690904-161717FIN196931969070119690904    4311977416.65    1527949525.21        3.64        3.06        0.35     258865511.87   48544555663.59    3306490398.81    419195686    4999716280000000326
19690904-224959FIN196931969070119690904    9311133586.07    1390432027.92        1.77        1.63        0.15     843563575.69  763614473219.38    3975159414.09    784213330    850795833THVJKcSJVNsCshDziTFfMUfvDnfDXOVOgpxvKDj                     
19690905-005855FIN196931969070119690905    4173528826.25    1170801231.45        1.91        1.64        0.28     892595426.37  963300785653.25    1947317108.30    612166011    713705579PrUOUrQLXqHHkOiKmPkdWAARpnrzHGeYEQPTiDsIqFQXlG              
19690905-055720FIN196931969070119690905    9858866898.82    4662192130.70       13.50       11.81        0.47     848894515.66  224866987529.20    7703415224.89    345404756    394802749PFoTZYECEjQHItKmWAtfTOMK                                    
19690905-131822FIN196931969070119690905    8890196568.55    2715117705.84        4.53        3.90        0.31     340649371.08  128084909782.77    7164104251.49    599866348    695293113FzuWHOjbJtAqdPBDUNBDPCVgzDJCICRWjGanExYIla                  
19690905-161142FIN196931969070119690905    2898227980.14     979546773.44        1.45        1.25        0.34     541123451.45  610422924314.64    2551114315.10    675639402    7822500310000000108
19690905-221015FIN196931969070119690905    6169305125.46      54664556.27        0.06        0.05        0.01     311456443.48  578245981343.12    4546506094.87    958872333   10109993730000000268
19690906-021858FIN196931969070119690906    4812519790.62    2463071900.36       10.00        9.69        0.51     885103633.06  611505726130.25    4575075597.20    246215134    2543149960000000060
19690906-073127FIN196931969070119690906    3909262172.68    2509835334.40       19.36       16.35        0.64     844026860.52  767191871993.50     443368722.36    129648767    153475681nJgDmxalbZMjehwzTKHgRRhEstWQSEDBlRhSmYCUfAPFvuhBBbOwQbNKdVqs
19690906-075433FIN196931969070119690906     418664584.17     167805959.62        2.16        2.11        0.40     116439203.74  384035715229.09    8466751026.52     77802598     796420530000000046
19690906-114210FIN196931969070119690906    4614037037.74     540390812.23        0.71        0.63        0.12     888200702.94  255470916620.71    1220000201.22    757096892    8614765060000000114
19690906-222816FIN196931969070119690906    3191395166.72     952727438.10        1.61        1.46        0.30     707902395.63  712869084587.58    2015656469.22    593308980    6508547010000000297
19690907-073732FIN196931969070119690907    2968642515.52     647666477.88        0.76        0.64        0.22      76368496.42  203862838136.90    7535777610.67    854929244   10073429840000000173
19690907-093814FIN196931969070119690907    6524513123.89    3685630609.93        7.43        7.39        0.56      92647136.43  974226912313.17    7509768936.09    495825838    4987211200000000089
19690907-095752FIN196931969070119690907    2449459760.32    1600375240.67        1.66        1.61        0.65     940408629.65  444764552458.47    7991697041.47    965720799    9915711540000000026
19690907-195537FIN196931969070119690907     418566596.42     195320109.58        1.54        1.36        0.47     677301874.99   39735745878.78    2254305846.78    126822352    144146724kFPSUHVUAnRUmcKzaleQvTfgllZGKhNEmYDZkSvpYSVp                
19690907-203501FIN196931969070119690907    2228720390.54    1364542474.62        1.61        1.56        0.61     104887220.30  351904775363.25      46839880.84    849301438    872269223OsurtSiBlHPXzsMOcSTdKVCHPQCDhZQCOOuArEAthFHWlKgERESelqQLC   
19690908-042307FIN196931969070119690908    6472257601.55    3989095898.47       12.01       10.48        0.62     943529436.50  699542819723.05    8376294422.93    332191986    380786525NbDMWxcROSXSodGdPvAKCwXDpUKKKIjczvAwHITcgnXTnDLzBJOObCmbWVs 
19690908-112936FIN196931969070119690908    4015290039.26    2307776591.23        4.88        4.26        0.57     442294322.70  706469191956.68    8154704245.92    472627226    542344439oLLXsGlBulNylApqZLPIkB                                      
19690908-201334FIN196931969070119690908    3326330108.83    1203667551.52        1.96        1.64        0.36      49256676.21  524407499577.88    8795170444.96    615007568    735586917zPDnCPNaQXkiPtzDLtcrENJONEyAAogVQCkOMhbLThGHBTRtMPVLtKXz    
19690909-001052FIN196931969070119690909    7781303548.83     963545927.71        1.03        0.99        0.12     841447998.83  382936012268.85    9326380041.82    939193443    9728462770000000211
19690909-010216FIN196931969070119690909    2102819881.67    1045533039.71        1.17        1.02        0.50     265186756.49  338933303032.84    7145846225.13    897407031   1023623181PMgDpipjuKrTIpAxZtGGvOYns                                   
19690909-052958FIN196931969070119690909    7306694690.64     598858599.75        3.03        2.63        0.08     326813832.20  614006666532.00    3402474588.68    197730307    227598149KwjfmirRqfjJKRClFNxFXRUpUKSpCNxNadkYKRajlaHBFBFgLPbynOng    
19690909-155348FIN196931969070119690909    4096925066.23    1985796214.79        6.83        5.85        0.48     568651714.37  911872323614.53    8158371147.68    290824068    339689120uiRYXfIoONrIzCHoJMWlq                                       
19690909-163619FIN196931969070119690909    3720599222.89    1945313089.84        5.75        5.08        0.52     263021501.29   70945404460.49    2869015183.68    338599784    3831746690000000333
19690910-015633FIN196931969070119690910    1047709176.32     226565227.41        0.35        0.35        0.22     184117511.13  225750676367.05    6873773284.68    644598337    651313479nyJDEtyqCUJjMGVYQQRcGwTcUKqEvxBaLCu                         
19690910-095608FIN196931969070119690910    7345303705.23    4859912704.77        8.96        8.57        0.66     825569477.49  634708205980.44    8447074512.22    542399550    566774973oGPrWRemUJeXXMXihEXsw                                       
19690910-152844FIN196931969070119690910    9137459561.23    2254423851.92        5.10        4.60        0.25     309684552.20  726738600767.11    2476854962.77    442306594    489676179bWRTyqCBjRtUsuuQWDGpczVBR                                   
19690910-175245FIN196931969070119690910    2177928923.39    1377427377.22        8.47        7.11        0.63     476406750.34  941501806917.45    8658253149.30    162645853    1938630760000000023
19690910-233313FIN196931969070119690910    3859419311.09    1603067005.02        2.86        2.74        0.42     716459515.93  571469898953.36    7196972378.08    560272340    584917772XdCwDlGsXFstGqdCIcNOKJfTOQPnoEeELXbNmwOl                    
19690911-085758FIN196931969070119690911     736367252.03     171147071.25        1.94        1.74        0.23     376465059.93  339726563867.16    1028200217.23     88392536     982274690000000077
19690911-132341FIN196931969070119690911    8899223315.21     242479689.55        3.06        2.91        0.03     606362592.28  972616246075.11    7645307800.57     79291078     832746480000000041
19690911-212259FIN196931969070119690911    8952326985.61    5894008383.69        9.08        8.23        0.66      18295463.11  907298393852.60    1528319397.54    648841452    716203912GCjVjJdHNLUhgQD                                             
19690911-233706FIN196931969070119690911     168573749.11      77257357.43        9.83        8.26        0.46     594192113.70  142300000290.89    1094109859.91      7862687      93504730000000078
19690912-062556FIN196931969070119690912    5049867855.36     324386116.49        0.43        0.40        0.06     932998943.53  847657041875.44    6933241884.03    762303311    8088302390000000016
19690912-140502FIN196931969070119690912    1582593464.83     921603770.94        1.73        1.68        0.58     696233387.30  839993671069.64    9750089844.04    532935022    548656792SARaVdhCPJMJsywIVYxVIGlKpQOYSWlUyJJWA                       
19690913-001741FIN196931969070119690913    7408068506.71    4237751235.56        4.67        4.40        0.57     503773976.47  176741349126.22    6685309113.79    907502154    9641222040000000193
19690913-024026FIN196931969070119690913    3357544082.37     790703064.42        1.90        1.85        0.24     827512734.70  516034943737.22    4869373718.11    416526619    427940449vJmBBBZGBoQKoEDjOJZUbGrZmZsTgDV                             
19690913-131400FIN196931969070119690913    7914575254.75    1177860973.02       22.70       21.07        0.15     352184288.81  340882736373.55    5983220314.98     51884702     559117170000000213
19690913-173435FIN196931969070119690913    8273064709.48    4354398894.44       14.41       12.64        0.53     632236951.02  599010701113.84    9641001201.56    302196326    3443667010000000231
19690913-223724FIN196931969070119690913    9521637222.66    3434286351.54        3.72        3.45        0.36     255485887.97  305837820807.86    2672062195.90    922150523    9942750230000000070
19690913-224919FIN196931969070119690913     417685882.71       8064768.83        0.01        0.01        0.02     442475598.08  909010361287.06    1442182102.50    658646947    729168824LrvzmLeLVOWwcEFYsnNEWDJEkrUOhemp                            
19690914-025649FIN196931969070119690914    3749450715.92     858208002.35        1.50        1.45        0.23     948320525.23  422545323454.66     812605323.98    573622291    5905436320000000292
19690914-035657FIN196931969070119690914    6155506390.87     685985541.92       21.54       18.39        0.11     344623479.38  636889631292.15    4615130141.72     31850373     37305634DIOKfSfWssQzOdgyxCetm                                       
19690914-065007FIN196931969070119690914    9170115993.66    1281070172.18        1.54        1.42        0.14     914018047.42  222769833253.27    9190317636.88    832038507    9041609950000000322
19690914-095024FIN196931969070119690914     823969575.73     124015522.28        0.39        0.35        0.15     743468836.24  955377638879.83    2632126344.91    315099917    355848798vZBwOIPtecNjyUIYbxuDSByWKdehmvEaye                          
19690914-160450FIN196931969070119690914    8771729400.92    3424648348.03        4.18        3.78        0.39     695317984.83  340865183055.17    4369079659.86    819723423    905248100AYrIhMoBIgUBkRdxKABPjIIShjxFyaWTAsK                         
19690914-201904FIN196931969070119690914    5567483184.62    2057541941.30        5.36        4.75        0.37     754022934.51  500921371357.39    4347014593.91    383789833    4327772040000000159
19690914-235418FIN196931969070119690914    5047484217.58    3452588509.40       11.15       10.58        0.68     904229542.30  666731972929.70    4082456858.54    309689817    3262861550000000066
19690915-063750FIN196931969070119690915    2212178236.14     201801917.44        1.23        1.07        0.09     759487841.91  902398326982.88    7386984602.00    164570214    188688112YWLqYLSLlEXHPDkXrHAfKLXWBCvAiQAZuQbk                        
19690915-065436FIN196931969070119690915    3964660207.76    1046983492.99       16.90       16.05        0.26     349765422.53  641674838197.93    8397143700.66     61939651     65235733AChNrBRFTkjZjDXSGVlG                                        
19690915-143826FIN196931969070119690915     553870862.28     381637220.93        0.47        0.43        0.69     257969599.02  242732873235.64    3791215104.54    814010917    8843534630000000067
19690915-233852FIN196931969070119690915    5724731141.73     824604104.40        2.98        2.62        0.14     139548914.50  848556646742.45     396142154.50    276839512    315329530TVBaQTDJrwGqJVGCBssskBnDsDMLUWwziNkIsfdVbcTmSYVg            
19690916-012758FIN196931969070119690916    1359262321.94     406342207.37        1.23        1.18        0.30     129023712.51  210639120897.21    5098164867.30    331360412    3453569700000000073
19690916-021055FIN196931969070119690916    2262065228.68     656645538.87        5.61        5.14        0.29     374550147.25  468198322923.30    5373078218.69    117098079    127752139OlslxTufUjgVqUKlDwLYJDtrIxgvIYycycdzidIpeTImioCYDZ          
19690916-075418FIN196931969070119690916    3127842085.71      50385166.94        0.06        0.05        0.02     946815972.22  570602911070.79    5024475820.33    848755601   1002900408PGDBgEZqRneMoLzzQWIWKPqUm                                   
19690916-090116FIN196931969070119690916    3285135448.17    1170652178.50        1.22        1.16        0.36     171289600.92  859142016601.72    8991264504.55    960198459   10114299720000000336
19690916-105653FIN196931969070119690916    4825829956.56    2875549965.74       20.13       17.85        0.60     386298276.29  242847467177.74    4966683913.28    142870294    1610638350000000142
19690916-170249SECAAAAAAAAAAAAASECOMMONACTVSzzgzjixkqYPKzQTeO TjPTRrYAcexMxdVCvTiDGorYFLdkXslaStEJxqA            NASDAQ989152454    1932010419550223        0.24gIOONPxnQUwBdFNEMLBUXdUbFPDWDVOVnWIIMRpOMbaMGipmCAICpjncsHs 
19690917-022840CMPirYEDlrypIeVTJQHQxwDbUWWnaBXUaDCGoaK                        0000000363ACTVMEAAA 195801193735 Neilson Upper                                                                                                                                              45405       Concord                  CO                  United States of AmericaCubeta                                        WWkjGKrdqhbbrHqbFNDMQrmLSTVuxoIqVztCKEaScjljJcBeGFFQLJKtUAX uVDlSPRVVUP                                                                               
19690917-063127CMPvJVnxzIDqXqKQHIkULgOEWiqYIJbcrlEtqaipgFQUAlOJWFqAzD         0000000356ACTVMECC  1882052712473 Long Branch East                                                                                                                                          19249       Edmonton                 Quebec              United States of AmericaPettus                                        qr bICDQIkMziNswjCjeqpDuuXBUumcBzNaD                                                                                                                  
19690917-131015SECAAAAAAAAAAAAARTPREF_CACTVkekcSbVLIMpHaRQIKFgQjcSzgyY                                           PCX   368051528    1965071319480221        0.260000000218
19690917-141917SECAAAAAAAAAAAAASVCOMMONACTVBfimRTxUTddmxVHKycfdkqlBTIVPyMSNCNeUziIUbDIMAJBTuSSJqstn              NASDAQ716318111    1967062119070711        0.710000000037
19690917-174202SECAAAAAAAAAAAAASKPREF_AACTVXBtDkwgHzAtGQXLjFxC                                                   NYSE  880440804    1968082218570503        1.37islDxjbYuuioiSBDvEVFXWIdWskRdMJVCqTdMGZHIJYalOLQxlmcyrXl    
19690917-201454SECAAAAAAAAAAAAARZCOMMONACTVsvgVQUxHYEu                                                           PCX   47234420     1940092019061006        1.750000000299
19690918-031137SECAAAAAAAAAAAAAIPCOMMONINACaGzFaPGLbeyoZHiBKRfLQZZgRiCEHlSHCcQPPbxKnbdYsBRsPoFDuNrcbRKFQXSUTM    NASDAQ206110549    1956082819330129        1.470000000187
19690918-125453SECAAAAAAAAAAAAASQCOMMONACTVkwGzZmSvRRRoyZtbDiew LrS                                              AMEX  800018729    1910062319010312        1.120000000347
19690918-175954SECAAAAAAAAAAAAASFCOMMONACTVdxRKFGnyyiFC                                                          AMEX  547017416    1898060719200819        1.45RyGXaaPEwcBQqSesTFzmnVhW                                    
19690919-010658SECAAAAAAAAAAAAARUCOMMONACTVcAGvtNsOSkRAetBpxRpDUfTcLtFHkGQCyKTKJNIDNUywOLTcwWyT                  PCX   970475846    1925091219240928        2.97JuoboYklRFiVquZgCguunEPFSWMYO                               
19690919-033230CMPQUnhNVCAxKIJrXubzRSkXhIWpAHLRQrVAkeSFefRGVHTMDbDJDayXa      0000000242INACCSAA+ 1897051910803 Day Way                                                                                                                                                   H2F 1X8     Toledo                   MA                  United States of AmericaHarcrow                                       EFDafpOcoWUNAAfSEcxpxrPEoFPCE XGjlcaHGXiyw                                                                                                            
19690919-045757SECAAAAAAAAAAAAASWPREF_AACTVWOHnHCKPhIsdXQGIF                                                     NYSE  992350826    1850082619400212        1.90kJTVsPPMjDHFLxKm                                            
19690919-072928CMPMkWDhzSCZiJDVWaTokRVDzAKUDSYUMFSzHozUuhxKizOKXhKMxaUqLR     0000000366ACTVEIBB  1885020322296 Cherry Ridge Drive                                                                                                                                        T6B 1H7     Coral Springs            IN                  United States of AmericaPolacek                                       jYDTtcwOLtpadUdFnRqFzBPOCOCZMjwmcAerDaxBEwUusDezOFQmIyTLowoYIQVxcMvGxzrvK FhULBMSVG                                                                   
19690919-112635SECAAAAAAAAAAAAASLCOMMONACTVGSOctXDyBpBiRNLOVWZLWkgYGXNMSN                                        PCX   259160254    1873120818901203        0.98bBrSPifIaInSAkKzVpJPPTGoCxaskRtmBSgXElBoGwDiLnvQRLHRTFps    
19690919-214125SECAAAAAAAAAAAAASACOMMONACTVORPyuphPuA EtyEjKkhqMQGNRQFP                                          NYSE  508725018    1850060518630415        0.040000000045
19690920-013358SECAAAAAAAAAAAAARPCOMMONACTVoKRmOeLUQXygdrnOFVASSvorLlSlV CerNLPbQCDDsaLciXVNRPS                  NYSE  902717267    1884112919540402        1.60OlslxTufUjgVqUKlDwLYJDtrIxgvIYycycdzidIpeTImioCYDZ          
19690920-062427SECAAAAAAAAAAAAASRCOMMONACTVMDSUG MUazxBgWAJJKDnMqmPKTFWSGsSPpcjRyWIJQhxxGzq VJnO QsIVQHJAzQG     NYSE  818654007    1851101619010513        0.020000000030
19690920-071140CMPOEWwKFDAjpORTNFCwBdNoIWelwDLMQfxKBzNKQNBOQaHBJTJcQkYE       0000000359ACTVHIA+  196207287889 Murray Way                                                                                                                                                 35284       Erie                     IN                  United States of AmericaFugo                                          NMVnUArNHrHddqkvPSDNByX EcOGMXcSyIJuCGutrfLSDGf bag wbKjkfWPjZDGnbRd                                                                                  
19690920-092813SECAAAAAAAAAAAAASGPREF_AACTVoyDYgwHjacaGmGndFdjDt LLdwPllvYURxUxtUFCKaTAwDlaZDqiefdAOrQZLQE       AMEX  109916504    1860032918730125        0.590000000343
19690920-130026SECAAAAAAAAAAAAARVCOMMONACTVPhkPMRxqTOwNnDdVyVIovZfZIHwEJmGeytrucQSSYUHOWeGLMHhzZCkGSTbLIK        PCX   782199303    1955053119070312        0.460000000236
19690920-233542SECAAAAAAAAAAAAASXPREF_DACTVEKMKgpKxOEiJSyObQcTBKuGmJ                                             PCX   902617410    1886062918700203        0.070000000264
19690921-075201CMPgALVJOqMUFzHQXivHWyjiaL                                     0000000352ACTVFOiP  1894051311196 Springmaid South                                                                                                                                          77252       Ottawa                   WY                  United States of AmericaHarcrow                                       AigQTOePtXRDaQdDHnrYswbaeAxTNkCFCfQ                                                                                                                   
19690921-112849CMPmdjAHJovJeLJJHiKarFGXy                                      0000000369ACTVSMB+  191508177785 Rusk Boulevard                                                                                                                                             V6W 1T2     Chandler                 Quebec              United States of AmericaWeers                                         ckw PONGxJWQXZBpNZgDKObXXJAdMnpKAVbrPXlIXdWPRLsPRiJOQtBAag QthfWMEVGTNcgRoutObuZIVLRzhkYTAIGmuxwqRYFdJLARMMsXGaoVgKAyvmEFR UbYW                       
19690921-201704SECAAAAAAAAAAAAASMPREF_CACTVkSnBM QbMcODmCjATCSgNm HPstDbULGRHqswipROkEFYFUAbEGHJbRImT            AMEX  884762597    1967102618661026        2.32KIbLaVBJgDliYZvdSIlyPWKFJWmcbyyDTkxJacYJSvlIUiSkiVhAgeM     
19690921-224231CMPlQWAhmQAWFAWepnVMoCIwCEXtOx                                 0000000362ACTVSCB   1954021516356 Houston Avenue                                                                                                                                            44315       Memphis                  VA                  United States of AmericaMarrufo                                       UMVBGGQJOxd gFDoOFXOzUABrhnYFlvFLUUHwhOnuVvcmxMXnenLQJLeQNcyLuLTavNUMjS QyeyyjIymVGyyyOzFRRRHOObDeADkIMeNO rBsCTTibPJjMiS kTfbKHhaHwrrNHpLKKDdkF      
19690922-000242CMPhHjGfXLqjBVMGYFfVcfKDuJ                                     0000000355ACTVTNAAA 1928032921379 Valley Vista Lane                                                                                                                                         T6D 1D5     Missoula                 OK                  United States of AmericaSanburg                                       ZZNfPNZguGtwJHwKDSECGArMsTsJIXMgCPRK                                                                                                                  
19690922-070619SECAAAAAAAAAAAAASBPREF_AACTVHPXApSQGowENSFNRfcKnzR HEqvGChHmauiSRnPlo  q kwvfwYBS                 AMEX  310845297    1853022019280419        2.100000000068
19690922-105041SECAAAAAAAAAAAAARQPREF_AACTVHQEEimcTGb BTCbFrSOMYYffNfuQbEqtVDLjIqRRHpR                           NYSE  744944752    1966122619530123        2.100000000029
19690922-184245CMPbGFUwQXggAZypFjRCphMxBp                                     0000000085ACTVCACCC+1965011611733 Electra Street                                                                                                                                            60782       Hilo                     NM                  United States of AmericaGosz                                          fqQhOquoBrnJUeOHuVrfusHdRGIdCJDfw zWwFPyTmyFtJEVlTxsqfqlvmMdgLlowpWIqYTQMGudobAE OWVQCPWIsFAHQr  brNqIYNVUrRpSpmwvLuyZIUKyBDJIXWWmuhZnBUFgOnJaD       
19690922-212624SECAAAAAAAAAAAAASSCOMMONACTVbZjxkUHsVDcoWePWp                                                     NASDAQ2857703      1923110719210518        0.500000000064
19690923-070714SECAAAAAAAAAAAAASHPREF_BACTVLKDhkFRGPgHHO pkVFar                                                  NASDAQ384215367    1904121019560604        1.35NSYnuORxQIWEOLTFSNDHCLlDKVJAUrTORPSPQpUczVTSRsozuKFRUHPDR   
19690923-100735CMPuXFZKZNoFNDTnFtECTczOplSxJQlGenAgljVRVBGIn                  0000000365ACTVCUCCC-1894071012952 Crestline Lower                                                                                                                                           T5B 1O8     Bridgeport               SD                  United States of AmericaWineland                                      hCyLBkxVTiRPgZGTKJG TTdFAPyFzQlFLMOhfEBFBWlQveqDRFbXVxUHCxJsfFrkAXOObKgCMFJc                                                                          
19690923-155122CMPOZRzJovYLsfxRGMNAh                                          0000000358ACTVTIBB  1858080320716 Wilmington South                                                                                                                                          28301       Providence               HI                  United States of AmericaBogar                                         evlBKcQCCbZBSIvObcSV                                                                                                                                  
19690923-191204CMPQVPBLyLBkFnWnTXGeOzCJSWEThFVHvqSADrBTyTqiwARHzeXC           0000000351ACTVRBlIgT187401049575 Whistler Park                                                                                                                                              95356       Memphis                  FL                  Canada                  Hefferon                                      zgGkrPTAmJdFTmMwdvHMNgDiHjDNwjchTzplrCOk RELDVgpmPlFeDTBgpAgGOxhSZtSJLNGCGNhGTEnKg                                                                    
19690924-021111SECAAAAAAAAAAAAARWCOMMONACTVzNI MFDKVwFJnmGyVkqDGiSRrQiRKMkGDYvzatFvvWBICIhZOYMS                  AMEX  296468474    1944052718950518        0.360000000107
19690924-070331SECAAAAAAAAAAAAASYCOMMONACTVyTmYCSGnCxGsUDTPnhIlOVaM aqUTjUUsGCmZQb x                             NYSE  847098041    1900012118530415        0.420000000209
19690924-153020CMPoSumNEGxSBTUqXslHIyyDaYHoZOYGIkPwnCKMyFKZLMxqAXHCgL         0000000368ACTVWMAA  186104106522 Mayfair North                                                                                                                                              90873       Hartford                 British Columbia    United States of AmericaBoyd                                          xOTviNunXxFyzUNRCUcZLjACdAUwbTGJsUceICsGlOSpqNcFPOHInSlKU UWkcNiT ZMiHYJFQZwFXHETrFOGraoYvcfHSteHAxlLBFFcDPruFmgDdzBHf nQEpRHTJrAPLCySm               
19690925-004658SECAAAAAAAAAAAAASNPREF_BACTVQpEWWBMLEccRw                                                         AMEX  384771995    1959032319680203        1.260000000266
19690925-110450SECAAAAAAAAAAAAASCCOMMONACTVhWwMlLKSpkMlYFYZXgXaFOOIM                                             NYSE  971956641    1908040719240521        2.370000000194
19690925-111832CMPwJJVpqVMUEPMYBWNTurYSCGVPsoHtJlPiRQaZOFAXNSPIBahWNb         0000000361ACTVGSA+  186403307819 Gates Boulevard                                                                                                                                            55440       Salt Lake City           AK                  United States of AmericaTenant                                        cCaNNEzOXIFbFsvwqKsxZAtIdVHuOHLQDmACdUKUBAmhrZJHuERGikQbvPOQbEDfRVUHFXwnfdOLJCfMDUSlSVvZeM gJhtXGwoSiSvaCtASGIzLGLFNzRpflOVPckUMGOYXCcliaHah          
19690925-220321SECAAAAAAAAAAAAARRCOMMONACTVngCAUjGGyfimlRrkxV                                                    NYSE  176926581    1961030518640908        0.100000000068
19690926-020918CMPcGKYGjxUqgYeBiAnZuEHPoqOorAVdO                              0000000354ACTVILBBB-        22261 Greenhill Avenue                                                                                                                                          V6G 1V8     Irvine                   CT                  United States of AmericaBednarik                                      hSZCWudYYBWRpOTViKIYracmjGlrDEHegqBVhVYLaIqHhOPlvohyB BqCLx                                                                                           
19690926-044726SECAAAAAAAAAAAAASTCOMMONACTVCEyCSVNq dWMqpUeTuLUPoAMTqvyGBIJRXBQCVGjaJNUfCNxOXxGAJSqwdKnMoQR      PCX   65502643     1880082819260520        1.24eAfJWVmnTddPHokOZEIOLX                                      
19690926-131142CMPfyIdEnSJASYLyDEHGqDHekTBOLxkCwqkxrRKADeDKMNJZdhpFfqSZQZZM   0000000371ACTVIVfb  1878071914389 Weller Upper                                                                                                                                              V6D 1P9     Colorado Springs         New Brunswick       United States of AmericaVanscoy                                       fcPCwhTRrCplYMLVdgBGtzzms zaDNpTjEyHfsSgdRWJHi                                                                                                        
19690926-235329SECAAAAAAAAAAAAASIPREF_AACTVaWuUVVGzKgBICidFDBWDcqLUxAmBUogXoUomV VMAzHaHlbgPItMykFeCLEEMH        AMEX  297251638    1881101519001206        1.24AChNrBRFTkjZjDXSGVlG                                        
19690927-043456CMPjWWnIjrVUsFrJQKtFhAKUQMJXFIpGEMwSf                          0000000364ACTVCUA+  1947092722296 Cherry Ridge Drive                                                                                                                                        V6R 1S1     Sacramento               NC                  United States of AmericaSchorn                                        MUBkhtoecZN XKHLFEGUqUvTSYRgGZKnZQUVvtBJENLkTszOfcPEvoNxEtXVwPUdVRhcqsQNcNbVQJhUH                                                                     
19690927-110442SECAAAAAAAAAAAAARXCOMMONACTVKlnSActvvwQQAMKSDmAKPkCyduLAFFtNNcWAGNlI                              NASDAQ708355401    1857061619380911        1.260000000029
19690927-171758CMPVDVGQOaJbbKEzzEjkDCIDSNFZiRJNolIyWsErDKdnK                  0000000357ACTVFFCC  1916042317514 Buckroe Court                                                                                                                                             19044       Fresno                   Saskatchewan        United States of AmericaEllebracht                                    ZZzaHPUgXhGKTHdRVyUnD                                                                                                                                 
19690927-225346SECAAAAAAAAAAAAASZPREF_AACTVYDpMXRxmBKzRnxAXmvFAfKjcRTV                                           AMEX  413919386    1878060519280822        2.91NuOvzuSYOeQYHwiHbx                                          
19690928-004837SECAAAAAAAAAAAAASOPREF_AACTVDLDRTcxRLZJAMCgpeumKxqpbIDVBsfJTkimVArJVCv uISaWXEV  VPSyrDDQZrSOU    NYSE  69387436     1933010519110716        1.06MkMwxNfUNrOGgpwbu                                           
19690928-101732CMPXeZKCrJJzMAUzZMvAEfQ                                        0000000350ACTVNMA+  1935080214633 Curry Rue                                                                                                                                                 53746       Casper                   KS                  United States of AmericaRury                                          SCrMZjebTLJxMgaFYDdnDONDPnFPhIOqczHdbEOJkKkFJSGHpFHWIzCgPHhQoBRtZLVaDirHQGMMMUEQNqVpzbMNRnjKBcbUQAbyBOLHcpAIwiJOPPGvGcZo                              
19690928-134319CMPbcGuCEgbwTfTLQUqnUMOhroMEORwlNRKsZIlBeCXRVjwDpGdpWqcH       0000000367ACTVFRB+  191012142582 Mitchell Drive                                                                                                                                             22329       Wichita                  Ontario                                     Gottshall                                     twjVmxeGzMumpdAVBLwlQdrdHvLmNduSyOfENhAYLxubUukJdUHHTkAXKMqORuzJdhV                                                                                   
19690928-194416SECAAAAAAAAAAAAASDCOMMONACTVQJVtcNRfRAtMgL                                                        NYSE  251542409    1920020119221203        1.87jClHOCWMwRFQDLmeVIqIBlHCVYexjVDLzNBVHQOYUtI                 
19690928-203426SECAAAAAAAAAAAAARSCOMMONACTVeNSYsWYdZJMMnlRRKQmTOVAJxqoEVlawYHrsGb                                NASDAQ561895056    1899031319420403        1.24pOvvVUFyYCwHFqgDXGABDNSnBcVOGdVsELjWMtu                     
19690929-051744CMPXUOBzVwCwxYYcetYuDiqSFeELGbicuyGaOhfoLbfyBw                 0000000360ACTVMMFR  1891060719165 Turtle Creek Court                                                                                                                                        92704       San Buenaventura         CT                  United States of AmericaCory                                          osDXNZGEmmlsvybpZnevnCBDngatNQUwsNVgwINkjOUYJEZZenjWqkFRcroAZZHjQXEKPNCsHYpDnT                                                                        
19690929-055333SECAAAAAAAAAAAAASUCOMMONACTVuJQBQFDuAhxKwLXelHKjuNFk                                              NYSE  642088668    1905052018711009        0.830000000275
19690929-155608SECAAAAAAAAAAAAASJCOMMONACTVOQFQdYVJLcrNFwlDQPsdPFssUDAklMqTgikfrPvAbAXUyacCBN                    AMEX  428252388    1965021619240529        0.36hUAyAuPbTqDYKLMtyUtVl                                       
19690929-194847SECAAAAAAAAAAAAARYCOMMONACTVeZgKANAU uPQDuUBcXHtVpOFYFFxnUDHaGM                                   NYSE  144293648    1960033118501124        2.490000000024
19690930-030119CMPOgXXKagKGvQznwUMNWIXEbUmKGElihiOaGDh                        0000000353ACTVPSBB- 189206173731 Capital Court                                                                                                                                              93836       Grand Rapids             UT                  United States of AmericaHaag                                          jixQDeXawWKMIvkaOxmRhTKdcKTPJnyVIAzoThbGpPnQygLvSoZtXs SNUARAuaQwRfPZtPMQyfVIv                                                                        
19690930-122101SECAAAAAAAAAAAAABYCOMMONACTVcaSDwAmZYqQAoBBpFmRPVNOXaneGpZTOBDiPJsJpcKYOgotJTaXlgFHWqiaANdT       NYSE  215647054    1953070218500222        1.150000000333
19690930-184718SECAAAAAAAAAAAAASPCOMMONACTVNt zE xcRNFZEUPsvslLRmNCMCnzWunhQtFmzIHnTejcZNjAsW                    NYSE  987786011    1922072119301108        2.07QFRbFMIOhFIvNDHHKUIHIwUDsyiGpkDUVMQO                        
19690930-235958CMPvgasZIbsPTOqTcqCjpOyhRVZNKXMmpECMgDogBiGPTOAJwLTBE          0000000370ACTVCCBBB-1867060418063 Avalon Drive                                                                                                                                              38148       Saint John               PA                  United States of AmericaHackwell                                      ncUGNVGGiwVOCqMCJpYbbPOoLhSqxrNudadWfvBpVLmVeFgRqTOpUkvHdqePDNxbejgFOtlhSQvTdvaTifgIUhmkWqM dBzZFGFRDlWMT                                             
