19690401-073721FIN196921969040119690401     439658927.15      11889887.74        0.03        0.02        0.03     120869401.76  321529277531.47     935111310.94    435541324    5222478360000000180
19690401-122756FIN196921969040119690401    4734886790.71    1321580054.97        3.42        3.33        0.28     461136218.63   69040206992.44    9976511580.70    385909527    3963562660000000193
19690401-205408FIN196921969040119690401    9647889975.82    1304347993.60        3.12        2.71        0.14     410394690.41  862811334217.65    3483973361.83    418584750    4805837660000000313
19690402-011601FIN196921969040119690402    4074411619.20    1477980557.71        1.90        1.89        0.36     368051797.23   13824055530.31    6012285447.95    779458358    7819691980000000291
19690402-110907FIN196921969040119690402    6446142941.37     282418280.96        0.77        0.68        0.04     616035045.57  563015631766.39    9071713823.08    364894502    4154717580000000156
19690402-215138FIN196921969040119690402    1456224785.88     559702409.61       11.43       11.14        0.38     180118646.77   70981266445.85     200908058.18     48983352     502220990000000154
19690402-235642FIN196921969040119690402    6480391288.74    2211653924.64        3.22        3.13        0.34     494278029.42  793602902048.31    4290112128.86    686959367    7059632950000000015
19690403-082306FIN196921969040119690403    6779032353.97    2304020693.09        2.54        2.28        0.34     416314337.53  730440639675.72     544212598.92    907694277   10127500450000000318
19690403-160745FIN196921969040119690403    6368038389.30    1280436639.45        3.20        2.94        0.20     994774073.09   62693410268.42    4494026635.18    400472401    435309150xyrTpxryTSQNQSeNzhwRP                                       
19690404-032757FIN196921969040119690404    8690956871.09    4671666907.35       12.22       11.35        0.54     442548265.17  747402493030.89    4811059867.40    382316767    411651692NuOvzuSYOeQYHwiHbx                                          
19690404-111452FIN196921969040119690404    9313230517.05    5884374970.06       17.20       16.97        0.63     207831807.38  519285027443.70    7499770083.50    342091456    3468186760000000164
19690404-181754FIN196921969040119690404    7452123553.91    1982813092.09       20.65       19.80        0.27      31664169.53  709984178106.18    3549443450.09     96012377    100165708hCIkVIvJidHWGGsWThefmBCBIpBflWhkDDnl                        
19690405-040815FIN196921969040119690405    9880858302.58    5945691876.14        6.05        5.42        0.60     582167109.79  923634203680.79     568208506.19    983551435   10975773060000000323
19690405-122947FIN196921969040119690405    8601824034.15    3132083948.00        4.35        3.70        0.36     123714343.74  776625125639.49    3236942447.28    719487267    845931856uiRYXfIoONrIzCHoJMWlq                                       
19690405-130837FIN196921969040119690405    2496481661.42     559110772.96        0.86        0.75        0.22     620862805.12  935447520529.71    9496307961.04    651387373    7463701540000000017
19690405-192731FIN196921969040119690405    7845062450.29    1834755332.61        2.13        1.87        0.23     482678548.10  697205681979.43    7318599995.04    861873555    9808553400000000012
19690405-232533FIN196921969040119690405     247484798.36      93294002.31        1.10        1.06        0.38     158699206.65  379736738054.55      62857141.84     84781000     881989070000000063
19690406-045308FIN196921969040119690406    5549461621.92    2355213110.49       17.98       16.41        0.42     522681107.52  644913379392.11    3389733998.34    131013501    143539890yjlhQKIALCdxqRI                                             
19690406-052648FIN196921969040119690406    9065065595.77    1130033968.36        1.39        1.17        0.12     664135881.51  732118558310.54    6798945693.93    812290886    9634029870000000165
19690406-160534FIN196921969040119690406    1496889438.96     800127520.41        1.07        0.93        0.53     100419730.11  558560002479.78    4698298622.16    748853119    856177237yJZRFbHLdseBeTnJIpEmTJtfrrDaEFBWyS                          
19690407-020019FIN196921969040119690407    5318946550.84    1621068169.07        3.36        3.08        0.30     907887264.65  271970906497.66    5408996285.76    482890205    526918332ieIyBwMxVgOHXKQlnyDjuAKXXV                                  
19690407-045441FIN196921969040119690407    7392924025.43    1089778073.20        1.42        1.22        0.15     918195468.03  201314524724.91    9607548267.83    769374302    892968558AChNrBRFTkjZjDXSGVlG                                        
19690407-053526FIN196921969040119690407    9643864115.46    2292990098.98      840.83      822.96        0.24     966255222.25  574862429338.71    4207889361.59      2727047      27862820000000220
19690407-144903FIN196921969040119690407    2705850485.65     308830279.22        4.33        3.80        0.11     119942105.67  293573234914.10    9244598003.64     71253626     81232842QUnhNVCAxKIJrXubzRSkXhIWpAHLRQrVAkeSFefRGVHTMDbDJDayXa      
19690408-000834FIN196921969040119690408    9787994163.69    2384102631.68        6.05        5.47        0.24     739867712.00  378953443855.68    9719086125.31    394366249    435819825TzOOKJSXlzetRDAZNOaBGRiAoYkrPjDLzvR                         
19690408-072303FIN196921969040119690408    9649607076.47    2924028128.73        4.27        3.62        0.30     741889608.84  869321620341.54    2366588355.90    685158811    807685442XtbozDFYEJJzHPPbBRzE                                        
19690408-142254FIN196921969040119690408    3158588254.71     806059169.37        3.52        3.37        0.26     369305151.19  311917828434.59    7317852768.56    229112260    239028313UmGSwjCrUkXlhcWjmEhYLkTpDpkNOLLdWRrHITXUFXkMzO              
19690408-211140FIN196921969040119690408    2544731040.69    1578752259.49        2.11        1.87        0.62     582057183.30  450553929651.80    1678036288.21    748567488    8457499880000000065
19690409-071341FIN196921969040119690409     607998346.20     254128760.54        0.30        0.27        0.42      19889061.79  674886506070.65    3649829089.86    842988954    929216514PLFvBRDnWxmtwNhdkGpUFvbStpeKYhbtuRxTSKanfZHDnUrLoR          
19690409-122329FIN196921969040119690409    1715425049.85     432613468.56        1.44        1.27        0.25      26895007.82  953608871403.41    4297894034.28    299935323    3419371780000000200
19690409-183707FIN196921969040119690409    7127857420.47     547990730.79        0.96        0.93        0.08     710064070.56  187549492709.18    8539244583.40    568940710    589909955hmMBZOgKnghDURkkMSkOGO                                      
19690409-203022FIN196921969040119690409    7497910244.71     238586779.69        0.26        0.23        0.03     906925172.84   19139099321.68    9551773669.83    919825591   1027356532pOvvVUFyYCwHFqgDXGABDNSnBcVOGdVsELjWMtu                     
19690410-025556FIN196921969040119690410    2075502702.10     887399608.12        1.06        1.03        0.43      86607108.70  485084232235.80     931099162.31    839912388    862886050oKOQXOtOpnWSXAiUJMcVtClxnLyRoKeAoBfZ                        
19690410-131028FIN196921969040119690410    4036535447.13     234645638.97        0.56        0.49        0.06     627045098.71  153608652329.04    3183055842.27    415724199    4837288550000000227
19690410-151155FIN196921969040119690410     962358033.97     124848792.26        0.15        0.14        0.13     611065197.41  623114727682.01    7185521942.97    809978595    8881237080000000084
19690410-171755FIN196921969040119690410    1151176773.86     646589252.28        1.80        1.63        0.56     425631963.91  257011499012.37    2522042361.89    358480821    3958050200000000210
19690410-204000FIN196921969040119690410    2045607584.17    1221776596.99        3.22        2.81        0.60      34261323.88  158586194904.92    1609955674.08    379552628    4353839820000000134
19690411-032548FIN196921969040119690411    2610802761.02    1679519135.84        2.65        2.41        0.64     490570763.52  538870983925.64    4138392660.55    632977656    6973475330000000278
19690411-061322FIN196921969040119690411    2145137006.13    1381464002.46        1.58        1.32        0.64     369125888.33  364614776921.13    3825568249.12    875698834   10505167800000000100
19690411-160231FIN196921969040119690411    4367521349.90    2441584727.13        3.87        3.39        0.56      22445286.24  634227752662.62    4103482568.91    630590671    720474273XKJikResIVsVDCWGBAYPKUYANPCKOPDtDFVzLoPeIIo                 
19690411-161105FIN196921969040119690411    5729958578.11     979922184.94        3.80        3.46        0.17     919664537.18  287527522124.19    5968899765.19    258187605    283498031islDxjbYuuioiSBDvEVFXWIdWskRdMJVCqTdMGZHIJYalOLQxlmcyrXl    
19690411-211616FIN196921969040119690411     332722953.31     162558928.43        0.67        0.62        0.49     722463345.60  837858241158.38    4201187799.61    241725238    2628105810000000149
19690412-083501FIN196921969040119690412    3084726380.41    1263967872.23        1.49        1.40        0.41      27192853.36  332379101276.24    8900527309.74    850498480    9007729690000000281
19690412-132856FIN196921969040119690412    5520514430.25    3176798408.14       13.72       12.52        0.58     309460142.18  739752088470.68    6053185415.48    231575563    2537364130000000064
19690412-142736FIN196921969040119690412     813444882.76     210659531.14        1.25        1.23        0.26      12572959.82  484099668339.65    4113180920.49    167895296    170667591CGFShNPLsjQMGNuLREIoALADJAmmIpTQHNLXYhqKMDPtcOfKWqdykC      
19690412-181326FIN196921969040119690412    6197155200.09     148630072.25        0.17        0.14        0.02     624897283.67  690137413623.10    4437586051.10    873890887   10414128630000000013
19690413-022938FIN196921969040119690413    1857380348.99    1259629198.58        5.54        4.80        0.68     387056316.58  816434694111.78    9010849232.94    227292382    2626902960000000279
19690413-032517FIN196921969040119690413    7867016655.81    5411193213.65       39.14       33.72        0.69      60264307.88  517660035382.05    3019452017.58    138239789    160493457VXpGhfFbmgISLSMZVQlpBtNxkRhiLKvoTFIEKvFgIOL                 
19690413-105646FIN196921969040119690413    2343693565.17     854143407.91        2.94        2.45        0.36     499885071.16  295041025354.35    5683542571.30    290255182    3481792790000000162
19690413-205342FIN196921969040119690413    3768679090.31    1311254878.52        2.58        2.28        0.35     740215696.65  201147385064.04    6004566731.87    508077463    576112736wtUTIAshgTRlJiCRkCrsvGzSDTTpQWXTsIEaW                       
19690413-234226FIN196921969040119690413    9712207455.47    2277964244.96        2.69        2.42        0.23     252738988.81  404982423055.01    2863115837.36    848113340    940638885nyJDEtyqCUJjMGVYQQRcGwTcUKqEvxBaLCu                         
19690414-035554FIN196921969040119690414    2301248252.35     256630163.54       27.83       26.81        0.11     462954356.93  263928780590.96    6641739466.99      9219878      95711130000000289
19690414-125110FIN196921969040119690414    9226554935.54    4021311850.90       10.31        9.73        0.44     624050166.01   97910927492.65    5309415992.89    389877052    4134274260000000275
19690414-140718FIN196921969040119690414     163983436.24      54004769.65        0.81        0.72        0.33     430436222.19  487325149993.79    7839499377.51     66716290     75023096YNouztDEEgVJnWzrV                                           
19690414-152134FIN196921969040119690414    8298054489.02    2241857282.30        3.00        2.79        0.27     335157214.83  949161353126.60    3909960050.85    746440276    8031861420000000201
19690414-191823FIN196921969040119690414    1631013711.99      97900331.88        0.37        0.34        0.06     297529970.88  887481910406.96    6758668516.80    263835263    2851262600000000061
19690415-012532FIN196921969040119690415    9400263145.54    3708423361.69        7.50        7.39        0.39     256468001.56  940643946945.69    6229188946.11    494450787    501691451qNBRLBcNHRMNCOGgoLutSmLjluU                                 
19690415-085407FIN196921969040119690415    4310458296.14    1515943575.93        1.73        1.70        0.35     604373079.26  275633201580.71    3522536664.84    876020714    890221941nFyMBMGPQxXMuGkXNZTwlPHW                                    
19690415-123055FIN196921969040119690415    4065366946.18    1579828804.45        2.75        2.41        0.39     442500999.43  662563251548.75    6699476537.61    573836039    6545988820000000182
19690415-163816FIN196921969040119690415    6857289966.37    3616432518.88        5.41        4.88        0.53     467993583.48  217489422296.63    2734061585.55    667906159    740858104ZTuwjLRpbOQNdiaeWQXzXoWxMzARIDSSPDxLlmbVvOHikKpGKBDGy       
19690415-235233FIN196921969040119690415    2934328017.97     160458951.07        0.43        0.36        0.05     636441598.46  151234604492.35    1250272840.44    376885779    4497815700000000177
19690416-092626FIN196921969040119690416    5377842757.49    2677831115.64       71.10       62.61        0.50     370752827.93  734829966506.86    6136408148.72     37661257     427692270000000276
19690416-164843FIN196921969040119690416    2693477915.77    1752380266.67        4.18        3.57        0.65     617312842.59  638340696904.27    1684256571.36    418953357    491357659wusPbEHCRIEzEwJUAqKHIUWBxfFvRBthBexyXHrFr                   
19690416-171522FIN196921969040119690416    6049253246.18    1188648307.94        1.23        1.04        0.20     769963479.44  994954873354.12     576967633.89    965112908   1147212754YtvHEQBjudJlIIctWcFxmnzyLLXwZIjQbTYYSJjShQPPW               
19690416-193803FIN196921969040119690416    6429262011.42    2673129140.38        3.79        3.78        0.42     769639323.76  837303355864.90    9799330309.65    704526063    7074110310000000311
19690416-221125FIN196921969040119690416    6812965640.13    3623288138.57       20.19       20.11        0.53     353639737.80  726788770604.56     285076395.80    179454155    1801541660000000213
19690417-003843FIN196921969040119690417     697343442.16      54043548.17        0.08        0.08        0.08     803783666.56  656703804270.13    7116269443.86    645308585    697383663kkhSvCsfgbDUvsiZWtPQwjkYPwKrfTUFMGMCWCBXBcOcTkaLSudO        
19690417-091742FIN196921969040119690417    6430707382.44    3564664090.99        9.02        8.17        0.55     617457771.20  238181444209.99    2206020818.75    395061619    436510595RpRNXSNCaINbvfILmr                                          
19690417-122326FIN196921969040119690417    5990258896.72     663931547.58        1.94        1.70        0.11      11980892.84  375340021166.82    1754088350.96    342656703    3910855230000000030
19690417-210549FIN196921969040119690417    3144289271.88    1547362019.29        1.55        1.53        0.49     242415260.11  973436852312.76    6011750641.24    997169608   10080982240000000316
19690418-034716FIN196921969040119690418    9966213569.55    1405364741.52       27.15       24.20        0.14     504869005.66  903621338366.43    8817551681.06     51764883     580844360000000231
19690418-040939FIN196921969040119690418    9324703221.71     777855476.12        1.72        1.47        0.08     290213894.50  927774779908.87    5563210655.06    451128721    530874635mJmRJtJARsVsPrXR                                            
19690418-111738FIN196921969040119690418    4479810717.16    1272404461.93        2.12        1.98        0.28     316998651.79  686663452778.98    9601366494.05    599417191    641566746DtsNvBcUYhPGHuGmBaQQIRiXiKlYxUFPHFJtrQploRYBiQoXN           
19690418-122627FIN196921969040119690418    2043393104.49    1260330552.58        2.13        2.04        0.62     207293310.32  661137408089.87    1388676511.22    592300039    6170112140000000039
19690418-174513FIN196921969040119690418    8362224129.17    5287363359.16       14.50       12.29        0.63     720923194.01  872402362825.34     813333576.39    364618507    4303239490000000321
19690418-213827FIN196921969040119690418    3392241190.79    1394953711.33        8.52        7.60        0.41     327345817.61  879071198466.64    7815268553.34    163794093    1834702290000000032
19690419-053139FIN196921969040119690419    9874356511.76    4440096740.41        5.00        4.60        0.45     240092859.07  728948725836.08    5232728544.92    888834333    966191412eAfJWVmnTddPHokOZEIOLX                                      
19690419-071009FIN196921969040119690419    5814331476.01     176722986.67        0.45        0.38        0.03     384323303.14  257899056356.18     706811663.13    388603459    4652248560000000010
19690419-094645FIN196921969040119690419    2284665414.26    1409736046.21        4.44        3.86        0.62     195988500.70  598255460412.02       6244959.59    317280215    365161001kwxHMEvosXrImfUriQWRASRFjyNtWQFuZENaNasqamWJITEF            
19690419-154422FIN196921969040119690419    8741764196.59    2594701412.09        4.66        4.25        0.30     902192984.47  935493681618.15    2119211328.86    556573898    6098139470000000326
19690420-002557FIN196921969040119690420     772605085.33      40343269.84        0.24        0.23        0.05      58991781.94  307352010807.44    9956123891.80    165806368    176779749PGyStCWXuTMNSmMcKBrfVUQWskEFHeKXCHmNquHGGLzFUUDwJPEAiv      
19690420-094953FIN196921969040119690420    3842981682.18     136121080.45        0.14        0.14        0.04     889977416.93  292952624974.29    7765804812.46    938773530    9933010630000000223
19690420-180827FIN196921969040119690420    3376183163.44     404298090.85        0.87        0.79        0.12     742720513.63  328093426027.73    5905694469.95    462992377    509837888oGPrWRemUJeXXMXihEXsw                                       
19690421-033559FIN196921969040119690421    6058179444.49     956354311.39        1.93        1.66        0.16     782019449.73  684862941423.68    7209474316.42    495084622    575063145yRPdOOYwDRIgGtBTaFzyuaZQ                                    
19690421-144526FIN196921969040119690421    7368777705.63    1637360644.27        2.23        1.92        0.22     610388113.25  590627429746.94    1707282969.41    733604570    8531525950000000122
19690422-013930FIN196921969040119690422    8436946685.67    4583218998.59       48.48       47.56        0.54     783496136.67  755677178177.27    3913791810.48     94528921     963748910000000135
19690422-033019FIN196921969040119690422    6672136275.51    3128608286.10        4.68        4.68        0.47     766030203.07   33301861048.03    6828931737.16    668324423    669152423LHnMREWDjDZXCkckgXuhzTJDNNEVGYI                             
19690422-051603FIN196921969040119690422    6025219065.44     828866840.66        1.82        1.77        0.14      74940291.65  546245937700.33    4115938425.08    456102018    467177854LRYKYZXBcxmTSSowQAFUfTJRSoIvPgvimQgPedHDROTgzAImiQMWqxVFPKu 
19690422-091636FIN196921969040119690422    5594934459.86    2516349558.87       17.16       14.94        0.45     233473712.65  152151861959.45     993969760.30    146647579    168394466jClHOCWMwRFQDLmeVIqIBlHCVYexjVDLzNBVHQOYUtI                 
19690422-192115FIN196921969040119690422    9480205076.49    3235613011.49       12.07       11.49        0.34     351069656.05  592077002902.09    5727829298.95    268158185    2817158350000000080
19690423-041229FIN196921969040119690423    3517315387.05     915573343.69        0.98        0.88        0.26     412035727.23  798124603273.36    1057097304.08    937833525   1044762927BELJVClFSUDWQNFrxaHxDDEMSOMNqTeWbFtIh                       
19690423-115536FIN196921969040119690423     743398855.20     476480714.94        2.25        2.03        0.64     752459841.81  157138941502.90    6744341320.19    212104444    234548794VyLBLWJZWFSSHQOpVgOdCcrmUztQMuIKDzfn                        
19690423-123447FIN196921969040119690423    8613110780.80    2744409396.29        3.87        3.35        0.32     246221339.17  113957034608.86    1535439053.22    708780389    819237308UPZWHSNuLWPZUVEJWUieOUiMgRwIHRrJ                            
19690423-182259FIN196921969040119690423    1355366153.28     361701021.77        0.43        0.40        0.27     464596336.21  442598698586.17    1754332338.86    832651815    9140220690000000217
19690424-011129FIN196921969040119690424    9869820313.39    5011428910.72       14.95       13.68        0.51     533853048.63  419660672639.67    4093291718.78    335320636    366412789QwnIbVnuGKkXinwkKNLkqFNNlyDxVORxOQbZXbKhdqPCFoPBEWbUnxOfI   
19690424-092518FIN196921969040119690424     682645703.96     115124035.55        0.17        0.16        0.17     940951148.62  738363134174.10    8531874918.40    669399192    7194906620000000031
19690424-102805FIN196921969040119690424    1198768239.34     755957532.49        0.78        0.70        0.63     560352066.68  218553578161.94    4414432288.63    972943487   1085677464RICOfhFDpPHwKRHsmPHYTpTzGDeJMQruPEEdPICrMiweHGwOFQYNoQXZWIjN
19690424-194523FIN196921969040119690424    3925541929.03       9916891.79        0.01        0.01        0.00     164096084.75  936407431032.32    9638846457.26    894137128   1013895136UGgcNMmKMrrPJTTaRaYPINuKXnkLUoayMOliHMeIegqfoK              
19690424-205431FIN196921969040119690424    6019262219.53    3624847547.75        4.85        4.41        0.60     179044019.38  773939699217.09    7039825213.49    747908883    821261022VrTzIgeTGTFEbFiFBEbMvRuGcG                                  
19690425-052006FIN196921969040119690425    7082386565.90    4406026106.65       12.35       11.84        0.62     133579780.07  104766573875.98    4637917965.42    356780170    3722824900000000026
19690425-153459FIN196921969040119690425    5671025085.43    3671611304.51        4.30        3.92        0.65     653528008.64  949406125424.43    2741141034.44    853909023    9375082600000000024
19690426-021425FIN196921969040119690426    4807152447.64    1683484464.77        1.97        1.87        0.35     181337880.00  493438045582.48    3752666073.32    854434149    9021436150000000264
19690426-090340FIN196921969040119690426    1074539946.30     559735744.22        0.81        0.70        0.52     638118764.79  801017230122.22    9271916742.26    687846641    798602880KCkPotwrqSQFGNsyRmfAqMDPgLswKnMFgi                          
19690426-120809FIN196921969040119690426    7300584044.25    1935170192.01        8.67        7.53        0.27     857370650.00  246458789401.11    8323781151.99    223228434    2569009770000000042
19690426-214809FIN196921969040119690426    1760285228.08     181441797.79        0.24        0.20        0.10     868082680.60  269658028410.43    8549255339.52    756089531    901728545gWFpOuNYwfcvPArwjmHWzRgHbmFxHurRpMpoourGEuVNxKmPfR          
19690427-072836FIN196921969040119690427    2554246833.46     261042060.13        0.38        0.36        0.10     178440579.78  250048222743.13    2097226078.74    681862342    7195020700000000301
19690427-094049FIN196921969040119690427    7753351322.24    2602297441.45        3.82        3.62        0.34     316158506.54  101927558858.16    7780306854.38    681392892    7191065600000000259
19690427-182902FIN196921969040119690427    3525191962.47    1806438098.15        4.39        3.89        0.51     394472912.91  441748980941.60    8194380468.71    411257462    464487487IiHkvFAHjNrDbHaXULOVQWMsfQI                                 
19690428-001225FIN196921969040119690428     376275774.96     111429769.06        2.24        1.99        0.30     558663709.30   86376540157.23    2345454158.21     49661306     56067319upvMBmYtrKVRduXOoBpWfPZLVOTTQBJKRvCCGAyjHEAkNNHWsPer        
19690428-055953FIN196921969040119690428    2100661227.71     677088882.10        1.00        0.99        0.32     794938765.25  908457159462.54    3310612462.71    679415925    6856394490000000130
19690428-074155FIN196921969040119690428    8842604044.60    4646865102.62       41.49       40.62        0.53      67716329.42  971648520675.48    6348819610.68    111996109    1143900630000000248
19690428-155154FIN196921969040119690428    2696072739.27    1345441554.18        1.54        1.38        0.50      50229054.76  986833548388.79     911636742.94    871280056    977848737THVJKcSJVNsCshDziTFfMUfvDnfDXOVOgpxvKDj                     
19690428-174858FIN196921969040119690428    5715217546.33     988768105.34        1.19        1.16        0.17     559296515.60  477421187542.67    6470553385.29    829014234    853132427TWBDSgWImInakVLdROJKVuaESNTiEPrcWp                          
19690428-184413FIN196921969040119690428    1890759792.25     120087985.90        0.12        0.10        0.06     311475945.68  915659547839.52    5113824444.79    964686723   1150106707zZCyFkqieiPsUGvBJwvhXNW                                     
19690429-010837FIN196921969040119690429    3432148849.85     586776978.01        0.98        0.88        0.17     847365476.73  586939313579.89      26952889.63    599757834    666067711bWRTyqCBjRtUsuuQWDGpczVBR                                   
19690429-033743FIN196921969040119690429    6601777349.39     732024892.74        0.77        0.77        0.11     121741849.80  981726270742.73    4062114579.32    944623894    9451530310000000228
19690429-044137FIN196921969040119690429    5710912567.22    2202830374.95        4.07        3.79        0.39     456384778.78  623296281393.89    3116923125.94    541078216    581310449EhqRirDAXxfmkjRFuvqBjTsrPHcyvavBLTvRuTeGeZtHOqOpJpBRUdJGRGK 
19690429-130234FIN196921969040119690429    7275778662.60    3658026800.66        3.99        3.88        0.50     683963949.39  184651884658.27    8180509674.24    915850860    942524621vFiMBJIBDeStTZjdBjUZmkXlKrIgHRFMpHwPpBizHDUuIIRivHNwmSJAa   
19690429-165052FIN196921969040119690429    2556097665.94     283924616.31        1.07        0.93        0.11     387878919.67  459648407223.51    2740620823.85    264741835    3068006120000000125
19690429-223446FIN196921969040119690429    3960018092.00    1924392538.94        2.48        2.21        0.49      43918620.46  444345153045.25    3522103011.28    777482842    8723529060000000023
19690430-082147FIN196921969040119690430    8614691174.78    1323018879.73        1.45        1.34        0.15     234118602.77   70674206740.85    5173862059.29    912778712    9863334110000000091
19690430-135217FIN196921969040119690430     536087865.64     301408492.24        1.14        0.99        0.56      61856073.47  876188602133.61    9988476202.15    263403304    303403094KCJKxaPQOADwZRgyHQNktTTmwqOFwPjbiFVZIUZJwSKLGIDsVEuGvpOcUta 
19690430-181702FIN196921969040119690430    8285312792.17    3643894166.97        4.47        3.95        0.44     507978469.10   16246132970.99    4010412364.26    815246814    9232298680000000236
19690430-215338FIN196921969040119690430    5543258605.22    3606697153.83       76.76       76.31        0.65     304685833.31  675324435417.45    6017114370.36     46984489     47264212OzjqKuNwhkyhggnIcbOUTzPkHmlLHjqBIaSPMTDPDgJNJNaJSWg         
19690501-050148FIN196921969040119690501    1181334359.95     328278746.58        0.33        0.32        0.28     344932610.09  648120309700.45     960544882.67    995957783   1015724368lSBXSwESnnboFFeSvHxFjlfxrwIZABfGMjiWUbhTmnRHnPFOTMlMAQnZJA  
19690501-131301FIN196921969040119690501    7409116161.72    1547529131.50        1.90        1.89        0.21     889414084.06  944026412058.95    5193384370.83    814732065    816819577XCSbLIHwrFuenuhOSByKxXLBgIFHMySpTKhwCpBNFKAUeCzkBgyOOJfH    
19690501-145514FIN196921969040119690501       1004933.51        397036.60        0.00        0.00        0.40     718732302.77  471754786048.95    4510293226.64    194182906    2252978360000000309
19690501-152326FIN196921969040119690501    8671807034.43    5419836937.39       15.00       14.90        0.62     743862682.45  457609626326.91     438194935.31    361220605    363811892AsIcOhpVbPzObQVeuCVsm                                       
19690501-171603FIN196921969040119690501    4190622876.10    2917545778.73        3.76        3.15        0.70     214713670.62  960078279853.83    2327268710.22    776545716    9256195660000000157
19690501-192429FIN196921969040119690501      52204913.03      31414404.78        0.05        0.04        0.60     180030791.63  309122169298.48     988914229.35    627850856    702026738zSzyZVwpMSypTaf                                             
19690501-204856FIN196921969040119690501    8411512712.70    4298728941.16        7.77        6.57        0.51     423025712.99  769624424293.24    8499639446.30    553199961    653860969eyGBByYTpoRbgjJdHtPbQdJTXrTbcWTJkSHlPvDAkK                  
19690502-051915FIN196921969040119690502    1947658721.03     160706543.21        0.22        0.21        0.08     464277417.51   47319807159.87    6298546252.68    719256129    7778405520000000314
19690502-105559FIN196921969040119690502    7408473525.18    4987493907.10       24.61       20.63        0.67     342635418.51  970780883980.55    4705493536.85    202655555    241731382HiFaAXHaNciJWpqVaWdNT                                       
19690502-130605FIN196921969040119690502    2534007982.45     875301087.68       14.54       12.16        0.35     928114754.94  195919109264.15    7693803470.65     60219721     719584210000000102
19690502-195059FIN196921969040119690502    5118798639.38    2461968941.08        2.74        2.41        0.48     875591461.41  628772179707.29     293799790.36    898706907   1020134439LrvzmLeLVOWwcEFYsnNEWDJEkrUOhemp                            
19690503-020503FIN196921969040119690503    6833033223.90    3801763070.54        4.27        3.91        0.56     975463081.23  757636386747.07    5280652953.19    889665237    971885615TGfFOOldnTHLjuAaQqJBgbibktVyiLStkrLCynHAZNCp                
19690503-023249FIN196921969040119690503    2643719672.39    1565598556.44        1.60        1.41        0.59      56824830.33  109309698223.79    1501093161.60    976524098   1109687296GELfnxYTyVJqIPnyIWQHPQOyLJKYNHDGBxDbNCZtyDuhWINU            
19690503-103408FIN196921969040119690503     516159246.35     191489593.81        1.20        1.14        0.37     582083335.54   25514925710.61     625027823.01    159367752    167368730BBjnRjSGtZjneIEWFBAsWQhyXIByDhVQqgblgSWLNztfSnROkRGWk       
19690503-191552FIN196921969040119690503    1624315989.99      33973197.32        0.06        0.05        0.02     839184127.18  484457055917.57    8174162115.97    597485532    695307305TrXVCLKjAPMUhqmJWRPoCbk                                     
19690503-193438FIN196921969040119690503    7714615156.40    4998633933.98        6.26        5.98        0.65     117692767.63  281203260207.78    1689725338.98    799068055    8361779130000000292
19690504-042826FIN196921969040119690504    3634006328.78    1099010937.70        4.24        3.84        0.30     443601171.28  478740421236.10    7319799234.09    259221127    2860487700000000252
19690504-130706FIN196921969040119690504    3426566998.50    1859497077.37        1.94        1.69        0.54     231111735.81  668712649100.91    1046828543.97    957341368   1099781994nuDRqCTsQiEWoOyEckxKDIQLKwAZxnQRPFUFujwPA                   
19690504-190844FIN196921969040119690504    3200535863.02     921432699.43        1.14        0.99        0.29     237275890.63  173886879446.33    8989002407.03    808181437    935243450SAFZEJLLiMLuOrGrCmR                                         
19690505-060158FIN196921969040119690505    7036143975.78    3549183373.67      252.21      242.09        0.50     244212636.76   62110653529.50    4730398384.50     14072510     14660348PrUOUrQLXqHHkOiKmPkdWAARpnrzHGeYEQPTiDsIqFQXlG              
19690505-114928FIN196921969040119690505    9801821816.60    5280534527.23      112.58       96.63        0.54      44427544.87  662450108282.68    6481373987.65     46905920     54645980DlfnLiIbMJekRudiSrqDMJWBDZQFLPbaDSGHFbZIAQnMPMBCoeSR        
19690505-121405FIN196921969040119690505    2477561743.09     312383264.34       31.53       28.79        0.13     282379451.47  480702260921.03      78836719.31      9908068     108515990000000224
19690505-211624FIN196921969040119690505    8090328020.17    3343919892.42        5.38        4.70        0.41     461420434.70  164333752841.45    2102989305.14    621104594    7108701140000000247
19690506-033114FIN196921969040119690506    7422509982.31    1699625744.25        2.27        2.23        0.23     901155748.78  165940886546.42    2449048667.10    748068029    7635558310000000199
19690506-060657FIN196921969040119690506    4047132614.61    2437491524.24        4.66        4.45        0.60     324484193.04  487963587241.96    8993757471.80    523422416    5478290180000000143
19690506-143719FIN196921969040119690506    9392924831.60    5263168927.61        8.07        7.38        0.56     903318370.24  664464085607.35    3939228080.51    652211466    7136196800000000233
19690506-201319FIN196921969040119690506     515899056.63      59238993.84        0.07        0.06        0.11     211513859.02  216848618751.48    4760909880.75    792752109    9148035850000000202
19690506-212422FIN196921969040119690506    6077321667.42    2723103609.29       99.40       99.34        0.45     762933511.52  493439806381.49    3661444432.67     27394048     274129290000000020
19690506-235727FIN196921969040119690506    1534160348.60     279039587.14        0.41        0.36        0.18     436465820.21  669357673330.26    1631498441.91    685492594    7663976740000000232
19690507-051159FIN196921969040119690507    7557601687.81     188885305.45        0.19        0.18        0.02     374952465.31  104843551329.20    7864826883.25    984918680   1044004664PMNYJnJMPCCmaADPAOFKyAxrSKTyUpAeDlVFBpxMZ                   
19690507-105401FIN196921969040119690507    4124048577.93    2283903467.37        3.66        3.55        0.55     265259684.39  308663165794.93    6719921628.75    624616467    643944204PGDBgEZqRneMoLzzQWIWKPqUm                                   
19690507-163934FIN196921969040119690507     801038073.68     216374614.04        0.46        0.38        0.27     590613543.17   92563111821.10    7232555020.47    471594591    564816813yRflLhHvroMJBNHcMIDiQuHspAHUTFVE                            
19690507-185519FIN196921969040119690507    3225721311.82    1328340632.93        2.55        2.13        0.41     821408254.83  888988396985.94    1474235290.80    521703485    623534192XUpSUBCBJLqqUFlWoUoPrnAQzteNTcLjiGVnpDUSIFDutaPB            
19690508-033509FIN196921969040119690508    6951443226.05    1333846188.22        1.41        1.33        0.19     200188443.63  697402639760.96    9510902459.76    948531759   1003013576QjsCxwxYPbSPeyOvSTBscDWJvWadN                               
19690508-082406FIN196921969040119690508    9973864313.07    3883387832.26        5.59        5.10        0.39     216840444.57   71822392783.48    4285821793.73    695025512    760816756FMIbTVLSSRMQCUKGxFaGyEAlUugrGxVwsPySJkUxGeISWqJDdocXoSJjKD  
19690508-173821FIN196921969040119690508       5213715.92       1459666.07        0.00        0.00        0.28     168574636.82  741304739417.75    2873461566.97    921104743    9327325380000000194
19690509-020215FIN196921969040119690509    4135421325.86     737658519.22        2.28        2.26        0.18     980066409.68  482890475822.88    2050211390.68    323308890    326683103JdiZrwJEdrNLNWXJNWGnBtLXQQoXwMqCLaWvEutBAc                  
19690509-085008FIN196921969040119690509    7401928541.42     219733590.09        0.50        0.43        0.03     964722097.17  674881622678.18     268540648.27    442759397    5116530470000000118
19690509-193051FIN196921969040119690509    9210085519.78    4770788689.05        8.18        6.89        0.52     880161243.44  347442057390.27    5546325929.06    583227348    6920047780000000167
19690510-022754FIN196921969040119690510    8037839360.16     347726491.55        0.78        0.66        0.04      36098425.40  308740942174.44    7143339751.94    445584353    5289491590000000239
19690510-133908FIN196921969040119690510    4470650223.81    1524976593.63        3.15        2.68        0.34     421253984.23  469890977016.96    9203859744.57    484342422    5683004180000000005
19690510-165939FIN196921969040119690510     605403325.72     292513683.06        0.52        0.46        0.48     843892730.72  295389888048.52    1271839684.00    565327631    633591441CPbjomnFaRefNvPPeEHDjAzPjOyYJWrUltlm                        
19690511-031051FIN196921969040119690511    7722330290.71    2308106109.13        3.01        2.87        0.30     792091655.14  859472607515.20    5276158229.84    766366273    8048495960000000298
19690511-141219FIN196921969040119690511    2835682193.26     712385075.58        0.80        0.77        0.25     968837863.45  590573615470.17    5465747673.90    892847093    9246252440000000192
19690511-201123FIN196921969040119690511    3200261491.55    1994306911.54       47.65       40.94        0.62     348126109.60  394879443688.95    1972093873.88     41854825     48713804WVTbnEYAjlAgSBOTMJsdVAtWl                                   
19690512-050400FIN196921969040119690512    1378396364.32     184199480.74        0.19        0.17        0.13     984237303.96  568741002218.69    6833506650.06    973175145   10707190480000000161
19690512-151813FIN196921969040119690512    9415338230.91    2936759383.11       20.27       19.43        0.31     422687110.80  238996892846.52    6451863067.69    144872291    1511713110000000092
19690512-190218FIN196921969040119690512    6351532271.39    4100080763.54        5.31        4.74        0.65     683766090.51  698193548459.44    8316855017.20    772248618    8650750260000000087
19690512-220506FIN196921969040119690512    8446503900.38    3058289534.88        5.74        4.90        0.36     602232044.22  665230023886.80    9507936309.70    532953160    624325895OnJrrBFjnUTCGXLHESAmVOWIRxjOtVtdOCQstAAYLQLkb               
19690513-073711FIN196921969040119690513    2843318466.42     777777268.67        2.07        2.03        0.27     962627249.53  155033172058.22    4942859183.12    374923108    3835271250000000131
19690513-113929FIN196921969040119690513    4700711092.35     171352123.73        0.20        0.18        0.04     983672605.69    2759700232.33    7026736018.47    845028398    946699726RwtSHFXowzSPdPZqCmJ                                         
19690513-153913FIN196921969040119690513     601049481.17     113518362.51        0.12        0.12        0.19     425348720.89  451605026858.81    7681230359.30    960697087    9841627520000000203
19690513-215628FIN196921969040119690513    5840431320.16    2421849422.27        5.52        5.14        0.41     934007151.88  877341899759.42    6469031403.03    438447367    4713867340000000002
19690514-070931FIN196921969040119690514    8747343824.51    1781862727.38        6.06        5.27        0.20     552580697.97  991996230880.45    2964822972.43    294235069    338028462nFkXCFIQQcAPOHRuYtieKkGSZpAdCmvxWPuheWUSLiFkN               
19690514-141255FIN196921969040119690514    7287040633.19    2448953370.75        3.44        2.89        0.34      15571260.67  881212094653.81    2883219153.91    712308222    847084885MWSRfqgCEKzAryF                                             
19690514-190954FIN196921969040119690514    4905063995.33    2933420891.95        5.05        5.03        0.60     720069007.60  509792644989.01    5138000079.11    581207291    5834741970000000229
19690515-055125FIN196921969040119690515    9782831448.91    3620697063.10        4.17        3.68        0.37     340902974.25  351631718889.70    5724486001.17    868824277    985118971FzuWHOjbJtAqdPBDUNBDPCVgzDJCICRWjGanExYIla                  
19690515-062310FIN196921969040119690515    6626900617.26    1501242454.33        1.89        1.87        0.23     683710176.15  469948164007.60    8511917685.35    794298183    8041272660000000038
19690515-153840FIN196921969040119690515     280428352.67     167652858.72        7.34        6.39        0.60     731369037.78  941161575180.59    3482277663.09     22834136     26236037wQrvCKRaDVSIIKjKecurCvLTBDTjUkp                             
19690516-023749FIN196921969040119690516    9218463183.83    3357465072.00        5.89        5.55        0.36     604409648.96  905944312598.54    2918526462.47    569932179    6051344180000000077
19690516-123636FIN196921969040119690516    6531747063.19    4322195496.24        7.34        6.28        0.66     847071985.53  141498811082.89    3128465132.16    588699092    687888744caOaabgKJQaXSZiUGJIHBtXLntUfKAkQvMDyj                       
19690516-172007FIN196921969040119690516    3251033614.25     484391910.99        0.76        0.70        0.15     167039199.06  223207644409.59    7095382751.46    635027917    6872763050000000128
19690516-232711FIN196921969040119690516    8725702591.34    5062671995.66      274.54      234.03        0.58     647634062.42  168546448618.87     715682066.55     18440875     216326610000000237
19690516-234306FIN196921969040119690516    8143569805.86     938517701.76        1.20        1.09        0.12     266513148.54  712093995922.66    4256439774.25    784457638    8574077890000000290
19690517-001708FIN196921969040119690517    1575113235.52     744888753.93       11.87        9.89        0.47     572189110.81  986916596800.37    2941835165.70     62774267     75289669cqtTGgpJBEDkrCnFLcqRTyAJtjnUsNgLLZTNKgTGaVWy                
19690517-033052FIN196921969040119690517    1938970946.82    1199738859.47        1.38        1.20        0.62     531804730.95  197689872949.20    6015791036.69    869646208    997578540MJOKmcrjnDCVkCwkujWhFZN                                     
19690517-080936FIN196921969040119690517    2633182564.16     629726962.48        1.17        1.01        0.24     921348594.21  363599669928.24    4540064694.83    536908469    6244093470000000007
19690517-140238FIN196921969040119690517    1252068774.54     683912271.72        0.85        0.81        0.55     729551837.78  667046033785.80    2938515052.64    803336518    840026409PGqAyQmapxLimPeECtNpWH                                      
19690517-230520FIN196921969040119690517    8915926649.54    5759655126.05       21.80       20.21        0.65     640475131.70  660542629316.18    3257043419.35    264216983    284929811QFRbFMIOhFIvNDHHKUIHIwUDsyiGpkDUVMQO                        
19690518-035848FIN196921969040119690518     984421578.03     251069425.86        0.38        0.35        0.26     871596152.99  582207440482.12    3480280895.26    666674247    714358141LpHQgrpKyRzkYsIEOwvIcIJDTztJOzZQICONVCOpEGRKSuVXlwSnvXUqd   
19690518-035914FIN196921969040119690518    7651619432.92    1636564652.70        1.76        1.61        0.21     970095786.64  109590011893.09    1956753149.72    927404974   1015961317kJTVsPPMjDHFLxKm                                            
19690518-085356FIN196921969040119690518    3959957303.56    1361965699.54        2.17        2.03        0.34     917128461.59  429315422066.26    6369773198.69    628135053    669604433jxaIsXvoqNCAPUhTBPHOyhJcQP                                  
19690518-174158FIN196921969040119690518    3174222550.28     504115313.58        0.55        0.53        0.16       2340202.31  811048752820.23    3805473878.53    919676024    948019971OHEmalBUVhTTeaTVKPRTjiMkfUHxdcHdcwwIZnOwJikM                
19690518-184001FIN196921969040119690518     251509009.26      69980206.90        0.11        0.10        0.28     885753933.93  972746748858.47     656257733.83    664406149    7117643230000000093
19690519-044738FIN196921969040119690519    7329946457.41    4254447285.34       13.74       12.28        0.58     697672366.35  698289140507.52    1656380662.13    309624025    3464469060000000317
19690519-060913FIN196921969040119690519    9037426496.61    5167480858.36       38.96       35.52        0.57     504976649.11  741658543265.42    7864180039.25    132651951    1454968010000000139
19690519-125722FIN196921969040119690519    1009035734.10     193565408.70        0.25        0.23        0.19     750152711.09  798925580390.53    6268851626.66    761887459    8438680430000000111
19690519-144138FIN196921969040119690519     991476547.35     452150955.97        5.28        4.76        0.46     734386204.42  554255332646.69    5788994332.09     85690377     95023037GCuinPDvwNejloIRTkgEypWMqgYu                                
19690520-000231FIN196921969040119690520    1644574672.88     649005896.07       10.12        8.80        0.39     651510084.30  907357950902.14    9770922393.19     64101850     737444900000000004
19690520-064626FIN196921969040119690520    6427075210.24    2794780563.85        3.73        3.25        0.43     640054985.61  908936649333.80    7999498268.54    750229340    858903206zAAnRrPwUWnCFUMVL                                           
19690520-155619FIN196921969040119690520    4714123759.59     121631316.58        1.00        0.87        0.03     249102544.91  735209081116.25    4051341320.00    121439201    1400292480000000280
19690520-171258FIN196921969040119690520    7839561562.24    3882299276.24       14.63       13.19        0.50     548716268.25  492293772959.00    1879334086.63    265361050    294355130jlkBZXPcVEbEkvquHcRWHHHVGNQxJWnBWpCCCKENWGMjHFABR           
19690520-225546FIN196921969040119690520    9675943608.22    6443877793.57       15.10       12.67        0.67     410582957.00  175691501146.10     364196325.85    426746363    5084383350000000204
19690520-235323FIN196921969040119690520    1152237659.05     710567270.59        2.84        2.53        0.62     735452375.78  134327867112.87    6848223292.59    250426162    2813389300000000141
19690521-015606FIN196921969040119690521    8387573600.08    5574653664.81        9.06        8.55        0.66     921128185.50  941993247481.14    8640071306.54    615594941    652097586wfMNkEgHZLLGnMfSMNwnv                                       
19690521-114941FIN196921969040119690521    6548422815.93    1372410769.08        2.29        1.94        0.21      81418728.26  390026838426.09    2527052844.93    599140230    7080035960000000090
19690521-161621FIN196921969040119690521    2605624687.87      22187874.11        0.04        0.03        0.01     460030784.90  579343746899.92    6196197844.87    593183439    6406700960000000062
19690521-203932FIN196921969040119690521    1562682993.87     141427373.14        0.36        0.31        0.09      15031096.50  167769437897.00    3379824214.53    392672718    4511291740000000136
19690522-023434FIN196921969040119690522    4544701842.20    1382288259.37        1.61        1.35        0.30     570373399.53  565087249582.47    6411387698.54    855920194   10217696220000000108
19690522-121309FIN196921969040119690522    6715987343.56    3354171053.38        4.83        4.23        0.50     636709358.61  410649845393.86    1284010129.97    694157338    793000569sOinkIiTdaWTBlAuXFDL                                        
19690522-171449FIN196921969040119690522    7620535043.44    3747941409.28      107.36       89.67        0.49     926913673.04  100124689888.76    1203091655.33     34908534     41798598rIjKQBcuJJFJEHvMVNtVHWeJQexomKDiRtcXSLqgAxd                 
19690522-172959FIN196921969040119690522     628467047.03     138098228.75        0.52        0.46        0.22     221660719.05  792975178367.44    5941884097.23    264073999    2983972710000000041
19690523-030002FIN196921969040119690523    8642396981.32    3539117751.26        4.61        4.41        0.41     721741417.69  686683414354.78    4139178665.77    766975231    801933386DEHfUUzIhtZXgmgjjNRGVamTsNOUYxFB                            
19690523-095029FIN196921969040119690523    1277085230.42     286907124.82        0.64        0.57        0.22     766566803.26  426059925241.17    3017946042.75    447121027    507338901WyCTXCnMptryHhCwGFfCFMwhjCXqccIKE                           
19690523-184218FIN196921969040119690523     194985678.36      41732622.04        0.14        0.13        0.21      71536555.73  955291946422.85    9781989568.17    291033208    327012894ZMyMWAaoadYhYUETeJAUqAJhTRHVNsGEyXUstPsmmSDDlJphpBfMH       
19690523-233634FIN196921969040119690523    3944075481.64     607212376.96        1.11        0.93        0.15     480214087.95  521959228361.99    5985722496.42    546297486    6522319080000000277
19690524-015443FIN196921969040119690524    1631785162.98     688240502.15        1.21        1.06        0.42     294929365.46  213831612658.53    6998728472.78    569875954    646587274GCjVjJdHNLUhgQD                                             
19690524-053434FIN196921969040119690524    9240105640.72    6404067871.09       15.90       14.70        0.69     839520089.50  498554662253.77    8525775549.61    402791917    4355529990000000158
19690524-060213FIN196921969040119690524    4129377108.23     599191080.86        0.65        0.60        0.15     446598616.98  282097759786.29    3327989550.01    918531017   10062822830000000176
19690524-121856FIN196921969040119690524    2800149655.00     408217612.41        1.25        1.14        0.15     726668437.77  779609974475.42    7865081454.74    327607019    3566759600000000054
19690524-152134FIN196921969040119690524    1445905542.53       2538769.94        0.01        0.01        0.00     274256392.12  530091722447.89    9566118719.62    376702113    4232723250000000105
19690524-223649FIN196921969040119690524    1062835245.73     615424168.83        1.12        1.07        0.58     876817119.38  535204098893.36     214170011.46    547323681    573734772NFTuJAFIlmSrWNg                                             
19690525-095743FIN196921969040119690525    6441956038.99    3142064879.81        3.88        3.67        0.49       9036755.03  423221046731.81    5398138888.79    809024610    8558612180000000098
19690525-132851FIN196921969040119690525    2318487500.48     990733548.55        6.28        6.00        0.43     363462581.88  508715300003.77    6605372440.74    157651924    165147834PZRwCHSUPUWZCeALiQlrRSOSgPMyAMPEYmFkMkXiXeCQYbI             
19690525-201600FIN196921969040119690525    8116517633.94    5557194417.21       18.61       17.10        0.68     385406838.09  536337425793.74     597388162.11    298669091    325056367qzuJbEnLbLOlOtyvsWNfYJGAxriKRxn                             
19690526-035729FIN196921969040119690526    9517324269.59    6284864923.85        7.54        7.19        0.66     664754005.40  106452337820.12    1830892441.80    834003035    8744740780000000271
19690526-130951FIN196921969040119690526    8871648348.57    5966322039.89        7.83        7.37        0.67     404720039.15  457974351020.03    5534287662.00    762247454    809550617CdxTUdBhXtFuFIWUAJgQQbBCCyPDDJIUgsEXveWvNOjZPwOYqC          
19690526-191941FIN196921969040119690526     382059932.29     104156518.51        3.02        2.74        0.27     884776437.66  242172059053.93    4782277631.25     34469024     380465290000000205
19690526-214440FIN196921969040119690526    3871297714.96     801601669.87        3.25        2.98        0.21     112936767.42  192955800928.30    3653114712.35    246296163    2689624110000000107
19690526-234841FIN196921969040119690526    9402222548.24    4386108923.85       11.38        9.73        0.47      82529217.30  178404433361.14    4850011897.50    385325527    450755085bGFUwQXggAZypFjRCphMxBp                                     
19690527-080653FIN196921969040119690527    3890222576.12    1740991933.42        2.00        1.88        0.45     124164561.77  681007300617.44    4014875862.89    871031831    927079811vMkEAwzBRVKHYlXXICHbITBQiEsbfaGUxCi                         
19690527-190155FIN196921969040119690527      55296692.79      34991502.91        0.15        0.14        0.63     207179823.22  183998903241.37    8204707550.30    231762207    259057726vZBwOIPtecNjyUIYbxuDSByWKdehmvEaye                          
19690528-014708FIN196921969040119690528    8724571295.50    4815354139.45        5.77        5.57        0.55     596033714.24  388940965026.36    4961864564.95    834901289    863789140ReMpXiOzRLAKMUzTSaoXogmUnEOqKkaKJoLEKOGIHmVXx               
19690528-031750FIN196921969040119690528    4722465681.62     326200729.18        0.57        0.52        0.07     635962965.66  182719406907.55    8945110968.24    574963867    630993782rRUOtDMrYJJyXVuWMQpcxWklhjonfrKAyqNIkAVJ                    
19690528-122300FIN196921969040119690528    6839480301.92    1551253803.69        1.89        1.61        0.23     511270040.91  827269849756.34    4299802453.12    818947055    9663632840000000198
19690528-190013FIN196921969040119690528    2615384710.88     873422599.78        1.56        1.43        0.33     200836302.01   32611454689.83     837614205.72    558575203    609536238IoKUtGXZioegJCNViVxMypETfGzoFpFUrDxdifKVAIZXNIKfuTkc        
19690528-202946FIN196921969040119690528    5888327422.84    2230028224.66        2.71        2.56        0.38     463629919.36  582783660348.07    4140642313.85    823943934    8708670520000000008
19690529-042558FIN196921969040119690529    4123726963.81    1690550575.10        2.10        2.00        0.41     229750370.88  507489998177.64    4912618531.29    805029862    8457362640000000302
19690529-063011FIN196921969040119690529    7213093084.94    3588020700.95        8.32        7.07        0.50     415197835.81  903364765033.36    6802717660.51    431301866    507448761oGTJWTHXMhrLYCSFuDKKHZ                                      
19690529-145906FIN196921969040119690529     570181704.40     350119265.71        0.52        0.50        0.61     230231981.10  829951727327.95    2781152730.06    671145647    698143099VRCqMDchijxAuePBgjywAGgqrVRBEFpiTlAyRVbIdJsaEVtlYWHXc       
19690529-162103FIN196921969040119690529    3171849656.24     209879855.46        0.45        0.45        0.07     732586386.95  759085828986.30    9059016059.88    464898380    4655370170000000268
19690529-211604FIN196921969040119690529     335796289.06       9436667.44        0.02        0.02        0.03     934561260.92  347258619334.42    9743157304.17    409019235    412812539aoTgMQQOVPapOXWxUW                                          
19690530-024825FIN196921969040119690530    6299107540.12    3871439056.27        7.23        6.71        0.61     211049534.16  503562523428.36     348725223.84    535834278    5771143960000000148
19690530-124603FIN196921969040119690530    2083370541.91      45560192.52        0.07        0.07        0.02     356467406.03  191341423705.99    9352241229.68    623436804    6509782910000000258
19690530-133609FIN196921969040119690530    8278872597.05    3872252793.85        4.01        3.83        0.47     951600878.43   82797780201.23    8698802111.66    966392874   10105934400000000287
19690530-150841FIN196921969040119690530    7037789053.59    1600733766.39        3.86        3.48        0.23     780359711.11  825077930352.09     534481445.38    414232964    4599817390000000060
19690530-233741FIN196921969040119690530    1301912528.71     289746955.60        1.00        0.85        0.22     427414657.74  396691370556.83    4280627151.53    290257718    3419448730000000174
19690531-031653FIN196921969040119690531    4722723695.93     335394160.67        0.45        0.41        0.07     969571780.34  925546176575.00    6554408772.13    739946882    8169872030000000106
19690531-080426FIN196921969040119690531    7572090549.28    2223517609.91       21.02       20.19        0.29     324200129.34  387158058188.27    5124684296.76    105788495    1101048000000000078
19690531-090215FIN196921969040119690531    1818909438.03     228875446.50        0.24        0.22        0.13     760834020.43  667444631634.66    3073193341.93    955128519   1021276103XYBskXbBKdGkRvEStCHIPFqiJyXvXziEXjAwTvvfWRJc                
19690531-150538FIN196921969040119690531    4915040396.99    2703088210.65       32.13       30.94        0.55     717647858.36  555017284137.85    3527964139.37     84128918     873754580000000150
19690601-001444FIN196921969040119690601    1813697692.41     646446749.40        2.61        2.46        0.36     137013170.32  425328898271.85    9903470697.58    247994156    2630087700000000310
19690601-021352FIN196921969040119690601    9209134570.74    5299877963.79       19.92       17.46        0.58     286083379.72  804211914674.77    9547193263.57    266043922    3035835040000000099
19690601-082704FIN196921969040119690601    4870120257.52    3295999595.24       10.89        9.93        0.68     842007692.77  554265693350.48    6028339831.07    302794678    3318290700000000057
19690601-194031FIN196921969040119690601    3687844255.33     597062891.90        2.72        2.31        0.16     420800462.79  289944825002.63    2523947807.61    219631708    2583862490000000145
19690602-041352FIN196921969040119690602    5284030998.62    3634419448.89        7.65        7.34        0.69     960046078.99   50060250674.45    5119227541.06    475071014    494827280ckiUNgQJoXCMKRUxxaSwWjMaR                                   
19690602-060637FIN196921969040119690602     914210025.79       6148918.90        0.02        0.02        0.01     136927357.39  786653125760.52    6976835264.50    314211138    3169639670000000315
19690602-084327FIN196921969040119690602    8607120581.67    4438739582.64        4.79        4.67        0.52     416286037.70  512357563818.22    6408025711.64    926148524    9504628120000000230
19690602-150800FIN196921969040119690602    2569565459.99     435654196.53        2.15        1.85        0.17     882294562.90  580864100838.46     143779136.37    202825164    235341128HGWXWbILzcchjkkPJiLFhFtRiU                                  
19690602-182701FIN196921969040119690602    6282419258.69    1684871374.95        8.71        8.19        0.27     239811142.01  462581599888.08    4470344124.49    193443130    2056184030000000103
19690603-034514FIN196921969040119690603    4583799999.67    3047055133.14        3.45        2.90        0.66     557556472.70  949974398462.07    9317365790.25    883461501   10519107300000000211
19690603-055728FIN196921969040119690603    2903014753.91      36713091.56        0.10        0.09        0.01     631874263.76  277503867714.07    1496683546.74    361757423    423275830tXFpeJkYTDFcGYoVeQMjTEUJmwIQSTa                             
19690603-064558FIN196921969040119690603    8754440290.78    5025959055.61        7.22        6.08        0.57     688309821.76  811047150907.02    1078921285.61    696119151    8260458010000000147
19690603-081427FIN196921969040119690603     205148410.59      64179606.77        0.08        0.07        0.31     761244435.29  741752290000.81     996122739.49    777098545    862603939RAtXIperFfSBzTNkUHKANNBGDCfGgILLuOMHtQhR                    
19690603-175559FIN196921969040119690603    3564284704.35    2261321963.06        4.75        4.23        0.63     125348915.44  429948192670.15    9838529546.84    475941849    534380056HRPhstxkLDWAVdzSPsLXGJLcoFvDLVfcNWnxUMaagCQE                
19690603-215611FIN196921969040119690603    1967956343.56     472157904.95        1.04        0.98        0.24     916091847.98  982122874941.37     813292232.23    454956358    479984417PMgDpipjuKrTIpAxZtGGvOYns                                   
19690604-001410FIN196921969040119690604    9167773269.51    1988704014.99        2.42        2.06        0.22      62523549.01  731816879019.53     258702494.28    822358629    9648110840000000325
19690604-060323FIN196921969040119690604    4546619522.79     993729154.94        0.99        0.83        0.22     237013130.09  252240391300.61    2151628925.35    998986487   1193098901HoXPnLomKQvtWTYKNrIhTKpwlT                                  
19690604-152358FIN196921969040119690604    6749916920.24    4692887561.37       18.57       17.43        0.70      67486943.94  703999650460.12    2912553248.78    252685865    2691776080000000159
19690604-234031FIN196921969040119690604    8543958051.93      77334429.02        3.14        3.14        0.01     451812092.22  235221705785.85    8134845090.72     24612387     24622157CVRXvUkWOxdMcWRMhABiVpiKwSnFEzHzbbeQ                        
19690605-060630FIN196921969040119690605    1992541938.29     680874027.17        2.82        2.40        0.34     426763174.10  169596297278.88    1985973840.24    241814508    2837013890000000262
19690605-144512FIN196921969040119690605    8834674800.98     574215834.53        0.68        0.65        0.06     775470312.71  116656670246.53    1146194328.99    845847773    882799479YIRKwLLQQeChkPCwauUFaEPKDXlfppNrpJToPmkJUBKnARwrsCTgKPbkX   
19690605-144554FIN196921969040119690605    1386701654.62     669981144.47       21.24       18.48        0.48     675734129.80  719977925576.81    3292835056.32     31546709     362470200000000014
19690605-201453FIN196921969040119690605    6477591743.03     916978972.80        4.65        4.60        0.14     550660537.93    6131358521.38    5136481911.88    197053949    1995470600000000086
19690606-073444FIN196921969040119690606    8694462346.18    4519472949.06       38.39       32.45        0.52     820789968.19  486354505806.47     791339262.24    117732573    1392611700000000234
19690606-180605FIN196921969040119690606    5422540507.74    1860104727.94        2.93        2.86        0.34     292194242.62  827444061437.98    9519668444.87    634226060    651322596diqlqOsDpYaNQhSPBbXhMXocCDXEfNMfLDMDHOdpovsklTN             
19690606-210905FIN196921969040119690606    2936281480.50    1721220770.42        9.70        8.27        0.59     809102723.10  383675004059.42    2992217909.37    177375848    208157635SlPaNtGSguUSBkeCnLDlqiFOAPftmaQ                             
19690607-044923FIN196921969040119690607    8978538188.53    4712276290.35       21.47       18.78        0.52     552703078.96    5940036375.27    4761804652.47    219502067    2509161920000000251
19690607-070726FIN196921969040119690607    1446764032.56     880732695.21        1.08        0.94        0.61     874127088.57  513760400807.43    8707019400.91    813383622    9326706250000000050
19690607-085004FIN196921969040119690607    6238693179.35    4089334338.16        7.46        6.61        0.66     512204957.21  372767652311.56    3861433060.57    548218526    6185077710000000257
19690607-195540FIN196921969040119690607    2542137008.19     994867873.45        1.22        1.15        0.39     713329558.31  903126449388.91    3559306337.29    817893328    862135864BlzKUNpcdbxQGHwUAaQlIXGgyZmHnyRREOKBwpXvXwwWEOWiNJVMXWALS   
19690608-041121FIN196921969040119690608    4969373475.68    1145226499.24        3.14        2.75        0.23     655525394.41   32739031808.72    1522969697.39    365004254    4160014700000000146
19690608-074618FIN196921969040119690608     853248047.03     393842024.66        2.30        2.16        0.46     137606465.05  957275441002.68    2812185568.80    171394666    182619297zwqoWSVQjNxEZABesPNTsTeFMDMjahzJEGOmdWsrJGHpLMoVTECfyWEiP   
19690608-153100FIN196921969040119690608    5854316065.39    2956832041.46        4.40        4.10        0.51     453458208.81  414805863570.45    6869476395.32    671315771    7207999440000000243
19690608-180812FIN196921969040119690608    3238055592.76    1492559028.40        3.65        3.09        0.46     448463906.28   72437886575.54    5697380634.48    408413350    483750206WIFHmdYSMPHKWkoqPrQTYs                                      
19690609-051730FIN196921969040119690609    5380648706.74    3361286778.98        4.41        4.36        0.62      31146480.87  584716767011.17     383793252.05    761403864    771599904SARaVdhCPJMJsywIVYxVIGlKpQOYSWlUyJJWA                       
19690609-121520FIN196921969040119690609    6738270998.73    3670706426.56       16.58       15.65        0.54     374843108.93  946710079568.87    7851618202.66    221386987    2344846590000000104
19690609-184028FIN196921969040119690609    6507261816.10    2668901235.22        6.35        5.32        0.41     159569687.13  633766811764.74    3800435300.08    419985698    5015485560000000076
19690609-203237FIN196921969040119690609    9687160876.32    5511815831.17       20.52       17.72        0.57      29992397.55  778764892798.14    5473377055.99    268542688    311075605AToJyVSeyYfppHUShGWU                                        
19690609-205953FIN196921969040119690609    8527203176.08    3089092890.78        5.20        4.47        0.36      74886100.54  833565308165.85    7724432932.00    593572209    6918029300000000195
19690610-062622FIN196921969040119690610     794336747.09     450870076.31        0.70        0.68        0.57     816173645.33  218698551855.01     617649947.33    646903108    6605681600000000120
19690610-110345FIN196921969040119690610    4731677152.72    1649050192.27        4.70        4.42        0.35      95473369.24  495657772905.43    4761174359.60    350652858    3734625900000000190
19690610-222628FIN196921969040119690610    5796806604.79    2483411102.70        6.72        6.61        0.43     983761809.90  148714802396.26    5341830946.47    369538310    3758266650000000285
19690611-051328FIN196921969040119690611    4509563417.16    2908090140.64        3.16        2.76        0.64     163519365.52  595237372787.51    6820481419.98    921491559   10545382490000000027
19690611-161545FIN196921969040119690611    1184078164.89     153878386.44       54.13       54.07        0.13     905619467.97  201343711827.47      20634156.71      2842698      28460530000000115
19690611-214110FIN196921969040119690611    9275278036.03    1599402490.98        2.09        1.79        0.17     463587955.23  292364073556.58     508869150.58    766052889    892625049TGjXhGpvuCeVQjDczEHLXlFWuRNEVWzDFgzLogzEs                   
19690612-055441FIN196921969040119690612    8080532416.10    1307923054.46        1.89        1.63        0.16     804144647.54  509333775018.42    9627811183.10    690958925    8045670830000000160
19690612-134535FIN196921969040119690612    5445828829.36    1229159068.11        1.71        1.43        0.23     390266159.66   96782285350.19    3356213498.89    719764667    8591560020000000081
19690612-150434FIN196921969040119690612    7734039681.61    1674018689.29        3.65        3.21        0.22       4838988.59  979314879745.46    9531618159.62    459220781    521643646PnTWflZzXKMFUzFAa                                           
19690612-204551FIN196921969040119690612     465683444.99     145888118.58        0.64        0.54        0.31     364883687.12  191834466660.42    4189174228.08    226836529    2714125570000000188
19690613-054725FIN196921969040119690613    4131063355.53     155159739.49        1.68        1.45        0.04     257031379.27  797072029122.39    9539647576.29     92474917    107162926LoSyvUwXvGnKexKhSbbtArGnpUcArarLDzSDOEMMZBwKPwRuADFxSFJ     
19690613-080624FIN196921969040119690613     477018209.69      62024053.64        0.08        0.08        0.13     255379595.33  540412756605.79     636293752.19    752663671    810175756MDjVavoVSMeRlCAiXqmFZzvARFaNTAslRoYCUeWRGOXU                
19690613-092217FIN196921969040119690613    6230973132.93    2346177222.19        3.19        2.70        0.38     551251770.95  682377276334.55    6408530980.33    734551997    867443471qTWHBOgEuGnUTcpDWXPStEWt                                    
19690613-100230FIN196921969040119690613    6439772948.61    2532611819.35        7.50        7.25        0.39     839258115.28  535882599843.52    1987392798.54    337683750    349492640FTdnKnXaMJFAYPMbDwkeJWXaRWJUQxtKKejCzvGmFmE                 
19690613-181717FIN196921969040119690613    7013719862.04    1352622774.88        1.97        1.67        0.19     161211272.55  843627793628.55    3298513354.59    685596450    811430375gDqcCBxupXLOeBnjyoDuJKKpXXazMTBejzLaoxVkzpfVHbeQYNnEL       
19690614-023203FIN196921969040119690614    1342095083.76      25861802.08        0.03        0.02        0.02     350309506.60  726646786962.27    8118415305.46    988858478   1038036323ZhIdRbKPWAgVuLWwGjiSzfUwYjCcbBxBFSBRUTWUrlOaeUrUYxllZN      
19690614-124330FIN196921969040119690614    2596879687.91     509895621.21        4.55        4.52        0.20     442857845.49  596164256272.07    2391445457.09    112148598    112714793NrrqCXruCLCAVkwSEhvrBGgjRydDVQjOxy                          
19690614-134819FIN196921969040119690614    9499334903.56    2870775908.55       99.94       87.16        0.30      97056685.25  449490272518.67    5877930597.49     28724324     329353490000000255
19690614-175001FIN196921969040119690614    4850912979.30    3283037411.00        4.58        4.10        0.68     508776646.13  871178338010.23    9937208271.55    717056411    8008270380000000068
19690614-212647FIN196921969040119690614    1078761230.26     121610590.29        0.47        0.41        0.11     898523118.93  795190270569.10    2352433469.86    258388376    2983413980000000046
19690615-055902FIN196921969040119690615    5259594673.57     536276906.37        0.65        0.60        0.10      18757515.06  933517826674.38    2631055092.55    818963137    8932555700000000214
19690615-170437FIN196921969040119690615    2151735454.98    1164473864.38        3.28        2.82        0.54      18575415.64  245115639638.17    9793541996.83    355315461    4123469200000000244
19690615-223209FIN196921969040119690615    8930521895.60    5183333821.44        8.94        8.27        0.58     650530753.92  257979270700.18    9157979619.85    580086587    6268796770000000069
19690615-224156FIN196921969040119690615     748326046.11     317708041.82        1.14        1.05        0.42      38267018.51  438074148769.24    8078086359.58    279334118    3031847870000000308
19690616-001903FIN196921969040119690616    7183810393.18    4284188827.46       15.92       13.65        0.60      61537886.42  834514152623.59    6746492772.69    269107547    313955326caTSWZAZArGJdoyLThaWQbFTpAgqCWU                             
19690616-074711FIN196921969040119690616    6793476408.08    3607199152.75       21.24       18.45        0.53     529325327.84  603927419962.61    4556295514.84    169836655    195485861XPYWwREHirMADmROBXocGdqVwGpRbYAxjALISGHgWvZCVIyLoOVQDVLf    
19690616-095826SECAAAAAAAAAAAAARAPREF_AACTVpUFMKKdfKYIibvwQot                                                    AMEX  767666416    1873100319591106        1.620000000039
19690616-134240SECAAAAAAAAAAAAAQJCOMMONACTVJSELMQyCbWTRaxoSrixJoSOYJCKBmmPHLm                                    NASDAQ738629673    1900122918541004        2.920000000124
19690616-195941SECAAAAAAAAAAAAARFCOMMONACTVt ZOSICEGOVOoHmJDAMPEoW                                               NYSE  351622223    1908060319250226        1.970000000315
19690617-034504CMPxHAshUOACPEIXQGSEPRASoYOOpaOcbrdzQX                         0000000349ACTVCGBB  1932072410947 Ardmore Rue                                                                                                                                               55112       Chula Vista              Prince Edward IslandUnited States of AmericaHasse                                         DJNXssgVafm KDWCAIfSqQyGKZ rZCFMQVUVuKJ OpWVgX VRLEaA HVoxiKIrNBHKznKqZSkZpCECMFPFRPFjIvHFjzFvcYmKF qxnWqVBbPuvarGWCAX                                
19690617-132704SECAAAAAAAAAAAAAQOPREF_AACTVLwUgHSRzNhyMHkDl                                                      PCX   906827832    1912031819341226        0.27zZCyFkqieiPsUGvBJwvhXNW                                     
19690617-164106CMPJGLhIVFFmpWiBIJEVYOLKYeReTeVsH                              0000000348ACTVSBA-  191604052856 Courtland East                                                                                                                                             70160       Rochester                MD                  Canada                  Petersen                                      qzrYuUClnTEOuJiu                                                                                                                                      
19690617-165454SECAAAAAAAAAAAAARKCOMMONACTVDqiATofPxgtGpekxcrgWdknQwdxLehskpVhJIRBdAjJRxIzl                      NASDAQ960725618    1870022619101029        1.41NAYgyJWLYJBEBsHyewWRGxACUqRMXHbFXaWCEBYtC                   
19690618-030642SECAAAAAAAAAAAAAQTCOMMONACTVFBIyczAPMzdEQBRiDEKLYtZAKHTpWDUb                                      PCX   591231862    1950031218550512        1.54tXFpeJkYTDFcGYoVeQMjTEUJmwIQSTa                             
19690618-073334SECAAAAAAAAAAAAAEBCOMMONACTVAhnYnXflOFyMAkZjdusmzqlGcUFpBHamxQwAJf                                NASDAQ278006249    1860060419520409        1.87CNImJfRWPVAdRMNOAHXqBPWKNONdSeZUekvQmYGksPKaFMtxEDxSf       
19690618-075226SECAAAAAAAAAAAAAQYCOMMONACTVg AXqAbGKfmdvONNdchBAUdfJ zDB gFSObgGOUgLmHQMDDuPdpSOBVBFr            AMEX  651251489    1920080818970519        1.810000000042
19690618-155630CMPKwVNJfgXMOzRQvoBEDWoTVZRmSRhwER                             0000000347ACTVEICCC-1926090312756 Weyland South                                                                                                                                             80069       San Francisco            TX                  United States of AmericaVajda                                          FqTGkDJpJAJwWpftFjYKLQSSNVOQOzxJDUyRAn                                                                                                               
19690619-012902CMPYWLqYLSLlEXHPDkXrHAfKLXWBCvAiQAZuQbk                        0000000346ACTVARA-  1923102411529 Arcana Boulevard                                                                                                                                          36124       Worcester                LA                                          Wight                                         SaQRdJlfvVKVxOhCBtLCEOJEEekeSHQOzOzFMDGNmNejbXCcspEljqiSZPedg                                                                                         
19690619-080047SECAAAAAAAAAAAAAQHCOMMONACTVdiCwVGJFdHMyiIPPMJmapxBFN LIgAKuhjZTXbHN ELz                          NASDAQ222421842    1949100818990321        2.74vdHVNrdOsIrMwKVkVqSWHZdImDBjZqUdrAJUzFOPrUum                
19690619-115316SECAAAAAAAAAAAAARDCOMMONACTVnnxAqhksRj                                                            AMEX  824818587    1960060618820508        0.45EFRGQVNkQlrMBfrFQgzyFSvIGoSmPcPULRqbXjpBElOnGvzHZPaBQRlsvgyc
19690619-155840SECAAAAAAAAAAAAAQMCOMMONACTVOjueoBIMBIIwqKNVa                                                     AMEX  32261591     1963051619000308        2.83OlslxTufUjgVqUKlDwLYJDtrIxgvIYycycdzidIpeTImioCYDZ          
19690619-220904SECAAAAAAAAAAAAARIPREF_AACTVKQvabgJPGdfLxbRCJTbYGCJRTVUPAXKffsULBwSloIeloUHSloiPDSrvqELEwVLEDS    PCX   872286182    1965042319210620        1.17jnhGOQaSGPLzBRc                                             
19690620-022246CMPGmZmXygQANmzQPFzrGKCWNwJ                                    0000000345ACTVOSAA- 1897071718326 Rampart South                                                             Apt. 453                                                                        94329       Shreveport               ME                  United States of AmericaFosnough                                      WJADbGPpECLQlRYlomWEpQmFjbXlFVoQaWZSNluQwSNBeLoiklRggTRhehxLhfBgFCQEadKxIJycD                                                                         
19690620-025806CMPEnwgHcdiXRBMxTzYCpQyICJfOGUgXL                              0000000344ACTVRACCC+1897122424059 Meadow Haven Lower                                                                                                                                        55167       Jacksonville             ME                  United States of AmericaMansel                                        okijgLGAfxAoHdSuqgPImIYiVPDPvSNvEsrgfuZwMSQC                                                                                                          
19690620-083216CMPNbDMWxcROSXSodGdPvAKCwXDpUKKKIjczvAwHITcgnXTnDLzBJOObCmbWVs 0000000343ACTVRMQIs 187408252916 Throckmorton South                                                                                                                                         V6B 1Q3     Montpelier               CT                  United States of AmericaLuttman                                       MBFVEnIVeTZSSAsBDzfvjBahaVCIPzhyJCTSKeRlDQuwekNHgcCZLKHi FYYAGyEQaMNoplfEAkRKvsNTYcEX                                                                 
19690620-194256SECAAAAAAAAAAAAAQRPREF_BACTVOhLCFEKxUsZpbNmJHNWZOMb                                               NYSE  454919639    1892120418891221        0.790000000229
19690621-000612CMPgGvMCploVMXroEyniWDMNChkFnCbBWpOCNGCrmJDKChdMkObUOT         0000000342ACTVTHZEO 189106242333 Bellwood Boulevard                                                                                                                                         67225       Topeka                   AR                  United States of AmericaDennin                                        qpAsOxKWajUROTVaoUkhhT VHZAuLaWlELF HVLIqUChKJTlhhRChoTbqhqVrPTnIfpQzmZiqaMkSRDJBAOPmJsRCEnMONNcOQCicamEuomaCxnHxpYRCSrIIETzA                         
19690621-111551CMPJFRdWdFYsFDTCPoQzEXCHdNwkZTYTUWXrhEaiFzHmtwGIVXnCCLBrxzWW   0000000341ACTVCMBB  1966073124383 Coventry North                                                                                                                                            94132       Orlando                  SD                  United States of AmericaDerose                                        dWoYZProcgfMaEmiNqIQaARAeg aEVGoKYqCVPzgrFrJRHckOUTiVbL                                                                                               
19690621-150250SECAAAAAAAAAAAAARNCOMMONACTVNGiMxdNOxSgrEpsHMhZzhTxfbxwPkeaCZQHOBzZbtPxVCvPaJqvTmEC               NASDAQ125444859    1874112218740305        0.19GCuinPDvwNejloIRTkgEypWMqgYu                                
19690622-004108SECAAAAAAAAAAAAAQWCOMMONACTVsOP LGWXeLcKgbAaib                                                    PCX   27788598     1949070319410811        1.25vJmBBBZGBoQKoEDjOJZUbGrZmZsTgDV                             
19690622-070933CMPRcPfMBRgQmrkLFYRC                                           0000000340ACTVRAC   1889030813766 Holly Crescent                                                                                                                                            75231       North Las Vegas          DC                  United States of AmericaCascio                                        gYAxVVLUrPkKT qFlISoAdJERtRGOiGZG hhVYOeJHEtVMLGnuxlmQVLDyHSNDwvRjJxQBneBFHVAfxsgDcPXyFGYGCnEN NCMFchXYTSbJlhxIFOfdbimKCKbyLvMGURmeLnPoJ              
19690622-151159CMPRwDdOQawriJjAMDIgXtIjXv                                     0000000339ACTVFRD   1935040916787 Broad Drive                                                                                                                                               22208       Houston                  New Brunswick       United States of AmericaInaba                                         fMaPTtedYbKTAmonf                                                                                                                                     
19690622-165214SECAAAAAAAAAAAAAQFPREF_AACTVxepkaDxVvSisPSSPM nxHLruDhGUTTJRELQtXQpjTBzbTSctPKiLfPMRDnyNRX        PCX   533844273    1883010619500603        0.920000000307
19690622-173537SECAAAAAAAAAAAAARBCOMMONACTVFzURClkCAVBDNoMREIuPicUtNojvzRQAkVnguEBphKTtnXvxLS                    PCX   694013065    1936061418910403        2.500000000067
19690622-205723SECAAAAAAAAAAAAAQKCOMMONACTVjhYBcEs hSRsMKcNclKWwVbknfRqvMJTTchAsXFGEPrhGSFzMlNPvb                PCX   550163266    1858021718511225        2.420000000118
19690622-224653SECAAAAAAAAAAAAARGPREF_AACTVLShsHddGxLUDpVNCRfcGwLAQIGCmMk                                        PCX   22860027     1885051619580820        0.26LHnMREWDjDZXCkckgXuhzTJDNNEVGYI                             
19690623-032007SECAAAAAAAAAAAAAQPCOMMONACTVizKtaCZANcmKJ                                                         NASDAQ994493026    1911022519580131        1.50FTdnKnXaMJFAYPMbDwkeJWXaRWJUQxtKKejCzvGmFmE                 
19690623-054005SECAAAAAAAAAAAAARLPREF_AACTVreROkMBDwKgbkTZjuhEPuEReukGeHCDtPGHJUNmNGxirb                         PCX   888507776    1913122118980623        2.27jRhDJJDxLPxUEMMpdhzdZNqRVTuzMCrlMcwMsdHNvIEBwDfErPG         
19690623-112338SECAAAAAAAAAAAAAQUCOMMONACTVLMNIeOOLIbcAGMAZUp iFezyHwhgfkO MDDelYJcjFYKtjjAEcTgMSPXFK            PCX   291173956    1920032919441216        1.26NSYnuORxQIWEOLTFSNDHCLlDKVJAUrTORPSPQpUczVTSRsozuKFRUHPDR   
19690623-185947SECAAAAAAAAAAAAANKPREF_AINACwRfhLxLUIQL SGdrBZgzhuIBVEtkFRsvXXlZnCkmAQXtHUkFORzcthYypPdBEUEaNFF   PCX   180698411    1883122019631206        0.780000000100
19690624-043426CMPtpXGDVutYVESGIWKBfEURoLIulpSxkOV                            0000000338ACTVCOB-  195602218357 Buckeye West                                                                                                                                               78258       Tempe                    New Brunswick       United States of AmericaHeiberger                                     nmyjxWoNvwNxzzQUDgmldVTcOBOEr dk                                                                                                                      
19690624-154531CMPITZITeyHkebFtCdXJHunTuAWadES                                0000000337ACTVOWgO  1879071310033 Lake Upper                                                                                                                                                33708       Macon                    Saskatchewan        United States of AmericaHartis                                        GJ XmPoTlUogeoUwUSropXPOCHSWLBZsHLsXGHlR hYAHWRNCdAngeSshLRyBmINa QRnWPwthQzbpLpVaz OeXI qoNgbKNxsITvYfNKKzXMVgAjEmHttQHysFMnvnQknGVDRKpidMhnWGPex    
19690624-190614CMPcsejoCIUKTEXNYZXCRlrzuNmJwDRREJLHpmMozGg                    0000000336ACTVHIC   195204149540 Kingsbridge Avenue                                                                                                                                         T5D 1J3     Denver                   IA                  United States of AmericaCarlacci                                      XTnKOcBKCtgDKZkEEZCORQHJHDZlhlhaPqVlNNuUFnykaOTwIKKJRSrcKhtAOQA                                                                                       
19690625-032213CMPEYllRxPXJcPChIzmTDNCKoHGIGBKowwyGR                          0000000335ACTVCNCC  193305311364 Summer Rue                                                                                                                                                 72218       Bakersfield              IA                  United States of AmericaGrippe                                        mDAavYbGFJzVlNERsqEMQO sWFNiMhNL                                                                                                                      
19690625-085513SECAAAAAAAAAAAAAQZCOMMONACTVrLosBYXbskE EnseqINbuzHdUcbEHolqIjvFk                                 AMEX  228982500    1910100319260112        0.13rqMbvwSCBGYCGMEPKQeELcTKYUzuwRMWTqYPIirIgRbOCStxEXLeiAEZJCb 
19690625-194254CMPKrHNuQNtYaBAPKSAAhBVSEqYXXJuyPIQYtZnI                       0000000334ACTVRBBGL 1936050223261 Long Way                                                                                                                                                  10154       Lubbock                  OH                  United States of AmericaMonsalve                                      XIZjNooOzCt khdbkkFHPDOjEXAYZmXOqkZLLJBSBuXGxp fIfJTjmtawO HhgCpNzbpuaTNNBTdZavezZvUNXMIscQUMsVnpqXQIKQJXjpCexvyKikAIPnQ                              
19690625-201548SECAAAAAAAAAAAAAQICOMMONACTVtyxFDbAeOOvrOZBQRwmWUnbSMRKKfGQPzEwhIHOeDutyAiwdomYlCUMpOgdtziAINJ    NYSE  432286699    1918060819220515        0.34TenznxCxDNREeghHodWME                                       
19690626-070622SECAAAAAAAAAAAAARECOMMONACTVONYKTWjvKoIT                                                          NYSE  680533322    1930071218670524        2.450000000254
19690626-121013CMPWcDdXfIfDLkGejoiKMrFtAQzgBcBEwOEIHCbZPNMJudWbAF             0000000333ACTVSCD   1905051924585 Baker Lower                                                                                                                                               M5D 1V1     Saskatoon                DC                  Canada                  Ellerby                                       cE gzUzXyifIVRkTJKMPELQULhrENJaxVgNcNDBKOEIkHCMAuGniKmPMDlMwmq CKfIGRVHR                                                                              
19690626-125244SECAAAAAAAAAAAAAQNCOMMONACTVxjBVmpBBVWfTlKVrzLpfHmzsvwAbE                                         NYSE  558164516    1952060518980818        2.40kAUQPlOAdjsIdNMNjMoH                                        
19690626-143347CMPdsgxDSwlYNGApEnAtaTjCaLLcctF                                0000000332ACTVMTW   1862091520177 Dunwoody East                                                             Apt. 990                                                                        E7O 1H5     Hilo                     Ontario             United States of AmericaSalveson                                      NdnHDhBWEJIIGCKSZIUESUghv eiVBBmcERBkBF CrRTmmECb FFqPSwtvOWOxuMIOIvQcMNuMEWLTTCRvAtHGCSFpXlJGILpHJAVfBAiIfVgMLtOhFzGPNsRrOKoyTMNtmLHRIUs             
19690626-183547CMPRVWuMRKVUQLudYeZjcLEotlUNxbFtYwiiVvOnfzNUXLRWgiuDJEa        0000000331ACTVRMAA+ 196506263556 Kerry Avenue                                                                                                                                               E7N 1K9     Kansas City              SD                  United States of AmericaKolding                                       CqSUGRBfFTxTvtJLeIcVjnXgyAPRNNfGnTxaAETEuAqUexTqQQfS                                                                                                  
19690626-185551SECAAAAAAAAAAAAARJCOMMONACTVPZJXofvHOotpTuyuSZoRvwDAzKDL                                          NASDAQ181043704    1877090319190425        0.070000000188
19690627-050546SECAAAAAAAAAAAAAQSCOMMONACTVAnktRHD sZZHMXClJRhaWFE J fMUPlOLXdXTZL                               AMEX  917065483    1909061418920408        2.69gIOONPxnQUwBdFNEMLBUXdUbFPDWDVOVnWIIMRpOMbaMGipmCAICpjncsHs 
19690627-091128SECAAAAAAAAAAAAAROCOMMONACTVPhkOJdiMxvKCRBRdqTtOTShEojEGNbfu                                      PCX   315643541    1950012119120812        1.770000000050
19690627-105533SECAAAAAAAAAAAAAQXPREF_AACTVNvmQOQCDPDyYclcGIpdbeSmBz YBIWUhpkVMFDHQqVx                           AMEX  498408190    1913072919060807        1.83ZhIdRbKPWAgVuLWwGjiSzfUwYjCcbBxBFSBRUTWUrlOaeUrUYxllZN      
19690627-163237CMPGqsmDVZDNDkRHWqmIQGGbWWZPLqKMAF                             0000000330ACTVIPBB+ 188509177740 Royalton Road                                                                                                                                              90308       Albuquerque              AK                  United States of AmericaWalker                                        scKeAqdREDWHWNcIsyyJUEygRHbkoLSUHXmaYFuBunjhjroiEeLNRIEfPtOIuDJgpIzdSdEBXVLJzHPbNQxqmLsDpe maJGMdlWQrujzESWQUHaPrlpRXwKYCaKmQPeGPQUPnzO               
19690628-001222SECAAAAAAAAAAAAAQGCOMMONACTVxQak OBXnATjOtKQJRlSxEtJLUFRbFiJOpqZpDQvQeBQMpDYlU                    AMEX  51984859     1921021519210302        2.93vFiMBJIBDeStTZjdBjUZmkXlKrIgHRFMpHwPpBizHDUuIIRivHNwmSJAa   
19690628-104159CMPktJxPZvOBFlGUvEVSapDslEFzgVopzSocGnnLmJgl                   0000000329ACTVWUB   1880122411480 Fennel South                                                                                                                                              90844       Fresno                   WA                  United States of AmericaLandmann                                      ByOGzuVWIyVYzYHAmKN                                                                                                                                   
19690628-181501SECAAAAAAAAAAAAARCCOMMONACTViE fDHcIHPQlULVpPKBpnoL                                               PCX   299548018    1873081619050917        1.570000000131
19690629-000243SECAAAAAAAAAAAAAQLCOMMONACTVoVAySxCJNKVuMoGMhbXOAiXGAWpOSTlstOhPOoSyJvoLHSxjGaF                   PCX   932444167    1894022219201020        1.710000000104
19690629-030529SECAAAAAAAAAAAAARHPREF_AACTVIAXCqsFriDnQTIehhQegQHoTgKRHLPgNIrtNvCkg                              NASDAQ45453664     1886121018971208        0.680000000126
19690629-134405SECAAAAAAAAAAAAAQQCOMMONACTVbxfMCTCUBUpdGIQTBbeKBkwuLvKefisFcgHuWTlyJuwCWm WvbPGMnuG              AMEX  922945948    1896042418610504        2.83zwqoWSVQjNxEZABesPNTsTeFMDMjahzJEGOmdWsrJGHpLMoVTECfyWEiP   
19690630-002315CMPBdwKYhCFpdOBEDNdmSRTTPeXVEEhLLPA                            0000000328ACTVCABB- 1866022311393 Balmoral Way                                                                                                                                              93855       Hilo                     MN                  Canada                  Mcfarlan                                      uFXejDensGIcsWhLgebglBGAsjmmlWMKOEMhBPSVdbnxYcTUjPREK                                                                                                 
19690630-114346SECAAAAAAAAAAAAARMCOMMONACTVDxmfFAyNBveLJSDOvTgESlDoAaQGzORXtyQxrEbMGvyhbyqEqS                    NASDAQ890984835    1877103019441115        2.06vBBWjIJomMzRujOXjDKiCAEjqhoEFXNfPAzSEX                      
19690630-155247SECAAAAAAAAAAAAAQVCOMMONACTVrCVAlflGPpeCyoZCOjbOi                                                 PCX   769646566    1954093018740322        2.74UWMSDBzHKXdXPCg                                             
19690630-204057SECAAAAAAAAAAAAAQECOMMONACTVZTovcfBYpHe YYftoQzJK WS DMzd                                         NYSE  855483327    1861070918980112        1.74XCSbLIHwrFuenuhOSByKxXLBgIFHMySpTKhwCpBNFKAUeCzkBgyOOJfH    
19690630-223553CMPeyGBByYTpoRbgjJdHtPbQdJTXrTbcWTJkSHlPvDAkK                  0000000043INACPGB   1910022510541 Covecreek Rue                                                                                                                                             T6C 1A1     Austin                   IN                  Canada                  Rury                                          YzNEgKskJrAOEAWru umq                                                                                                                                 
19690630-235958CMPnFkXCFIQQcAPOHRuYtieKkGSZpAdCmvxWPuheWUSLiFkN               0000000022ACTVOOB-  195909274371 Ashford Hollow Lane                                                                                                                                        44312       Sandy                    MD                  United States of AmericaDegrace                                       JTQvSVCJVqUQFgkUESYHOwYeRSHHrqPPjZrqwUvnJrKaMcCLXLETVpTaGVsNVxbWanUeeTXvhZBSmhKShJsOPpGXUTFQKgePpPUL GzkCIzDHTLcesmM                                  
