19681001-075858FIN196841968100119681001     454311773.62      51978757.24       45.24       39.57        0.11     397078450.49  251946276599.09    4384931566.64      1149073      13136310000000121
19681001-190602FIN196841968100119681001    2829920264.24    1390828709.05        6.71        5.96        0.49     575185105.55  294868775662.71    6847643587.08    207226839    2332113440000000099
19681001-205524FIN196841968100119681001    1713880711.58     490171366.79        1.42        1.29        0.29      88825997.05   75354618744.83    1933587711.66    345933873    379520376HiFaAXHaNciJWpqVaWdNT                                       
19681002-064651FIN196841968100119681002    8437538510.87    1287837883.21        3.51        3.16        0.15     394714300.22  873312386280.17    7816964456.86    366657679    407211349gDqcCBxupXLOeBnjyoDuJKKpXXazMTBejzLaoxVkzpfVHbeQYNnEL       
19681002-165227FIN196841968100119681002     156645626.81      65721393.02        0.16        0.15        0.42     543819458.04  859230360714.87    6508309356.31    414317268    4453269400000000005
19681003-002233FIN196841968100119681003    6797292195.89    3671516083.98        4.13        4.09        0.54     572633870.76  295598278146.03    7527036160.57    889786959    897885249ieIyBwMxVgOHXKQlnyDjuAKXXV                                  
19681003-071056FIN196841968100119681003    2924484354.45    1655792804.60        5.08        4.80        0.57     852222615.30   14015033337.02    5668049248.22    326245547    345241034OHEmalBUVhTTeaTVKPRTjiMkfUHxdcHdcwwIZnOwJikM                
19681003-142141FIN196841968100119681003    9376164743.36    3845891807.21        6.82        6.05        0.41     556767936.24  789115940328.37    3747426968.25    564118264    6354262160000000275
19681003-153755FIN196841968100119681003    9850210635.51    1634960622.84        9.17        8.26        0.17     828149706.39  230353126865.38    1358629102.44    178382827    197907346qzuJbEnLbLOlOtyvsWNfYJGAxriKRxn                             
19681003-234144FIN196841968100119681003     407824517.59     281204661.44        0.44        0.38        0.69     518094729.05  265432690222.19    5557938570.26    637291639    747946497gWFpOuNYwfcvPArwjmHWzRgHbmFxHurRpMpoourGEuVNxKmPfR          
19681004-115133FIN196841968100119681004    2818128912.22    1540611240.61        7.24        7.16        0.55     755853181.99  938910338550.69    6453186652.16    212820052    2151605510000000137
19681004-153619FIN196841968100119681004    5370668281.27    1069456752.89        7.85        7.78        0.20     675335916.73  940097871940.28    1347731578.91    136227406    1374396960000000153
19681004-173034FIN196841968100119681004    6814646496.89     246368266.57        0.31        0.28        0.04     279059757.63  548318417647.62    4087113012.33    799106600    8671772500000000239
19681005-015456FIN196841968100119681005    9349891863.01    6037080781.47       11.59       10.10        0.65     507349810.28  143842135107.58    2627989126.12    520951955    597885888yJZRFbHLdseBeTnJIpEmTJtfrrDaEFBWyS                          
19681005-120647FIN196841968100119681005    8486575526.06     462185928.13        0.48        0.44        0.05     957556937.25  249864194384.98    7621834701.93    966153846   10518015200000000191
19681005-174123FIN196841968100119681005    3411409377.57     529910142.43        0.77        0.70        0.16       3470499.56  484628102376.75    2502542355.80    692337165    758743654mJmRJtJARsVsPrXR                                            
19681006-000137FIN196841968100119681006    4326040565.68    1791368368.94        4.70        4.19        0.41      63851243.90  441717762097.26    3326611161.97    380738953    4276645630000000258
19681006-035549FIN196841968100119681006    2366546805.23    1307030973.85        7.42        7.37        0.55      51176547.81  930363110804.40    6708730109.51    176220623    1774015460000000042
19681006-110745FIN196841968100119681006    4618911836.81     683910840.26        1.09        0.95        0.15     231787850.34  813627219954.14    9534775833.63    624610920    722961708diqlqOsDpYaNQhSPBbXhMXocCDXEfNMfLDMDHOdpovsklTN             
19681006-142408FIN196841968100119681006      44167377.25       9620394.57        0.01        0.01        0.22     262427324.61  720922122394.13    8946869376.16    974082719   10410291790000000001
19681006-185432FIN196841968100119681006    6219173452.56    1350131222.97      183.34      182.18        0.22     552117506.07  996417071589.57    1949506723.93      7364124      7410847iDBarmDdTJOgzmOoxhwfvcBeEHRANVVCsOAyFRqPFBuOFvKPoluW        
19681007-062708FIN196841968100119681007     880102119.99     508083643.50        1.49        1.25        0.58     281955992.66   45433646368.92     114146424.02    341062193    4049355070000000192
19681007-150541FIN196841968100119681007    2480724512.93    1624560799.45        2.18        2.00        0.65     432450008.79  567569944299.72    8327342584.75    744444974    8105018910000000064
19681007-194315FIN196841968100119681007    9878883788.47    5834148793.97       18.05       17.58        0.59     431650926.23  188105119398.41    9650907617.52    323161818    331942760CuLyyArqsEtnTUAIkAVGsjGuCbkiesWdqoXGYVbIdkMdRUeOIIkbQtDactaN
19681008-021012FIN196841968100119681008    5584026300.73    1380114701.61        4.82        4.13        0.25     952868098.04  340685232529.47    9419458918.52    286163608    333777376WCJJAitQbHnCKfmKEVEELEBjYtHsVGTBpOMMCLXEadMPRGRTA           
19681008-141151FIN196841968100119681008    4460705994.12     843696924.51        1.07        0.96        0.19     785969929.71  607036213961.87    5187543889.08    786237928    8798084770000000106
19681009-015220FIN196841968100119681009    8828426795.52    5690722622.12        8.36        7.34        0.64     356699188.40   86613070891.47    1509047874.01    680710664    7754992700000000028
19681009-080413FIN196841968100119681009    3801896846.39     791571269.33        9.89        8.27        0.21     503014307.01  403190413581.58     726914425.45     80059136     957584010000000257
19681009-201547FIN196841968100119681009    1645911122.35     822757288.13        5.09        5.03        0.50     965637763.94  312028152788.82    5606937237.57    161553320    1634287380000000194
19681010-053307FIN196841968100119681010    7011005680.42     153955498.86       12.69       11.33        0.02     587810891.21  161024063653.76    8811915739.13     12134713     13588868EOMpasJigJVvYQGKVcDPddEniaOUaTojpCAmYQrUeZJEGo              
19681010-132428FIN196841968100119681010     434372974.70      74031299.32        0.11        0.10        0.17     110287375.29  100684033803.53    4141572822.71    702349754    7164690030000000142
19681011-015243FIN196841968100119681011    2416877276.63    1369351583.75        1.63        1.56        0.57     106297431.53  540705637603.80    7388399660.73    842507542    876690428VXpGhfFbmgISLSMZVQlpBtNxkRhiLKvoTFIEKvFgIOL                 
19681011-071717FIN196841968100119681011    1997112490.60     148352056.92        1.84        1.65        0.07     451536967.03  256714835440.50    2905785667.19     80577645     899276240000000054
19681011-160743FIN196841968100119681011    4331360466.07    2254276701.27        3.36        2.89        0.52     721977954.21  993744194940.90    6746034328.43    670146686    7803160320000000174
19681011-203251FIN196841968100119681011    9979931764.57    4710350161.72        5.73        5.53        0.47     410699038.42  323029043310.71    3638039706.45    822680943    851903187WNRkyaGLpExIGmibKNXHTiWedWuFiObtwUPRHYHI                    
19681012-054119FIN196841968100119681012    9084661188.82    2673034392.96        3.08        2.59        0.29     995896613.48  676660751534.52    4599243558.34    868073935   10301812140000000101
19681012-155633FIN196841968100119681012    6361609610.98    1906751460.48        7.48        6.51        0.30     711476276.50  722622385847.36    6510936443.54    255080034    293095920FMIbTVLSSRMQCUKGxFaGyEAlUugrGxVwsPySJkUxGeISWqJDdocXoSJjKD  
19681012-193848FIN196841968100119681012      29852889.79       9432845.02        0.01        0.01        0.32     544263148.29  262074999726.55    6818808535.37    766796290    7769083450000000017
19681013-021842FIN196841968100119681013     419540398.65     229793474.02        0.58        0.54        0.55     529545136.46  694158672880.80    8688408641.27    393613483    426672803JaBRAUCPDCLITNXXrADVCSIopfxogeRFkYFvBVlr                    
19681013-042039FIN196841968100119681013    7571810355.42     403574763.31        0.67        0.64        0.05     287654338.79  447954136448.35    2299283216.43    600928899    631323403zpXnOFSNOeFTFofuNYRFwMNOEKM                                 
19681013-143110FIN196841968100119681013     222693461.34      62642262.30        0.07        0.06        0.28     194363082.85  584023655542.01    2194442932.55    936922929   10871314900000000176
19681013-182934FIN196841968100119681013    9973600066.39    3730490542.27        5.16        4.72        0.37     218945453.56  970726320667.46    6700090844.95    722466803    790132872VrTzIgeTGTFEbFiFBEbMvRuGcG                                  
19681014-045224FIN196841968100119681014     666326103.94     178397353.16        0.22        0.20        0.27     924421958.87  728695154314.76    4987433142.33    814046159    8933562720000000262
19681014-082941FIN196841968100119681014    3749437374.84     824456226.31        1.10        1.03        0.22     308213987.47  725525813228.98    6485738117.04    748489253    7994769290000000043
19681014-104311FIN196841968100119681014    1310308679.49     182940194.46        0.35        0.35        0.14     622735362.94  193009699525.98    9262398838.64    518956922    527818020qTWHBOgEuGnUTcpDWXPStEWt                                    
19681014-130728FIN196841968100119681014     974386797.68     473604571.17       13.24       11.93        0.49       1094045.44  124722073095.34    7025015677.62     35782637     397089420000000167
19681014-134847FIN196841968100119681014    1206304075.48     224432445.27        2.31        2.31        0.19     277378921.88  772414581629.26    8098919150.41     97195016     97348639TenznxCxDNREeghHodWME                                       
19681014-183252FIN196841968100119681014    2391111218.71     724405068.77        0.84        0.74        0.30     750122003.97  557010573501.20    5737089594.97    864956418    974456014kJTVsPPMjDHFLxKm                                            
19681015-004229FIN196841968100119681015    9664551864.43    3671393432.56       10.86       10.43        0.38     497894426.02  549152741643.86    9724038870.92    337956181    3520355830000000231
19681015-085604FIN196841968100119681015    7353549560.20    3758742150.23       43.79       38.49        0.51     795066605.23  549454221159.46    5433377713.59     85842748     97667039DLOqrAMsniZCUBVpOTjUgaEEZbqdWYSFFoVQs                       
19681015-091503FIN196841968100119681015     984486277.82     602252260.98        2.08        1.83        0.61     664759358.53  524841292428.54    7188273731.12    289544835    3287465080000000070
19681015-093720FIN196841968100119681015    9614602780.70    5048550605.08       14.30       12.25        0.53     312175963.81  467201949639.76     285428686.28    353069851    412103719mrTMrIHjEBXSOHhlBvKueJPEBTDtcteUgKLO                        
19681015-125122FIN196841968100119681015    6680952534.95      63379455.98        8.43        8.38        0.01      70351623.30  639505126377.71    7577986034.78      7521154      7566407LrvzmLeLVOWwcEFYsnNEWDJEkrUOhemp                            
19681016-001043FIN196841968100119681016    7466953045.09    3610702882.64        6.87        5.89        0.48     334307052.41  569040653660.69    5615936044.70    525228882    6126541920000000112
19681016-024414FIN196841968100119681016    8842159263.07    5730190239.22       10.02        9.42        0.65      81652713.92  283349477025.36    5850727981.28    571834478    608377116ZnWXUzEmSCVWxSZJBtUsRPVkSCEZqoVGidaviEeqMObtPQKv            
19681016-074119FIN196841968100119681016    3317280430.83    1086368208.90        2.95        2.54        0.33     716479543.96  318819172039.41    4603573709.66    367985117    4285373030000000281
19681016-074423FIN196841968100119681016     857597321.45     329227289.18        0.46        0.44        0.38     796000981.81  555785726739.60    5797751038.99    710037921    747921368ZMyMWAaoadYhYUETeJAUqAJhTRHVNsGEyXUstPsmmSDDlJphpBfMH       
19681016-093710FIN196841968100119681016    6266961632.98    3512040001.61       17.49       15.10        0.56     864712369.32  746561278033.78    9133207330.96    200797690    232597026aoTgMQQOVPapOXWxUW                                          
19681016-121901FIN196841968100119681016    7076519657.51    2489067904.54        8.82        8.44        0.35     826746599.35  190552139347.21     691625069.43    282063691    2949183030000000264
19681016-231411FIN196841968100119681016    9007898520.07    4949302538.96       26.35       24.44        0.55     298019190.48  517820647051.11    7335791333.12    187814600    2025443110000000086
19681017-064739FIN196841968100119681017    7123445691.83    2040248677.33        2.83        2.79        0.29     330873102.47  641000808548.75    3234374434.22    720555461    7303074530000000102
19681017-173217FIN196841968100119681017    7525576369.29     810464956.22        0.88        0.75        0.11     458405570.35  244491587626.41    4372608724.24    922740709   1078793831NuOvzuSYOeQYHwiHbx                                          
19681017-223157FIN196841968100119681017    8664450294.04    4281440572.16        5.99        5.17        0.49     152845899.18  953355708575.39    3398854352.28    714747625    828505465tMgSZEBCIXIddwcJTrzDKJaVwaVrpPGg                            
19681018-084859FIN196841968100119681018    5928282470.94    1712008940.31        2.67        2.51        0.29     881484156.25  915377314771.51    4849742041.37    641789306    681302861aTBtUPONgCjynxZSXAXRuyBVRBoIDKCCktKROOHDLIaEPTLYdlVDojMosM  
19681018-120714FIN196841968100119681018    2689895126.72     813419316.15        2.26        2.22        0.30     578217963.84  650785676788.27    8342196206.45    359629077    366322046WyCTXCnMptryHhCwGFfCFMwhjCXqccIKE                           
19681018-121710FIN196841968100119681018    2337359239.89     823213493.72        1.09        1.07        0.35     369199973.29  498664415317.15     930901301.53    756233159    7688985440000000039
19681018-202527FIN196841968100119681018    8070508400.05     541969092.45       19.04       16.64        0.07     216037267.29  467684038062.13    5439321680.57     28469582     32573363dGTSaPOJMHvtCCHelvrPOQXnY                                   
19681019-071804FIN196841968100119681019    7045788076.31    4537246906.17       10.02        8.60        0.64     562718162.75  810061912127.86    3014427249.33    453019587    5274642030000000129
19681019-150736FIN196841968100119681019    5092705365.29    1732906793.58        2.55        2.17        0.34     376784821.91  797300011066.33    7032915714.49    680183141    799138889KwjfmirRqfjJKRClFNxFXRUpUKSpCNxNadkYKRajlaHBFBFgLPbynOng    
19681019-230313FIN196841968100119681019    6788999179.50    1970015305.94        6.18        5.42        0.29     847905268.27  923815589838.39     987107553.03    319020034    3633643350000000123
19681020-023603FIN196841968100119681020    7630292786.39    3992962062.30       42.57       35.74        0.52     548684330.07  201493092780.66    1950834745.67     93792745    1117295280000000097
19681020-050007FIN196841968100119681020    6063753811.80    3269656999.26        3.77        3.47        0.54     247312696.46  625406573080.99     879652662.71    866392165    942883109MJOKmcrjnDCVkCwkujWhFZN                                     
19681020-161325FIN196841968100119681020     347991029.19     189811314.46        0.22        0.19        0.55     252109238.12  140982983580.07    1381809336.20    862279772   10135514920000000013
19681020-202115FIN196841968100119681020    9597134591.66    3163869829.75       12.29       11.72        0.33     224072565.17  408035023772.14    1887201922.76    257462944    269860623mIdEvCjuNdAhXMiSUsSoLTMDFJuXWpAWUSUCLpXJvHQG                
19681021-052307FIN196841968100119681021    1742855089.60     519926250.26        0.78        0.78        0.30     334937983.51  824356745160.87    8400836398.27    666288178    666642400UGgcNMmKMrrPJTTaRaYPINuKXnkLUoayMOliHMeIegqfoK              
19681021-143127FIN196841968100119681021    6815266779.52    1182543614.37        1.42        1.23        0.17     132996965.17  539938724972.88     423401381.48    831342823    9648908550000000055
19681022-020135FIN196841968100119681022    8336145219.91    1768239508.90       31.93       28.11        0.21     304424598.50  201735373444.91    8499505740.55     55381308     629121130000000071
19681022-124746FIN196841968100119681022    1112567608.09     317280328.66        0.62        0.53        0.29      14445235.78  722122590693.18    5036819603.03    513474229    6015135830000000045
19681022-141408FIN196841968100119681022    8381961023.21    2849579527.21        4.09        3.65        0.34      48767650.79  182189871153.13    8754888274.34    696836240    7814895130000000118
19681022-234442FIN196841968100119681022    6382283816.78     777869664.80        1.41        1.32        0.12      26754523.32  534246505413.36    7222823336.74    551591564    5900565830000000113
19681023-093024FIN196841968100119681023    3733498969.51    1063207048.28        2.34        2.14        0.28     850576621.71   41481896888.89    5191594898.82    454210459    4956981440000000035
19681023-093726FIN196841968100119681023    4605460379.37     702944473.07        0.84        0.77        0.15     698867552.15   42325120732.44    4419530581.29    841789966    9149499410000000008
19681023-101501FIN196841968100119681023    1214739257.02     234049893.26        0.53        0.45        0.19     586135842.41  784884804530.44    3919174980.17    439166236    5195498670000000003
19681023-135739FIN196841968100119681023    6241584745.08    3507726667.98       11.62       11.39        0.56     538898600.02  101944982606.91    2811621243.89    301819408    307879817henKOtVPuTJpiOrPJXMGBROjQKD                                 
19681023-171731FIN196841968100119681023    8479509487.20     320431772.62        1.03        0.89        0.04     134713132.90  322315007984.48    4243985802.56    310475850    358286261bvAjGxHLNzaMyUfsFYwIeWinCSUVBJVoPHqXvwORT                   
19681023-175537FIN196841968100119681023    1168210618.28     780727173.53        3.32        3.17        0.67     656622465.41  436046448350.26    9394804065.38    235426394    2461348660000000066
19681023-230210FIN196841968100119681023    2799934705.86    1459771646.07        1.76        1.71        0.52     964585935.43  796957238172.48    8005583335.13    830292907    8541375880000000140
19681024-065055FIN196841968100119681024    8605153705.15    2558623609.59       26.29       26.18        0.30     849112374.01  861862882722.73    5128939264.36     97335708     977278050000000134
19681024-084730FIN196841968100119681024    3407101889.47     409422006.10        0.53        0.51        0.12     780425308.32  402696568781.74    4567411029.58    765750721    805674351jsZEGZnyIEvAQcFFRlbgQmiCuyGHaHDzDwGgmCfNAmNhk               
19681024-175226FIN196841968100119681024    2561141952.37     266071644.51        0.57        0.50        0.10     701316657.38  480074284642.63    4153396624.49    464872462    533034809GQgODZYcTEajaEMYDrWGoMdiJOENBaMGcnwYwuNTRPoOXXVjWD          
19681024-225034FIN196841968100119681024     262333870.22     125579707.82        0.19        0.18        0.48     498698523.49   77923708189.23    4202868988.23    671870547    712209215rRWSCLIgDQcKoOgUnyO                                         
19681025-085049FIN196841968100119681025    7073546094.03    4554582574.15        9.47        7.91        0.64     734763324.93  417147259749.77    9909598953.12    480904076    575815101rqMbvwSCBGYCGMEPKQeELcTKYUzuwRMWTqYPIirIgRbOCStxEXLeiAEZJCb 
19681025-132233FIN196841968100119681025    5142277724.66    1870022558.90        3.60        3.49        0.36     214840656.25  371500319405.26     507452317.64    519831063    5355537730000000014
19681026-020530FIN196841968100119681026    2738352483.23     705583763.16        0.91        0.85        0.26      57713824.26  459615833174.35    2233748633.59    773241996    830603461YaffwBWevTnZPOCl                                            
19681026-133251FIN196841968100119681026    4983676489.98    1399859753.28        1.76        1.69        0.28     742163744.12   15606277300.95    2511895420.73    793442700    826148852xyrTpxryTSQNQSeNzhwRP                                       
19681026-234108FIN196841968100119681026    1182796474.95     557980226.23        3.65        3.44        0.47     947523350.45  864515671493.13    6674598326.31    152704186    162306408caOaabgKJQaXSZiUGJIHBtXLntUfKAkQvMDyj                       
19681027-014141FIN196841968100119681027     132917280.54      35562466.37        0.10        0.09        0.27     632760912.29  336251707332.32    1732037644.71    345704105    395654301islDxjbYuuioiSBDvEVFXWIdWskRdMJVCqTdMGZHIJYalOLQxlmcyrXl    
19681027-053001FIN196841968100119681027    7958926936.30    5253809414.60        8.09        7.08        0.66      14641954.85  355829664021.59    6720017386.49    649058837    742137452DEHfUUzIhtZXgmgjjNRGVamTsNOUYxFB                            
19681027-103106FIN196841968100119681027    3699193092.98     970131165.86        1.89        1.68        0.26     250760462.73  434950471065.32    5942715235.64    514101876    577379802DtsNvBcUYhPGHuGmBaQQIRiXiKlYxUFPHFJtrQploRYBiQoXN           
19681027-225726FIN196841968100119681027    1394709919.40      46254324.72        0.05        0.04        0.03     729550569.13  477958631762.70    7953826010.89    976728321   10603757130000000238
19681028-040915FIN196841968100119681028    4400887198.50    1965760048.72       12.16       12.03        0.45     378059808.77  185757989489.00    6314622385.25    161672637    163468447lSBXSwESnnboFFeSvHxFjlfxrwIZABfGMjiWUbhTmnRHnPFOTMlMAQnZJA  
19681028-133255FIN196841968100119681028    8336331147.95    3308057339.07       11.68       10.63        0.40     178677358.29  830424738847.50    6015524038.81    283270685    3113220790000000160
19681028-234213FIN196841968100119681028    4184786786.86     742646059.47        0.85        0.79        0.18     420806847.22  155712914548.39    5593870732.32    874178445    9422141030000000212
19681029-035947FIN196841968100119681029    6590096902.74    1790901222.44       14.10       13.14        0.27     687576302.50  143289877936.55    3682908364.58    127030976    136266168aHUGIHZFBLPMqxMvKLQZvDGAkHnUMtHIYMGULLkMrvMvSyCmX           
19681029-104422FIN196841968100119681029    1300971460.40     890926864.33       11.53       11.29        0.68     559751831.30  358229112592.92    5279317513.43     77301619     789184610000000185
19681029-173112FIN196841968100119681029    1669312353.93     436523940.05        1.80        1.60        0.26     783831008.02  146706011036.07     178834093.14    242782541    2720552290000000041
19681030-001129FIN196841968100119681030    2572376893.23     461074275.78        4.70        4.46        0.18     155969484.66  310462947718.66    7617172197.69     98046923    103482560VyLBLWJZWFSSHQOpVgOdCcrmUztQMuIKDzfn                        
19681030-062235FIN196841968100119681030    6383980044.21    3314507223.74        6.71        5.68        0.52     695363722.54  862490402005.38    6173019626.52    494135142    583245556RAtXIperFfSBzTNkUHKANNBGDCfGgILLuOMHtQhR                    
19681030-162311FIN196841968100119681030    9765982318.96    1451198161.36        7.58        6.99        0.15     934966090.50  827986080415.58    9260454153.66    191387138    2075399930000000083
19681030-231919FIN196841968100119681030    5144455756.77    2748751573.25       15.55       13.46        0.53     218264465.46  684030749221.41    6946980491.77    176745383    2041906580000000208
19681031-114301FIN196841968100119681031    8570112523.16    3434384018.66      112.23       93.60        0.40     376386748.89  923724004176.89    7298001471.04     30601859     36692250yRflLhHvroMJBNHcMIDiQuHspAHUTFVE                            
19681101-001111FIN196841968100119681101    9978953060.53    2890692675.56        7.62        7.18        0.29     519039307.03  496595829493.25    9887121151.27    379503318    4026646610000000186
19681101-061230FIN196841968100119681101     290385426.51     157465662.59        0.67        0.66        0.54     130686102.66  884630794143.86    3445208721.31    236158145    2378978900000000141
19681101-095713FIN196841968100119681101    9718885692.60    4849925644.00       11.04        9.53        0.50     368578767.72  728301160378.60     799242519.04    439274115    5087583120000000072
19681101-222603FIN196841968100119681101    1488552831.93     834306573.75        1.00        0.97        0.56     541921643.64  741263944374.87    7864109448.22    833279996    858764712IoKUtGXZioegJCNViVxMypETfGzoFpFUrDxdifKVAIZXNIKfuTkc        
19681101-234218FIN196841968100119681101    5000971482.34     975281227.59       10.77       10.51        0.20     782893961.72  420798324984.89    3625988437.07     90542042     927915280000000031
19681102-055251FIN196841968100119681102    8139529066.19     187029122.00        0.24        0.22        0.02     615685383.42  459400170144.48    6150879675.78    776538659    8505596740000000226
19681102-124948FIN196841968100119681102    8764032152.17     850480454.72        1.94        1.62        0.10     911744075.19  261690961896.13    3001834306.51    439021400    5257506980000000171
19681102-210433FIN196841968100119681102    7005842538.52    4305963303.30       17.31       16.02        0.61     215236651.68  576908840539.31    9530756106.97    248749874    2687635760000000188
19681103-000541FIN196841968100119681103    3967150557.39    2496478087.82        8.06        7.76        0.63     219598640.72   45306368986.53    8450204773.37    309735004    321622937JBVGSITqKIBgMsApVRYnGNZpUBBPdFAEAS                          
19681103-071244FIN196841968100119681103    7292121537.47    4813089793.47       46.51       42.60        0.66     481766455.44  705479234032.35    1439030917.59    103487844    1129936190000000210
19681103-181450FIN196841968100119681103    7947593382.35      89129529.70        0.09        0.09        0.01     119398924.01  479806715127.96    9746512279.14    954564510   1033784283BVKkCHLPDGgsHNcHspWSOlHUndemQfJeCoVmAJKGcMVMmkIWVRMtZUCGymG 
19681103-222321FIN196841968100119681103    2741511705.28    1636852878.55        2.57        2.18        0.60     285292255.27  923459336826.33    4219581557.56    637652709    751960220RpRNXSNCaINbvfILmr                                          
19681104-072218FIN196841968100119681104    2950406020.25    1529539662.07        2.84        2.52        0.52     423404633.35   30396511040.42    1543903635.98    539190649    6057769990000000052
19681104-105225FIN196841968100119681104    6227122974.75    2621197884.97       14.48       12.42        0.42     940563495.98  411103232778.69    6561028553.13    180996947    2110057550000000026
19681104-232217FIN196841968100119681104    9801075238.45    1933845680.94        7.75        6.51        0.20     121860094.17  815395394565.02    1683678142.47    249420003    296840976BTcRMijTonYBrhazpHBBVPDwAoCnJHehvcnyCdyGDsoOYCPKTQBo        
19681105-043704FIN196841968100119681105    6961235272.72    2220983627.28       16.97       16.69        0.32     381977987.19  277979445404.07    7161481910.07    130853935    133111617XdCwDlGsXFstGqdCIcNOKJfTOQPnoEeELXbNmwOl                    
19681105-121013FIN196841968100119681105    8324517106.21    4989909977.61      760.65      675.31        0.60     534959622.30  812492264482.60    8837213958.26      6560023      73890780000000206
19681105-190551FIN196841968100119681105     705772500.63     313614445.70        0.49        0.41        0.44      93132849.26  662962072174.01    9736588271.71    644531369    765944460ddSCazOpdJvGoBAzkC                                          
19681105-192646FIN196841968100119681105    2903704693.12     742641919.08        1.54        1.48        0.26     198360931.21  199494654558.81    7892704603.34    481492345    502993003kCGxWShTICEMykTPjwUmen                                      
19681106-070449FIN196841968100119681106    2891861669.09     946391800.64        1.49        1.47        0.33     114374755.95  717134370003.01    1957358929.79    636245221    644357904kkhSvCsfgbDUvsiZWtPQwjkYPwKrfTUFMGMCWCBXBcOcTkaLSudO        
19681106-184050FIN196841968100119681106    5225849359.76    2216145479.76        7.47        7.12        0.42     721189573.80  394981828144.77    4007326018.27    296799827    3113867260000000126
19681107-045039FIN196841968100119681107    2550649161.87    1141719704.53        1.84        1.76        0.45     618099244.53  612143366865.75    1195908545.05    620463021    648130936pwYDWdejKmsIdjXONAJBDcYuwSUgSGSdnjgguxYVlHvEBzvkzoOzQ       
19681107-072334FIN196841968100119681107    3531744354.91     906946420.04        2.10        1.76        0.26      79146757.18  634888859810.85    4713940124.82    431977264    515656088DRNHqMCixoAPPUXBkC                                          
19681107-130833FIN196841968100119681107    5688832672.90     446303946.25        0.49        0.43        0.08     543477332.46  371285172312.86    1644281610.77    916608102   10387781200000000202
19681107-150427FIN196841968100119681107    1291310816.12      83987674.81        0.30        0.28        0.07     770424423.35  611444006787.31     832560031.49    279627365    3012747170000000015
19681107-194527FIN196841968100119681107    9023168162.62    3336426003.77        6.78        6.10        0.37     982620751.13  513392974082.62    6363836138.06    492354650    547171150wQrvCKRaDVSIIKjKecurCvLTBDTjUkp                             
19681108-054330FIN196841968100119681108    4465085329.10     741722172.91        1.35        1.14        0.17     883450639.94  230877224763.33    1750906650.59    550321777    6513197300000000100
19681108-073526FIN196841968100119681108    2661475531.52    1808429773.36       19.30       18.84        0.68     871320138.00  732556906120.36     303241070.97     93702119     95975654vMkEAwzBRVKHYlXXICHbITBQiEsbfaGUxCi                         
19681108-125305FIN196841968100119681108    6459980621.22    3853973657.73        8.56        7.20        0.60        998668.81  910390625096.90     988114678.78    450243937    5352785120000000073
19681108-201220FIN196841968100119681108     585227289.72     331546358.09        0.56        0.54        0.57      63196644.26  280162755675.63    1688840910.59    596401614    6144498090000000147
19681109-022038FIN196841968100119681109    8890604516.35    5744888811.21       22.47       21.81        0.65      41567057.70  665214691288.05    1063892807.53    255703526    2633839280000000236
19681109-141442FIN196841968100119681109    5661412118.50    1172676487.39        2.38        2.03        0.21     569740259.48  310213737643.94    8068369699.22    493130249    578508545pDToWKnnzZZqdQIocIAFPFOfRfwAkprXFizOUUlpONRGUKsXiJIgzGEugKl 
19681109-175409FIN196841968100119681109    3695545005.54    2225005257.47       13.24       12.10        0.60     187162200.93  286179447211.63    8789595955.20    168024712    1839076870000000037
19681109-191826FIN196841968100119681109    3605696455.20     284083635.67        1.13        1.03        0.08     896914254.76  423968656647.26    1754737540.50    252194686    276227464EFRGQVNkQlrMBfrFQgzyFSvIGoSmPcPULRqbXjpBElOnGvzHZPaBQRlsvgyc
19681109-221438FIN196841968100119681109    7531967862.35    1939825721.49       29.53       27.78        0.26     685148781.30  171362034378.88    9816094723.59     65700780     698245850000000204
19681110-034824FIN196841968100119681110    9355952826.59    1495864985.33        1.76        1.67        0.16     314060503.49  423956887830.18    6108266974.62    850432282    893593234wusPbEHCRIEzEwJUAqKHIUWBxfFvRBthBexyXHrFr                   
19681110-123837FIN196841968100119681110     937603065.90     650671798.84        2.26        2.18        0.69     988892935.56  504780777064.09    8341507264.45    287803277    2979188030000000198
19681110-170543FIN196841968100119681110    4128415557.43      98159737.33        0.16        0.16        0.02     480300426.88  366474092049.89    8121652813.31    615318266    6194575780000000089
19681110-181959FIN196841968100119681110    1419999224.88     435655245.45        0.54        0.51        0.31     781465902.15  885079966060.27    3592380509.05    807320621    8614590990000000163
19681111-003013FIN196841968100119681111    3053613577.18      30719794.25        0.14        0.12        0.01       6277424.39  740696153809.76    7620718813.68    216618782    2527571680000000027
19681111-090517FIN196841968100119681111    2698946054.13     287139221.99        0.45        0.43        0.11     411857474.81  828390537953.68     460317860.46    634948576    669885088ITIBXSnyIwDHJQhzM                                           
19681111-213526FIN196841968100119681111      43439272.81        542559.59        0.00        0.00        0.01     762130097.95  421351455550.14     379528127.85    943531321   1028573663GTXcbujiDrVQTNanRXNE                                        
19681112-020641FIN196841968100119681112    4156905283.01    1784280096.30        2.25        1.88        0.43     450211449.84  422103762913.68    5532548373.63    791591667    949686247jlkBZXPcVEbEkvquHcRWHHHVGNQxJWnBWpCCCKENWGMjHFABR           
19681112-023209FIN196841968100119681112    3758512689.49    2250950681.30       13.32       11.62        0.60     414020612.00  247804583751.85    4641892433.25    169004138    193756605jUVBEwWiTDzHCOTMBImOMnDlPRprVsbzeMukHPFqSIdSBmDItpJLvB      
19681112-124656FIN196841968100119681112    4463394500.33    1469099656.13        3.96        3.68        0.33     403106320.79  435958759620.51    5813022568.85    371292551    3990183090000000221
19681112-235453FIN196841968100119681112    2954140336.89     115704956.71        0.86        0.79        0.04     873244797.99  353955698909.14    9855027849.11    133934049    1464777460000000217
19681113-012938FIN196841968100119681113    2382232401.99     750121389.54        1.25        1.10        0.31     864831191.10  486443480089.52    1141323175.49    597730070    681665698PMgDpipjuKrTIpAxZtGGvOYns                                   
19681113-072909FIN196841968100119681113    3347262351.24     238143531.01        0.77        0.65        0.07     172501734.98  864600611385.05    9524163258.60    311196723    3643779740000000224
19681113-170736FIN196841968100119681113    8557589944.09    1701879103.53        5.07        4.72        0.20     664313633.06  255607249856.70    3194688746.48    335487285    360824017dCYFztAzOgCJvPUJLAhPlVpBAicUXKKOTavOzsUvIUjqkUxyxNdUBqZBcdO 
19681113-205228FIN196841968100119681113    1430394894.79     399694545.45        0.40        0.39        0.28     648434832.78  656477390361.88    2757266035.85    993150303   10378521600000000022
19681114-034618FIN196841968100119681114    5351713839.21    3040692343.77        9.97        8.97        0.57     562631072.85  210361190496.04    1793359145.67    304936572    3391636350000000227
19681114-132620FIN196841968100119681114     183734888.64      32606209.72        0.04        0.03        0.18     755347892.64  237860662306.29    8289970114.41    867029149   1020359779ODMjETCWLrWNwXFAtDsadcmipXdXWIonWPrnavfkvWXCCIXNIInRCQUZ    
19681114-185151FIN196841968100119681114    5574231721.44     568450577.05        0.89        0.85        0.10     723383091.86  195821404995.60    7474561221.57    637179926    6681596240000000213
19681115-014413FIN196841968100119681115     458254683.36     251622100.27        0.65        0.65        0.55     444991316.35  187424176707.69    2010626046.93    384412055    3871065510000000230
19681115-040335FIN196841968100119681115    5114201439.62    2491172444.69        3.36        3.34        0.49     548301801.79  693827541044.71    9290851205.75    740354749    7456988900000000196
19681115-142333FIN196841968100119681115    7779118499.42    2927865725.91        5.67        5.46        0.38     337917116.15  782450596902.51    5362308970.95    516748013    5360468360000000195
19681115-233932FIN196841968100119681115    2604082992.89     471261114.18       18.51       16.43        0.18     902036979.52  472582963783.54     960083924.24     25455811     286825610000000233
19681116-094558FIN196841968100119681116    9688208278.71    5961770394.73        6.31        5.40        0.62     624374706.05  386491991262.72    8505934007.15    944543264   1103309915nWCuOsSpGHyPtnWxAYFbZJKRVPYuBpFehsjAEpnscPPBHCmXQTEmjOKB    
19681116-215851FIN196841968100119681116     945867883.73     544113781.78        3.07        2.61        0.58     542358543.91  649742506313.87    7958043573.18    177100939    208253590PozAgYtmghzwqacMhOFSFF                                      
19681117-010624FIN196841968100119681117    6218673064.19     852321102.49        1.02        1.01        0.14     876293768.99  546116460816.98    6613385466.27    836653245    840654619KCHnVIdKJsAkNiOvWLdJFLZHnuOUsIPqkOat                        
19681117-041925FIN196841968100119681117    4746269262.96     709597199.78        3.73        3.20        0.15     860900933.83  290503866732.44    4127326216.75    190383707    2214179650000000085
19681117-055558FIN196841968100119681117    2165027285.57     797733089.97        0.96        0.86        0.37     778968961.46  314686062923.40    8215616114.27    833842643    930058212jaaLOswAWNHAAHrSJdoSSzDViOJjUjQtYhYJQkHMYPSJxGEVzPMFi       
19681117-180741FIN196841968100119681117    4268123117.97    1175859093.20        4.03        3.59        0.28      13985523.61  621143236962.88    1693372050.92    292042436    327306366EhqRirDAXxfmkjRFuvqBjTsrPHcyvavBLTvRuTeGeZtHOqOpJpBRUdJGRGK 
19681118-062104FIN196841968100119681118    8374845518.36    5561508315.56       17.03       16.68        0.66     303407289.78  250766119603.13    5201012369.15    326592316    3333883150000000215
19681118-073506FIN196841968100119681118    7286282316.24     597152000.64        0.98        0.92        0.08     627995460.34  817263526728.57    4273312232.28    609394470    6500692520000000143
19681118-135545FIN196841968100119681118    1004762568.37     151150986.78        0.15        0.14        0.15     774201242.25  700725930296.92    5526954174.24    994563627   1093721950FSohRMQoHLNVLoGOjVKZKTXbuaIglpWlXbvFqGRh                    
19681118-232159FIN196841968100119681118    5181260132.92     563762631.30       22.06       20.82        0.11      60933698.81  767292866535.40    7619914759.40     25559219     27073500oLLXsGlBulNylApqZLPIkB                                      
19681118-233659FIN196841968100119681118    6992618040.23    3796559564.45        5.45        5.25        0.54     502331618.83  629355960933.28    8897224156.85    696445247    7233796910000000033
19681119-035217FIN196841968100119681119    7628995110.71       7911127.33        0.05        0.05        0.00     816600439.10  198527237381.42     543206664.16    148397866    1610432200000000107
19681119-122900FIN196841968100119681119    1215585000.01     326782357.90        0.55        0.46        0.27     140218401.91  579260919072.71     341160904.31    596398872    711140479jClHOCWMwRFQDLmeVIqIBlHCVYexjVDLzNBVHQOYUtI                 
19681120-003839FIN196841968100119681120    8575811739.44    1027959329.08        3.16        2.69        0.12     181594480.49  379435265274.60    8135621386.56    325304745    3821763460000000211
19681120-041406FIN196841968100119681120    5728113563.36      85944553.85        0.11        0.11        0.02     730120049.75  581370305140.25    8581488072.38    803920307    817267384EfJsxyQXPtapRNKCSPqQITlQBpykYMLBIWPDLpTrHbGMNqVIizY         
19681120-075253FIN196841968100119681120    2370070467.52     638891326.56        0.72        0.64        0.27     382339223.97  990954860274.34    8694220855.52    884154111   10024752590000000069
19681120-143917FIN196841968100119681120    3671866695.18    1551593893.63       12.22       11.83        0.42     893311475.55  903220957403.73    5879963905.22    127011592    131127848OnJrrBFjnUTCGXLHESAmVOWIRxjOtVtdOCQstAAYLQLkb               
19681120-172116FIN196841968100119681120    3143700069.50      63927863.91        0.08        0.08        0.02     841344259.92  965425968538.89     779913110.21    781487598    786234129PLFvBRDnWxmtwNhdkGpUFvbStpeKYhbtuRxTSKanfZHDnUrLoR          
19681120-182610FIN196841968100119681120    7186730722.89    2686824487.91        3.91        3.51        0.37     230624025.39  698196038341.69    9804172639.24    687864747    765924335WuEsEeTHHeQtREuFESSWoNBHdsJWXpHWy                           
19681120-231719FIN196841968100119681120    8960246140.15    2510344175.82        3.57        3.35        0.28     411620379.74  518860122933.85    3030546684.35    703866523    7495884830000000177
19681121-010016FIN196841968100119681121    3627141210.30    2049750715.33        2.76        2.46        0.57     195272449.38  567912954462.25    8897659168.06    742808539    831726334ReMpXiOzRLAKMUzTSaoXogmUnEOqKkaKJoLEKOGIHmVXx               
19681121-023859FIN196841968100119681121     271806445.70     134643431.45        0.15        0.14        0.50     918499917.32  173888801735.36    5846809399.32    917052886    9733346370000000263
19681121-102436FIN196841968100119681121    2026797596.94     215627201.86        0.43        0.43        0.11     929821404.81  238194772964.04    6533141698.83    503717533    505168117WIFHmdYSMPHKWkoqPrQTYs                                      
19681121-113459FIN196841968100119681121    8578048136.58    5951057672.79       28.58       27.60        0.69     252359979.26  127896298862.86    2104105919.23    208200312    2156249960000000241
19681121-121619FIN196841968100119681121      44003024.68      28627114.86        0.04        0.04        0.65     995570299.04  130481407150.10    4021150081.07    651937608    7540558200000000180
19681121-172956FIN196841968100119681121    9053734617.91    2520655279.01        2.92        2.82        0.28     552208897.87  869187932527.78     128569198.99    862036987    892558556jRhDJJDxLPxUEMMpdhzdZNqRVTuzMCrlMcwMsdHNvIEBwDfErPG         
19681122-035514FIN196841968100119681122    1346611172.23     364069105.89        0.54        0.47        0.27     776627965.10  299356230437.58    9732653890.95    669882374    775490688oKOQXOtOpnWSXAiUJMcVtClxnLyRoKeAoBfZ                        
19681122-051840FIN196841968100119681122    1945008893.39    1086721789.77        3.51        3.47        0.56     256458403.97  840270150509.97    8423746320.04    309408511    313513217iAJNmDakgxlQcGOiloFqkXDmRxJezUSKSBPCvqFfSbAlV               
19681122-131546FIN196841968100119681122    2886539893.58     675845044.84        0.79        0.78        0.23     301069658.25  208990423633.45    2464788913.63    855748419    8628571450000000122
19681123-015635FIN196841968100119681123    3016576957.96     834196526.86        6.56        5.52        0.28     344032704.71  406855410217.43    7345565390.17    127247815    1510565530000000219
19681123-031656FIN196841968100119681123    4370934045.79    1152224272.47        2.28        1.99        0.26     878385149.99  857975492123.03    7919075832.70    505493813    5782641150000000243
19681123-105454FIN196841968100119681123    6073755781.20    3905635554.60       24.14       21.51        0.64      47280469.84  459618957611.75    6112010954.92    161759403    1816145490000000209
19681123-191859FIN196841968100119681123    4265798319.71     655659838.71        3.37        3.24        0.15     601051553.93  504004718506.11    4773389075.73    194474361    2022729020000000222
19681124-011020FIN196841968100119681124    9560891021.77    3062846719.89        6.93        6.90        0.32     493981252.95  156276710104.80    2666225255.60    441987306    443613618DWgibROHufHHRCuHTULrGMHCVxOFEOdQglNCHs                      
19681124-024434FIN196841968100119681124    2006733572.83    1300671793.39       10.55       10.20        0.65     228388608.81  236036388067.52    9137247583.08    123228340    127528399pOvvVUFyYCwHFqgDXGABDNSnBcVOGdVsELjWMtu                     
19681124-065207FIN196841968100119681124    4487869993.19    1511037004.48        2.78        2.64        0.34     875511613.70   45942143135.90    6064235743.72    543660524    571496230PZRwCHSUPUWZCeALiQlrRSOSgPMyAMPEYmFkMkXiXeCQYbI             
19681124-155700FIN196841968100119681124     155647278.74      55814045.86        0.24        0.20        0.36     112161462.25  161323053194.86    3124626397.31    231875173    2727433470000000034
19681125-013825FIN196841968100119681125    8838808694.85    1520038676.00        4.67        4.20        0.17     606171388.37  691909793327.83    5725254079.69    325453296    3618164310000000265
19681125-054609FIN196841968100119681125    3625886478.24    2182521839.47        2.51        2.24        0.60     485457284.42  880405357290.75    3757755649.85    870396038    975297662JaPjAzhmOUDSHusYYPVPgmIicldfYVzpLuIocjMUHLjvJkIwTxmUUMzMH   
19681125-182322FIN196841968100119681125    6451690908.81    2682824703.97        6.05        5.83        0.42     276974475.17   72499785011.34    4771938735.98    443140121    4604188050000000076
19681126-014055FIN196841968100119681126    2308638276.28     619911154.01        3.95        3.62        0.27     820373417.67  575322276738.50    9123638481.92    157112126    171422374uNzELlUuHMLVWRQzcPVofbO                                     
19681126-023329FIN196841968100119681126      60542577.59      36582509.61        0.06        0.05        0.60     344604677.63  928397364746.36    3615319049.35    615206448    727227093QUnhNVCAxKIJrXubzRSkXhIWpAHLRQrVAkeSFefRGVHTMDbDJDayXa      
19681126-043550FIN196841968100119681126    7248734480.41    4262827410.33        4.46        4.10        0.59     991639786.28  470850411688.63    6417469646.14    955629384   1040741587IFMKAPsnyffkALrEorEUixamr                                   
19681126-082400FIN196841968100119681126     790912336.51     197823494.31        0.24        0.24        0.25     818175744.39  812947919706.28    6415844067.48    810599851    816082712PTNTHCLWsriUMNBFhDQDGtmBPPNiLOSaNy                          
19681126-084555FIN196841968100119681126    2086736797.95     842199175.43        3.15        2.91        0.40      28007909.43  780858601464.89    6370489931.08    267752197    2893808900000000205
19681126-192731FIN196841968100119681126    9768463081.00    3115668566.84        3.59        3.04        0.32     299829688.30  429693468388.39    6694426426.99    867374909   10246019870000000029
19681126-203009FIN196841968100119681126     241426043.45     166478367.51        0.79        0.73        0.69     520748833.48   97525680889.54    2325441716.14    210234409    227347358ocLGFxFIvpmKvcDUqwdLsRIzqVqOQSmQKDGKkgHNbNoSCBZlC           
19681126-223850FIN196841968100119681126    8540261020.01    4669017151.52       13.79       11.96        0.55     925490936.13  598328465186.79    7289062209.69    338510342    3904802720000000023
19681127-093054FIN196841968100119681127     477001044.97     214674756.42        4.86        4.65        0.45     754538856.26  932772141560.95    3360631723.09     44158234     46125236YIjGVogDxcalAFCBFdrIjjouPsbTwDAVUjyVYv                      
19681127-104052FIN196841968100119681127    3159726233.58    1355819373.87        1.52        1.27        0.43     647311982.75  157364545527.50    5353820440.73    892170517   10692221220000000087
19681127-172416FIN196841968100119681127    3732348952.33      32148526.46        0.18        0.18        0.01      30805098.71  557878224542.62    5191165897.68    175673895    180946752NiBcGbDvQsFXSbRxOUPzUvEKLCXRVlDFrhOUHduBWHC                 
19681128-044654FIN196841968100119681128    6758816434.25    1649534158.87        2.45        2.19        0.24      43922326.05  472746163876.55    9332808743.11    673890262    754280084WOFtlCxUWNFUBhPDqICgzRXmPJFjQHnAMFPgEkJmjqndJT              
19681128-053812FIN196841968100119681128    1440065433.75     690907058.68        1.15        0.98        0.48     880292291.58  160847868953.98    1924642522.33    603056289    7020140890000000169
19681128-140519FIN196841968100119681128    4301064741.03     714386244.09        1.03        0.91        0.17      15290169.96  417530528973.26    2384292553.34    691340902    781771073LHnMREWDjDZXCkckgXuhzTJDNNEVGYI                             
19681128-171702FIN196841968100119681128     348450006.15     218139250.49        0.57        0.56        0.63     564705017.49  957882224801.81    3594422349.70    385667649    3895647550000000050
19681129-004528FIN196841968100119681129     363190788.51     187858992.28        0.31        0.26        0.52     100425193.57  604418616702.67     184231145.52    612920485    716539127TrXVCLKjAPMUhqmJWRPoCbk                                     
19681129-005158FIN196841968100119681129    8620334013.36    1745980283.07        2.37        2.22        0.20     126995040.17  864405864041.04    7071958838.21    736928491    7864792390000000214
19681129-050336FIN196841968100119681129    2332220694.30    1000187198.89        1.21        1.14        0.43     623974890.79  578885767821.75    2280673112.76    825499787    873961520FVGmQdOORBhcLfIPiADRHiPNvGlOIkkKoLhHGhaUNUSHWVhKqDfXAFFT    
19681129-170359FIN196841968100119681129    7945679364.07    1726856397.90        4.12        3.84        0.22     128914762.14  221017783401.32    5604972569.81    419333300    4495358180000000197
19681129-235009FIN196841968100119681129    7674036082.45    1377489857.92        5.17        5.14        0.18       5129168.50    8680659692.98    1798805956.14    266304887    2678919230000000004
19681130-102817FIN196841968100119681130    1685453453.29     668727683.62        1.37        1.32        0.40     865033399.29  269064705156.82    7406769889.74    489766679    505944133klFMXmnqXiqaAzvNIJDQvfEPCAGHPKxCDoQIvqNaNlO                 
19681130-152234FIN196841968100119681130    3299048007.87     188828000.99        0.22        0.21        0.06     169277295.08  143750038070.15    2073271551.31    859824212    910845309MVCKckBWCQkXbqXuPPxiqbioWtLPmVFWPDdIQsbx                    
19681130-211230FIN196841968100119681130    3963804875.46      38893450.54        0.08        0.08        0.01     899717106.66   68917894181.20    1400432751.41    482174455    5033414900000000248
19681201-073119FIN196841968100119681201    6279854136.53     435884311.50        0.44        0.39        0.07     163611501.56  682121323986.78    8462584863.67    989581391   11286008590000000168
19681201-123231FIN196841968100119681201    1641028750.18     482117934.41        4.47        3.79        0.29     667776520.87  782118757052.09    8496782705.09    107743414    127261468SAFZEJLLiMLuOrGrCmR                                         
19681202-001028FIN196841968100119681202      80639221.51       1576917.99        0.00        0.00        0.02     352803883.72  638855497476.98    9307759382.54    533394445    618032636caTSWZAZArGJdoyLThaWQbFTpAgqCWU                             
19681202-090743FIN196841968100119681202    5786598257.69     586897956.62        1.73        1.60        0.10     746174309.47  983480130060.38    7772160463.03    339259514    3679035080000000245
19681202-094414FIN196841968100119681202    4779284126.82     606231149.23        7.23        6.87        0.13     847878788.60  489603576398.97    7992534969.43     83836349     882499870000000216
19681202-151512FIN196841968100119681202    3564377184.37    2232093960.46        3.15        2.70        0.63     779013869.65  833545418239.36    6102546744.84    709047913    8261581480000000098
19681202-172944FIN196841968100119681202    3683209439.29    1543853304.29        1.76        1.73        0.42     649633124.51  109362738257.81    7183263956.50    876816311    8935295470000000269
19681202-180810FIN196841968100119681202    2310919325.01      63019064.92        0.18        0.16        0.03     180692616.90   99923617449.85    2293331503.94    352113544    390047134RxKMPKUYDaeLqGeOBTUQL                                       
19681203-055935FIN196841968100119681203    3281584126.24    2086313119.69       10.05        8.77        0.64     800618898.94  952519011731.49    4564812848.23    207514429    238011718bWRTyqCBjRtUsuuQWDGpczVBR                                   
19681203-135508FIN196841968100119681203    1348880288.73     590558148.36        9.73        8.14        0.44     427136690.80  983455359763.51    4603353168.01     60665036     72584608bBrSPifIaInSAkKzVpJPPTGoCxaskRtmBSgXElBoGwDiLnvQRLHRTFps    
19681203-161852FIN196841968100119681203    8851043110.70    3552684838.39        5.42        4.53        0.40     701004014.07  311632340782.52    6742467045.03    656002295    7846365670000000247
19681203-230654FIN196841968100119681203    8619588988.01    4244890461.54       24.91       21.77        0.49     475559385.49  615899020158.51    9144210877.50    170411824    194943306sasJsAiQXBqARxyjKdDOVsBHZKXCJfpqRNOO                        
19681204-100255FIN196841968100119681204    6440111192.45    2262812603.00        2.61        2.20        0.35     175750650.71  273372010977.21    1492804463.42    867367772   1027573399wtUTIAshgTRlJiCRkCrsvGzSDTTpQWXTsIEaW                       
19681204-173539FIN196841968100119681204     419468892.65      74346534.88        0.14        0.12        0.18     739716710.22  340944755130.34      93434894.01    533230025    605590881NFTuJAFIlmSrWNg                                             
19681204-193859FIN196841968100119681204     273089654.02      41605171.30        0.05        0.04        0.15     948556999.11  998040180671.01    5632226472.65    786377196    938127536UrwpdNLBvPyFfWsKNUZBkxBYIFMgONcTckRzWHRkX                   
19681205-001758FIN196841968100119681205    8629542925.11    5038793238.64        5.36        5.19        0.58     907431057.52  283793549644.42    8020017095.40    939242451    971485295jnhGOQaSGPLzBRc                                             
19681205-071931FIN196841968100119681205     442768046.29       4905431.48        0.01        0.00        0.01      59612167.36  645632828295.39    6572055262.68    963896159    989244220zZCyFkqieiPsUGvBJwvhXNW                                     
19681205-095059FIN196841968100119681205    6287074289.90    3827659403.66        4.04        3.62        0.61     429426025.51  508663455043.18    7674258510.19    946786178   1058702715ZhIdRbKPWAgVuLWwGjiSzfUwYjCcbBxBFSBRUTWUrlOaeUrUYxllZN      
19681205-173517FIN196841968100119681205     740614971.26     258229398.55        0.32        0.31        0.35     362296098.98  970220443146.94    4543760042.95    795149157    841006368CPbjomnFaRefNvPPeEHDjAzPjOyYJWrUltlm                        
19681205-234828FIN196841968100119681205    2232170289.18      41204742.17        0.05        0.05        0.02     670726302.72  991684245344.07    4635820135.25    872237315    899997318AChNrBRFTkjZjDXSGVlG                                        
19681206-113522FIN196841968100119681206    9045778022.14    6278753802.76       26.13       23.70        0.69      52559717.23   69259336222.88    2829186984.72    240318783    2649606590000000093
19681206-142617FIN196841968100119681206    8245817540.54    4158450190.85       15.57       14.98        0.50     346345583.39  902727097469.51    7308294284.55    267090425    277564898YNouztDEEgVJnWzrV                                           
19681207-013422FIN196841968100119681207    6143347337.19    3340866036.21        6.71        6.69        0.54     114460804.90  980537147063.08    8034670550.05    498055594    499728827JxibnxxwutBfIlIxvCIo                                        
19681207-112859FIN196841968100119681207    7118654353.88    3425585717.04        5.89        5.48        0.48     371983985.29  828028472577.43    2259372937.88    581824696    624812500TVBaQTDJrwGqJVGCBssskBnDsDMLUWwziNkIsfdVbcTmSYVg            
19681207-141058FIN196841968100119681207    5421780461.67    3557267214.98        9.27        8.58        0.66     377477561.58  813829881948.68    3851658404.94    383764095    414778815nJgDmxalbZMjehwzTKHgRRhEstWQSEDBlRhSmYCUfAPFvuhBBbOwQbNKdVqs
19681207-225504FIN196841968100119681207    9759467798.93    2571240134.05        2.86        2.45        0.26     364299707.75  713847000124.55    4480590490.85    897786994   1048086559BBjnRjSGtZjneIEWFBAsWQhyXIByDhVQqgblgSWLNztfSnROkRGWk       
19681208-054737FIN196841968100119681208    3890816689.80    2672292346.63        2.83        2.78        0.69     188502005.93  161077452882.94    5297340541.36    945434635    962357057QTlJJPTwTIKGjWucWLFdQIFqUFDViLqZHmopzBSaxPctxonmQDYpdPzwRDD 
19681208-071007FIN196841968100119681208     237514662.72      84895928.08        0.11        0.11        0.36      50722617.65  781546571417.08    2206048616.71    780136756    7967390030000000161
19681208-163810FIN196841968100119681208    2494647371.93     458190280.58        5.14        4.73        0.18     980114073.48   54776529310.22    7172005561.14     89151575     969010590000000094
19681209-043308FIN196841968100119681209    1076995316.13      77433928.04        0.15        0.13        0.07     948534149.04  793629156865.84    6765013650.70    506257210    5948451920000000088
19681209-085026FIN196841968100119681209    8954066673.56    6241583291.28        7.50        7.21        0.70     106473569.07  147276949941.73     722368308.75    832185364    866015927rjkmNkyRrYnpSUDcOqIviweufHAQzFKBSXsYPAcKkbMbBVsEUWMNMRKJZK  
19681209-155629FIN196841968100119681209    3337577256.87    1085351324.31        1.16        1.03        0.33     589215492.34   40842035284.74    7353300439.66    935322011   1053306194XYBskXbBKdGkRvEStCHIPFqiJyXvXziEXjAwTvvfWRJc                
19681209-155702FIN196841968100119681209     702060814.91      78135783.07        0.12        0.10        0.11     238788836.69  941079891856.35    2091792200.03    676865714    746440917gxRDKFSvPlmeIOeEmKDFgLkPgZLTtoGjaHHWZjKtlLUyZjfjUTUOEdaZC   
19681209-161111FIN196841968100119681209    3260713536.15    1737113236.22        2.21        1.96        0.53     328750874.74  540946921584.03    5526467477.14    787233379    884637669jUcPVhEyIOUOiGIFCWXeodPfeZnFxPLWfseMUNWsZXXpfHPOtVSQAmN     
19681210-035554FIN196841968100119681210    5270725538.58    2820925843.13        5.53        4.86        0.54     236519322.53  951686783015.90    3368555716.12    510403722    579871263hUAyAuPbTqDYKLMtyUtVl                                       
19681210-124102FIN196841968100119681210    9952081477.85    2352725855.71        2.90        2.69        0.24     596015184.63  355010349005.35     247978295.27    811280966    873056732WVTbnEYAjlAgSBOTMJsdVAtWl                                   
19681210-161643FIN196841968100119681210    6905090857.03     683156274.19        1.17        0.99        0.10     944053185.85  394056748319.89    5409857552.14    583290275    690554479TzOOKJSXlzetRDAZNOaBGRiAoYkrPjDLzvR                         
19681211-021913FIN196841968100119681211    2113994732.30     681052411.97        0.79        0.77        0.32     596770891.46  122944540915.41    6876352222.34    862680175    886606936GCjVjJdHNLUhgQD                                             
19681211-043938FIN196841968100119681211    2403011871.46     805027500.27        2.16        2.07        0.34     319984384.41  293220699931.66    4599918732.70    372882334    389152313eAfJWVmnTddPHokOZEIOLX                                      
19681211-075739FIN196841968100119681211    5144105292.00     524136115.33       13.75       12.10        0.10     127148669.60  569822784004.42    8888407685.16     38131116     433319690000000078
19681211-191530FIN196841968100119681211    6259804808.35    2547403452.02        3.01        2.51        0.41     275043482.47   63656434137.24    1771971568.47    846866892   1014808724upvMBmYtrKVRduXOoBpWfPZLVOTTQBJKRvCCGAyjHEAkNNHWsPer        
19681211-212559FIN196841968100119681211    9515830299.79    1984771828.85        2.35        2.00        0.21     547359514.43  595910879157.98    7747443701.44    845938770    9941728550000000016
19681212-024126FIN196841968100119681212     984209280.25     513255003.96        3.23        2.95        0.52     544250500.72   22028747639.25    3498479323.81    158747280    174030731KSoNMtKJWQyAnWxjrBpMADCTAAeWKIdDQIoyXRovOiONJHrODGwVNhs     
19681212-051203FIN196841968100119681212    9232133000.88    3827066515.15        6.46        6.45        0.41     124514237.98   96043591827.46    9360859830.55    591979658    593047142xUJWMEEmEMdIWSDGXW                                          
19681212-172246FIN196841968100119681212     206397278.61      45248415.43        0.35        0.32        0.22      97094816.31  562000163067.64    8897543529.41    127573666    140629047QFRbFMIOhFIvNDHHKUIHIwUDsyiGpkDUVMQO                        
19681212-202835FIN196841968100119681212    6861034237.76     250079162.50        1.40        1.17        0.04     447012214.33  327212858818.30    8193356221.78    178370175    2138624530000000162
19681213-020431FIN196841968100119681213    4199352779.94    2340848406.16       58.28       51.38        0.56     155877095.79  854342198566.06    6423194810.43     40168201     455601000000000105
19681213-042938SECAAAAAAAAAAAAAOCCOMMONACTVwtUetMBtoySO                                                          PCX   797270217    1929082219560818        2.60BCRRYMzpoAimKRITzLWLsoomeKjnZvguJDE                         
19681213-164747SECAAAAAAAAAAAAANVCOMMONACTVfRNVbDHhqF LILoixW Np oSCbIRnRUFCyNPiRmHlgHAxFVdQdGYGRbnzLrKTP        AMEX  72797805     1955052019490825        0.960000000107
19681214-043840CMPSARaVdhCPJMJsywIVYxVIGlKpQOYSWlUyJJWA                       0000000300ACTVTOCCC 188710102856 Courtland East                                                                                                                                             33705       Virginia Beach           VA                  United States of AmericaNojiri                                        pxglIJthYpXMhnGoiLtkxRXxpXzHZAZ                                                                                                                       
19681214-171839SECAAAAAAAAAAAAANOCOMMONACTVeQtHOpDuQIPpABUQizFkxCRrlKVSLsouJRqYXYeEW                             NASDAQ774353346    1929021219560528        0.720000000065
19681214-213133CMPFzuWHOjbJtAqdPBDUNBDPCVgzDJCICRWjGanExYIla                  0000000305ACTVAAC   1856060410863 Wisteria South                                                                                                                                            22226       Ottawa                   WY                  Canada                  Cazares                                       NouTiqOxwOjgBNnw FVjTkluXIehGKWAuPqXodkFhwFkNKxBisbsLqGfcvPdrUMRqdiTcpdDVwoybNi nKdFSQIvbPGveruJITtLHOnmTQB                                           
19681215-101714SECAAAAAAAAAAAAALQCOMMONINACPO VCPYWTgHgGvhFdNAd                                                  NASDAQ863852357    1875032819430526        1.05MDjVavoVSMeRlCAiXqmFZzvARFaNTAslRoYCUeWRGOXU                
19681215-153823CMPTWBDSgWImInakVLdROJKVuaESNTiEPrcWp                          0000000286ACTVMSBB  1952041614716 Mockingbird Lane                                                                                                                                          V6T 1U2     Providence               SC                  United States of AmericaKarr                                          XguDvPQYLEHWSCacI                                                                                                                                     
19681216-041244CMPCMNZGDMMZuKaVsUtXlNkcbDuVGyfCoo                             0000000291ACTVADCC  1895032216670 Meadowlark Street                                                                                                                                         33015       Evansville               NE                  United States of AmericaSummerhill                                    yGKsDUVdDQVYLAvFPDN                                                                                                                                   
19681216-050703SECAAAAAAAAAAAAAONCOMMONACTVJPNXitKqMJScKJSmGnTJNSRAqfHkdHEKXhlRtmGGAtmGV SXGa                    PCX   889155487    1943050519280702        1.170000000042
19681216-145539CMPrIjKQBcuJJFJEHvMVNtVHWeJQexomKDiRtcXSLqgAxd                 0000000296ACTVMFA-  1914062615818 Davie East                                                                                                                                                V6Z 1S1     Virginia Beach           KS                  United States of AmericaLyde                                          ndsUpWKQqHIXKCHYGONpAvZApSMzvESGSAIStBnyGwYOz                                                                                                         
19681216-175848CMPOKxxoVoQclIoWCiEfutOKeGTjshAudYQPfIEDrfUSJhKHVyfApNYkZUl    0000000301ACTVHMCCC-191905114433 Fillmore Avenue                                                                                                                                            31406       Montpelier               Ontario             United States of AmericaKriger                                        LxvAjJPzsRHwKWBtvzyCgjTDSmThCluKvueM                                                                                                                  
19681217-061658SECAAAAAAAAAAAAAOGCOMMONACTVMAgnBnuEjUWvzKypXjwfcxoGTyUWFVNYUFLF                                  NYSE  81384407     1898071618541129        2.89VRCqMDchijxAuePBgjywAGgqrVRBEFpiTlAyRVbIdJsaEVtlYWHXc       
19681217-144316SECAAAAAAAAAAAAANZPREF_BACTVloQWPxjANMVlsbuLIOvGVfjXDNSMKNGtPWXFpaVLXQukAbORQwuPLKU               NYSE  479913882    1874100619410509        1.510000000052
19681218-025513CMPGKXARCFbFebKiAlLUJXKJgRjmqXdAQcnJFJAKTzRouxMxMVkXQMjtVZu    0000000069ACTVRLAA  19150509351 Ennis Way                                                                   Apt. 155                                                                        V6K 1U3     Saskatoon                AR                  United States of AmericaBosque                                        RNSPJ JNcVteXKNhOtxrIwmOpgLMtWPzIKjWiKqkoCqbTTSCBzHX                                                                                                  
19681218-115057SECAAAAAAAAAAAAANSCOMMONACTVGeMuCJAPxPJE                                                          NASDAQ562516771    1956071119070707        0.91PMgDpipjuKrTIpAxZtGGvOYns                                   
19681218-132924SECAAAAAAAAAAAAANLPREF_BACTVrNOwgIEaQzYDSiNHypgYCfQEYEqIqsTjGJnUFKZGFwMMgcXayYETCKUvyPiKWxaNSFR   NASDAQ146513308    1951072718910305        1.12DcSqnNQSIiOKBEchN                                           
19681218-184155SECAAAAAAAAAAAAAORCOMMONACTVjdDhTBBilYXcRToKAGIXTzUsm Ks                                          NYSE  298819203    1916112718730628        0.01lRJmPfbJUpmORFMRnbyTADExGTDJQlwShQPpHDysIlizHSnZz           
19681219-072506SECAAAAAAAAAAAAAOKPREF_BACTVNqvKVwmLTFVIqB                                                        NYSE  788750285    1908021819630617        0.740000000281
19681219-165133SECAAAAAAAAAAAAAODCOMMONACTVQSUPOBAPAkiHUByDnVuK LzAwlZjnbHNnZuMuTdJRWTrOO ntRdrhKDxOPrFJ         NYSE  73919311     1900033019301126        0.08WomBVNFABCECNZiiffWyGfSg                                    
19681220-051544SECAAAAAAAAAAAAANWCOMMONACTVAnCAHUioBCrfYp RODHrfeDCIFYFOuKBDyiTMv                                PCX   869840484    1953010819541024        1.950000000268
19681220-055705CMPiNuTMtqINROPsObyMaLOUMbPGMOPmmRgKU                          0000000287ACTVCMCCC+1875042917837 Sweeney North                                                                                                                                             38119       Salem                    CO                  Canada                  Sause                                         lmIZonOwDBR  cFMu                                                                                                                                     
19681220-180424SECAAAAAAAAAAAAANPPREF_DACTVsiDXBNL lNfJkKuKavdXVkVVjJDLjngMoieeyOA PyIsjeCBFREAcJwAJPwFBrvG      NASDAQ314339827    1912071518780228        2.460000000105
19681221-010333CMPELAMjfmFMecDlKJA                                            0000000292ACTVMEBBB+1892062710381 Voss Rue                                                                  Suite 136                                                                       36676       Bellevue                 Quebec              United States of AmericaJimenez                                       U LHSqNXXuxlSpSjVVadL xrMmOVDpjzeAgpDIOLROwdNCFqBNruVTVSNfWkTeTAUqzJlURWwGnFB                                                                         
19681221-083016SECAAAAAAAAAAAAANICOMMONACTVEaXJsEwkHhGZNLTOnLtYdbeUQUCCDBexeqpDxOMVqlBbflIRNkKVFUZwtC            NASDAQ673783040    1897121319020620        0.940000000218
19681221-211324SECAAAAAAAAAAAAAOOCOMMONACTV wZDmjltNrBw                                                          NYSE  98585663     1941122818821027        0.290000000227
19681221-214114CMPhmMBZOgKnghDURkkMSkOGO                                      0000000297ACTVPACCC-1933123018065 Four Points Drive                                                                                                                                         64174       Charlotte                Ontario             United States of AmericaCastricone                                    XQBZSdzqXFyCJjaqoMcHTAdLbOUWc VsaERnIthYTBuzlTilYLhQMEPqK PEiGpvLrrCAAuHLFBvLCAxmFPunraTMMxVskAFLApFyTTuvsXACJwerNBdGyrRRPNKbjIfmRSHVVtTcUVuIp        
19681222-091307SECAAAAAAAAAAAAAOHCOMMONACTVEMRjhTGd PPAKTwQXGYkOrByevaVyBF                                       NYSE  738648734    1928101918730831        2.09kkhSvCsfgbDUvsiZWtPQwjkYPwKrfTUFMGMCWCBXBcOcTkaLSudO        
19681222-141843CMPCNImJfRWPVAdRMNOAHXqBPWKNONdSeZUekvQmYGksPKaFMtxEDxSf       0000000302ACTVSPCC  191611145258 Trinity West                                                                                                                                               39216       Burlington               VA                  United States of AmericaBennie                                        VFIRRyKmoLQuglcQnQhBzPlCrAaQwjHAG lpnqW VsrsDpQuIKPSRrbAXzxUYTIXNM                                                                                    
19681223-001919SECAAAAAAAAAAAAAOACOMMONACTVGVcuEHUyZw                                                            NYSE  262151413    1866081918990322        1.67OlslxTufUjgVqUKlDwLYJDtrIxgvIYycycdzidIpeTImioCYDZ          
19681223-030129SECAAAAAAAAAAAAANTPREF_AACTVMDnsAEgYGUwRDrtDRIRtNqi                                               PCX   47657918     1875010319600207        1.400000000114
19681223-132810SECAAAAAAAAAAAAANMPREF_AACTVVujBtJZSTBYFCEzo                                                      AMEX  357863345    1959120119271001        1.08MWSRfqgCEKzAryF                                             
19681223-142805SECAAAAAAAAAAAAAOSCOMMONACTVEOrMzWlfrGkzfnNbOtY                                                   NASDAQ205514060    1928021419250730        0.860000000246
19681223-233035SECAAAAAAAAAAAAAOLCOMMONACTVahJrzZrKWkwCmzGTMOKHBuDurIkgPKSbIUXuBiVvbBzOgBJCGWJFH                 NASDAQ54834033     1916020719150223        2.440000000134
19681224-042554CMPDGRnGSpVECCpqPNWQFrXCqxvAKEHbMGsTakcM                       0000000140INACCVAAA 191210091817 Danvers East                                                                                                                                               93914       Chula Vista              British Columbia    Canada                  Seroka                                        AMuKdPnBOHwCxfeHLCqu                                                                                                                                  
19681224-162725CMPvZBwOIPtecNjyUIYbxuDSByWKdehmvEaye                          0000000288ACTVRTBBB+1962110213296 Wayside Boulevard                                                                                                                                         V6S 1W3     Arlington                MO                  United States of AmericaGosz                                           LDdI pRdopaFQuASupHEQMNGtvoaEgBDdIgOmHYsjzBGvYFVRGtXmgXMUalCvAMoqSoxDkEEeFtCANIECNnyVZBCCVvYaGhXkuvmwYuHEMKWjkBNIagUHNNuMGNNWrZTcNvsHQzTrjTunOaHp    
19681225-025155SECAAAAAAAAAAAAAOECOMMONACTVZdTHLwGbkhI                                                           NASDAQ463652684    1893042019661220        1.39WVTbnEYAjlAgSBOTMJsdVAtWl                                   
19681225-052826SECAAAAAAAAAAAAANXPREF_AACTVeBeSBoYyNewRNZOANuEJXs JaAiiU                                         NYSE  547210605    1943081018830704        2.080000000274
19681225-064049SECAAAAAAAAAAAAANQCOMMONACTVGkRYYuQQxNjPF                                                         NYSE  353662308    1876120718951124        0.90MDjVavoVSMeRlCAiXqmFZzvARFaNTAslRoYCUeWRGOXU                
19681225-115037SECAAAAAAAAAAAAANJCOMMONACTVAAgyFQJEUSrMXPpFYRUo gNVoAVAXVOafikAQ                                 NASDAQ4889066      1856082419540920        0.86MjlYhFqEvRINvXTOQ                                           
19681225-125654SECAAAAAAAAAAAAAOPPREF_BACTVkITQ NMSOyDQKQtfbnURYUGBSQrJdBSGpKisLUO                               AMEX  625446188    1884040619670212        1.610000000104
19681225-163926SECAAAAAAAAAAAAAOICOMMONACTVkrvTwnpNIDN CINYrDIsuiuSWAcUNspOxUXYPVxjOBeetBUzWcKOnHM               NASDAQ892941459    1854111018960427        0.05oGPrWRemUJeXXMXihEXsw                                       
19681226-043953SECAAAAAAAAAAAAAOBCOMMONACTVQWrEMIs itwIdCipJTpLAeJEtTEostAPGNREos xxMpjSj                        PCX   762497280    1911032618780903        2.83jlkBZXPcVEbEkvquHcRWHHHVGNQxJWnBWpCCCKENWGMjHFABR           
19681226-152337CMPYIRKwLLQQeChkPCwauUFaEPKDXlfppNrpJToPmkJUBKnARwrsCTgKPbkX   0000000293ACTVRMB   1906032521035 Trend North                                                                                                                                               94430       Calgary                  GA                  United States of AmericaWaddel                                        PXIL TUKoAhGgRTKaMRsiGPwfUFpGdQXwMjnaVcrpNgKPsyySeiRCisHzsuI NTFweBTNyjOBaLNSERZOfwdkVWbXYyzVlvtQIOLtcJcVNLfDuaUhFItxqCTLHSmtT                        
19681226-215432CMPChQuVSQJqkQASVUbEsHgAVlSDwjdTnsJLaftIDBctXFITAERCqHGqT      0000000298ACTVMFA-          12960 Glenmont Street                                                           Suite 405                                                                       M8A 1V5     Bakersfield              NH                  Canada                  Neihart                                       EeEUwDFgzIGF HldGOrTTAgGtBGrGhDImq eFdKBKpSRUOIWpGirFxsOOIyOkpSTsHSjatVRGeDLCserPBSVpFkmpjdIiBhLyYsUDzHPGJynDpHboFuNFl ZfhtcQlHNdVDicBWtNFskLw        
19681227-020844CMPnFyMBMGPQxXMuGkXNZTwlPHW                                    0000000303ACTVFFB+  1904052124273 Highland Boulevard                                                                                                                                        60697       Kansas City              MO                  United States of AmericaChristian                                     wcTHUpaCZMrOLMPGtaGlaYluJLvGSTVtVDqhWTrTbSIySZkXbeNur yqGMqsDOuTRMXejnK B                                                                             
19681227-130537SECAAAAAAAAAAAAANUCOMMONACTVvdcRheVuJGozsJRuXUJuStBImjMchLYFGIibXtdBsLIeFtMfxThTAVHPj             NASDAQ977829573    1949071619440818        0.750000000036
19681227-181719SECAAAAAAAAAAAAANNPREF_AACTVzQXHONRNNgesGwaZPNJZwwBOD                                             NYSE  198040776    1945101118990430        0.15BUJliDksNtDYNWtXQNvxDqRcgLvBFezlasHGMAKJNGW                 
19681227-192456CMPJdiZrwJEdrNLNWXJNWGnBtLXQQoXwMqCLaWvEutBAc                  0000000284ACTVRPB-  1856121219906 Rollingwood Rue                                                                                                                                           78725       Miami                    AR                  United States of AmericaPasqualetti                                   fvIjHyNRDkPhIahVZTCAWHOFsvWPqQtWrOxUctlQDOMeFxWa TAQILpGKgEMPMhPLoDZmIQPrGVzrvIHWVzpOAUJD                                                             
19681228-034429CMPrtvXjMZLWyppRKggFIsVfDxWaVaCqEbTFrGyRfGXYUZ                 0000000289ACTVRRAAA 1857110915213 Parsons Rue                                                                                                                                               33173       Buffalo                  MT                  United States of AmericaHuberman                                      xdHxqzNKoEAPmmOQzjaetZnHXacuGdGMIwAlGiEihQOkDOFhAxChPbKoSXeVpi tpBFHxFIkQDHsxOJurwFFliZatfWZCrXOPOPxgABmAHHUHtgO                                      
19681228-100245SECAAAAAAAAAAAAABSCOMMONACTVRqoLhTeLJUfg                                                          PCX   812576441    1909072719051231        2.75rRWSCLIgDQcKoOgUnyO                                         
19681228-193835CMPHGWXWbILzcchjkkPJiLFhFtRiU                                  0000000294ACTVBSAA  1914090912818 Strand Park                                                                                                                                               31210       Augusta                  Prince Edward IslandUnited States of AmericaTricomi                                       HmOorQufzOKJuXIpApIuhzItNsYfwxyLuIuZjQTptHpGbhi JMmkRbKPQUTIEBNJobxH JIuWwgH DybpwH mHHjJGCdgOijKXk                                                   
19681228-221213SECAAAAAAAAAAAAAOMCOMMONACTVIGLVyzFcwBHDQRSLNJpicHpEAWAHqAKcuxBjaZFAukxxQgYrnjsLeVTwWTnmtGiwedNyf NYSE  476493681    1895042818551219        0.710000000030
19681229-095155CMPPMNYJnJMPCCmaADPAOFKyAxrSKTyUpAeDlVFBpxMZ                   0000000299ACTVBSCC  188206235755 Bluff Road                                                                                                                                                 30906       Seattle                  ID                  United States of AmericaFrappier                                      AGxqyBSfzGqqYlorDtIvEVkIOMEoiDjJKhfBGREQhlaSEbGWbLcWUkCkKUMeCjdlRigqGkAnBFCg ITqTNHcTVtHfHBmnAayZDrPDcmGg FeXTIAmZRSoDFKuOwIMpfjKcdFJcWnQswbAQ        
19681229-121137SECAAAAAAAAAAAAAOFPREF_BACTVM RLBETSrTiXgPBwuI                                                    NYSE  309255292    1965060218600426        2.170000000174
19681229-131502SECAAAAAAAAAAAAANYCOMMONACTVjdBJLoVogJrKUbYOpxtVWZNUjrqUtCDordBYMyREqWzOvDRspTOOcLQkRuoLEDNvS     PCX   864486605    1921111019660925        2.67BUJliDksNtDYNWtXQNvxDqRcgLvBFezlasHGMAKJNGW                 
19681229-180359SECAAAAAAAAAAAAANRCOMMONACTVaNJdFBiGRQZMyLAjTsYLIAFFgjZKCJnRPqxhHaJJVxj THc                       PCX   467318762    1850110519400905        1.420000000003
19681229-225247CMPCGFShNPLsjQMGNuLREIoALADJAmmIpTQHNLXYhqKMDPtcOfKWqdykC      0000000304ACTVWMAA- 1886032020040 Ryder Crescent                                                            Apt. 80                                                                         36601       Warwick                  TN                  Canada                  Sison                                          AKlqDgBTKlocLcQaHHZQpPOqPJfMuVIYzoW ztrcpbfRyIpfcLZr dRpyKEQDCDdXopBDrRGWknvOkSnsJODH                                                                
19681230-034842CMPsHJPvMdOrXRBSeJNuU                                          0000000285ACTVSCBB+         12393 Grant Avenue                                                                                                                                              T6D 1A1     Missoula                 Manitoba            United States of AmericaKnoke                                         qZ N rtNeqwOETbXLgDgObaujIWcSWuwMAlH QgUmhhYLRAHg DkmPKQlswCtSeDKIEfFTGhTbXTIURAAQwtGk                                                                
19681230-091753SECAAAAAAAAAAAAANKPREF_AACTVwRfhLxLUIQL SGdrBZgzhuIBVEtkFRsvXXlZnCkmAQXtHUkFORzcthYypPdBEUEaNFF   PCX   180698411    1883103119630620        0.780000000100
19681230-153108SECAAAAAAAAAAAAAOQCOMMONACTV DTWFMNaIAoIVSYVRerQYEkzWtWrdnB                                       NYSE  92183663     1937110518530927        2.40TwGeQWSZRutslqTfQchhwXliDBoPoiXDLERDLzByqpHVOKJOa           
19681231-031530CMPINvkgTARBMdFkQysKCE                                         0000000290ACTVDDcdf 194005098155 Storeywood Road                                                                                                                                            33109       San Francisco            Nova Scotia         United States of AmericaOrmiston                                      q CVwPECVBmQehgIhIxpOLeTVBCzOKwFPvvhSZTezRqaLRsOdkuUCgwWoJbildOTcogxmPQsDbHroSfMReygrmUgKNfKZLcfK VXPTukcOMLOKZOFEhHQWHjCpZVGBOBzTAUfO INya           
19681231-124151SECAAAAAAAAAAAAAOJCOMMONACTVBeVtpltrMJH                                                           AMEX  918860724    1967112419121206        1.11TGfFOOldnTHLjuAaQqJBgbibktVyiLStkrLCynHAZNCp                
19681231-235958CMPkwxHMEvosXrImfUriQWRASRFjyNtWQFuZENaNasqamWJITEF            0000000295ACTVJSA   1938082811538 Collinwood Avenue                                                                                                                                         10060       Huntington Beach         KS                  United States of AmericaMciff                                         rbDrzHROiNGONBJPpGuhodIMKjDwKmfjCdIziTOLOLpUHOQQsFMwAJyGkzLIFUyWOFKAsMXdZSSrZSLjFDPGmdrggVPyQQ                                                        
