19680401-015042FIN196821968040119680401    6833910887.64    1154838425.12        1.46        1.44        0.17     608035636.94  184850347117.61     762495600.33    791820095    8014185590000000236
19680401-035527FIN196821968040119680401     603980579.49     382331577.28        0.41        0.35        0.63     447713257.47  699422546914.19    9288018804.47    942297644   10933424560000000058
19680401-143845FIN196821968040119680401    7474935125.54    1947404529.32       12.67       12.61        0.26     839592717.20  199937328662.45    1983203665.88    153755003    154408703jxaIsXvoqNCAPUhTBPHOyhJcQP                                  
19680402-044244FIN196821968040119680402    9310619308.70    2729103734.28        3.64        3.32        0.29     927512792.23  244412703865.85    3070036178.25    749863038    822669496QwnIbVnuGKkXinwkKNLkqFNNlyDxVORxOQbZXbKhdqPCFoPBEWbUnxOfI   
19680402-071107FIN196821968040119680402    1594056256.82      80365559.43        0.09        0.09        0.05     371288543.58   96157348703.36    8117331703.21    881288933    883588693wQrvCKRaDVSIIKjKecurCvLTBDTjUkp                             
19680402-115506FIN196821968040119680402    1362524062.00     414485932.11        0.80        0.71        0.30     637455381.02  255472891803.40    4834229090.62    515901552    582419641yzVtIWYoRQKKPNbDwXqdBMdFXWIZfiTteG                          
19680402-230322FIN196821968040119680402    4179415948.46    1853476055.96        3.02        2.64        0.44     722278368.58  492371599030.43    1936045511.95    613309506    700989990DcSqnNQSIiOKBEchN                                           
19680403-091309FIN196821968040119680403    1959364043.37     521869716.95        0.53        0.45        0.27     860159665.34  721427889216.10    3400823692.20    977118916   1152040624jnhGOQaSGPLzBRc                                             
19680403-192649FIN196821968040119680403    3421891946.86    2323113452.40        7.92        7.59        0.68     760828839.17  980753627595.80    4704817152.15    293155695    3061604190000000130
19680403-233552FIN196821968040119680403    4432233279.55     852359752.41        3.41        2.93        0.19     879419603.00  459743033094.58    5910190830.85    249612844    290427131JBVGSITqKIBgMsApVRYnGNZpUBBPdFAEAS                          
19680404-104556FIN196821968040119680404    4860384635.53    2911934987.39       26.71       24.25        0.60      25751769.03  369862462625.17    4764239189.17    109037849    120064794RAtXIperFfSBzTNkUHKANNBGDCfGgILLuOMHtQhR                    
19680404-185524FIN196821968040119680404    7515531884.32    3781540048.14        3.91        3.74        0.50     998704691.75  412013882858.69    6078939807.28    968039397   1012391252caOaabgKJQaXSZiUGJIHBtXLntUfKAkQvMDyj                       
19680404-190527FIN196821968040119680404     329896051.42     175847495.16        0.27        0.25        0.53     802330141.27  401189507864.30    6706631181.18    653915977    709579214MVCKckBWCQkXbqXuPPxiqbioWtLPmVFWPDdIQsbx                    
19680405-010024FIN196821968040119680405     964154483.30     426621743.28        1.10        0.92        0.44     360821590.42  991156497046.21    8087117719.95    389595218    4636407300000000087
19680405-064114FIN196821968040119680405    2963955433.06     443570580.81        0.73        0.61        0.15     888872195.45  803138674947.70    1965208954.67    608553279    7214113550000000158
19680405-203729FIN196821968040119680405    6714187186.45     911474979.57        2.25        2.23        0.14     376114729.43  610775721620.81    9339274840.54    405162102    408200105NuOvzuSYOeQYHwiHbx                                          
19680406-102836FIN196821968040119680406    3575799384.22     819758241.93        1.62        1.48        0.23     905752333.52  509073192718.63    5680638584.22    507484185    5525495900000000118
19680406-165634FIN196821968040119680406    2085646487.13     198178512.81        0.22        0.19        0.10     225324760.22  996628140066.25    6902598309.29    890492208   1032387272wIwqEOGBhJEMMWLLUMyBfS                                      
19680407-033841FIN196821968040119680407    9205006413.40    2617019654.63        3.49        3.38        0.28     309511700.89   46333269333.88    7646090295.13    750593229    7750541830000000222
19680407-100644FIN196821968040119680407    4196237679.55     943300830.24        4.85        4.12        0.22     441501496.26  461108806996.66    8022501736.49    194521808    2287516610000000207
19680407-155420FIN196821968040119680407    3161417892.15    1272296664.69        3.30        2.93        0.40     576251086.67  526907386496.81    7669519364.77    385389816    434604340qTWHBOgEuGnUTcpDWXPStEWt                                    
19680407-222715FIN196821968040119680407    5890298470.89     560277313.45        1.46        1.25        0.10     655474784.41  106985182116.94    8105596827.10    383080020    448764437bDehSFMUUzvBayHEfHPXduNBnPkf                                
19680408-082623FIN196821968040119680408    8380054368.03    3961131236.11       14.75       13.93        0.47     480083434.82  934380402131.56    2178668210.05    268579399    284285981DLOqrAMsniZCUBVpOTjUgaEEZbqdWYSFFoVQs                       
19680408-115758FIN196821968040119680408      69977169.17      12955686.77        0.02        0.01        0.19     857769533.98  110243610088.31    8158909877.09    737807031    8750638100000000069
19680408-234313FIN196821968040119680408    2203757497.17    1417477636.78        2.37        2.16        0.64      32029280.16  582319359263.45    6996272804.75    598181845    6570469210000000085
19680409-040325FIN196821968040119680409     318803416.09       3630210.23        0.01        0.01        0.01     112755118.74  127758494830.60    1819724850.28    613286377    6615122230000000193
19680409-164158FIN196821968040119680409     450712189.87     298256254.22        0.56        0.53        0.66     892692113.25  155881292250.63     992855566.90    531002967    566848114mJmRJtJARsVsPrXR                                            
19680410-064345FIN196821968040119680410    1428012824.74     428746190.02        1.01        0.89        0.30     559590592.74  640137371017.43    7162954698.77    425964593    479161646gDqcCBxupXLOeBnjyoDuJKKpXXazMTBejzLaoxVkzpfVHbeQYNnEL       
19680410-154346FIN196821968040119680410    1287578075.38     675196403.17        0.73        0.69        0.52     915688553.81  566996247654.31     292275599.06    925336172    973940594GBwfXYROsIFGgJnevYXtIlKWqpWBaxUOBLQuBOjIgbnnJiATTAwMElnc    
19680410-193700FIN196821968040119680410    1080867647.20     590028323.06        8.03        7.12        0.55     998333557.65  305043530773.41    7829794659.14     73492842     828232240000000190
19680411-064956FIN196821968040119680411    1880134208.09     325489052.02        0.78        0.71        0.17     729424682.80  241778355895.06    6103519862.54    415696426    4595293980000000115
19680411-184949FIN196821968040119680411    2595025699.04     216437384.99        0.42        0.39        0.08     585436022.90  918131544814.04    2292218300.03    511970707    555470390RXTUYvNLQVMBtMTxfQTXRjwUDYJWKOLzqNnqilNbAQBtRGO             
19680412-054110FIN196821968040119680412    3805438468.29    1794576251.99        2.59        2.16        0.47     631468437.97   29143461825.94    7081504192.68    693337962    830101469jUcPVhEyIOUOiGIFCWXeodPfeZnFxPLWfseMUNWsZXXpfHPOtVSQAmN     
19680412-093120FIN196821968040119680412    9749715156.97    3640904025.99        5.11        4.99        0.37     185026108.97  832690316003.39    2438183145.86    712959090    7295982700000000067
19680412-183058FIN196821968040119680412    7191809792.13    3520209086.68        4.97        4.38        0.49     343632038.87  998687689334.93    1564103403.06    708341256    803161655OzjqKuNwhkyhggnIcbOUTzPkHmlLHjqBIaSPMTDPDgJNJNaJSWg         
19680413-045557FIN196821968040119680413    4476335452.17    1033657615.77        3.50        3.18        0.23     773063810.81  908541794755.95    7098264023.72    295614919    324559595islDxjbYuuioiSBDvEVFXWIdWskRdMJVCqTdMGZHIJYalOLQxlmcyrXl    
19680413-062343FIN196821968040119680413    6923684800.68    1896666257.97        2.21        2.07        0.27     869277892.93  508684494606.76    5742255462.93    858117524    9164655180000000072
19680413-094242FIN196821968040119680413    6230899258.28    1578039112.04        2.81        2.72        0.25     376491164.28  418447266942.67    5581440283.10    562115357    5793382160000000009
19680413-133159FIN196821968040119680413    2748965606.40      17298301.17        0.04        0.04        0.01     861319806.99  459012140235.45    7712553804.19    393106594    3969261900000000216
19680414-001819FIN196821968040119680414    3897008672.82    1454287910.39        6.49        5.44        0.37        296576.40  678013358222.31    1092079590.65    223970891    2675493520000000024
19680414-113955FIN196821968040119680414    6389040278.46    1520444532.73        2.34        2.05        0.24     900425242.47  324735712058.51    4593108913.26    650651751    7431140650000000113
19680414-124521FIN196821968040119680414    7468847971.03     527129660.88        0.79        0.66        0.07     365852678.08  311344807985.34    8798954346.09    666353552    798603504XCSbLIHwrFuenuhOSByKxXLBgIFHMySpTKhwCpBNFKAUeCzkBgyOOJfH    
19680415-015808FIN196821968040119680415    8427600371.59     206699717.15        1.10        1.08        0.02     218494600.41  584063240226.13    9116824296.77    187996560    190837074DWgibROHufHHRCuHTULrGMHCVxOFEOdQglNCHs                      
19680415-095235FIN196821968040119680415    1509597572.73     818772078.35        2.73        2.54        0.54     625817578.63  159469410727.54    2027776090.57    300064369    321795212NiBcGbDvQsFXSbRxOUPzUvEKLCXRVlDFrhOUHduBWHC                 
19680415-101239FIN196821968040119680415    8447985789.34     384992340.11        1.27        1.09        0.05     898380782.66  652673005780.41    5860261821.47    303297625    3539806490000000228
19680415-140630FIN196821968040119680415    7250230608.04    1475594158.95        2.93        2.45        0.20     993244344.68  806804028102.82    8152797611.57    503055664    602508055tMgSZEBCIXIddwcJTrzDKJaVwaVrpPGg                            
19680415-215238FIN196821968040119680415    2614671401.01     762630847.89        1.91        1.70        0.29     693540387.43  765644238536.09    9995133681.55    398918796    448583254KCkPotwrqSQFGNsyRmfAqMDPgLswKnMFgi                          
19680415-231344FIN196821968040119680415    5940946925.03     213347810.25        0.23        0.22        0.04     452401585.73  521119845637.10    9052978592.54    937784133    9860857260000000007
19680416-100416FIN196821968040119680416    3716124058.92    2482148632.57        3.46        3.06        0.67     765891465.06  541046364363.02    1099002688.42    716446045    8121052520000000080
19680416-180827FIN196821968040119680416    3302041721.35      89910395.54        0.11        0.10        0.03     518527468.79  291941309216.85    4589650491.62    801519436    8809323330000000022
19680416-232959FIN196821968040119680416    1381186632.33     619576984.99        9.83        8.23        0.45     634990286.57  874558149092.38    3280066951.49     63052484     753184120000000111
19680417-003010FIN196821968040119680417    9283930383.37    3010731760.60        3.07        2.70        0.32     419403217.34  380035631951.11    5113348016.44    980071916   1115727740DCcXpyBmvKqumKDo                                            
19680417-085313FIN196821968040119680417    6733124342.03     493167752.48        0.95        0.87        0.07     207294572.66  206347482197.72    8853186423.30    517585979    563878947ZtxVEVwKEuxvbNFcMHAJGycKZxFQFCVjJvhSnNOvDXLCGPNCWnHDRjgsA   
19680417-114422FIN196821968040119680417    8474708436.14    1971594808.20        2.75        2.39        0.23     740323588.09  274879612771.25    3897500223.47    717248347    8241895750000000221
19680417-163346FIN196821968040119680417      23156139.83       8337203.48        0.01        0.01        0.36     783074404.23   62696010229.16    2868135825.72    735259849    8109651570000000037
19680418-014038FIN196821968040119680418     200026757.83      21171542.92        0.03        0.02        0.11     378082287.96   88279351873.17    9399695584.41    740905822    8777899550000000126
19680418-021430FIN196821968040119680418    7278307168.13    1860266460.70        2.01        1.79        0.26     362458076.67  532728944626.39    6216164610.56    926291331   10378297740000000068
19680418-075628FIN196821968040119680418    8787046439.28     305221169.43        2.95        2.82        0.03      37095881.63  411175613536.07      69359307.68    103415185    1083277400000000005
19680418-171743FIN196821968040119680418    7835084158.93    2769570551.83       39.78       35.34        0.35      61879659.68  454442098927.34    5803282938.91     69617709     783769750000000078
19680419-002440FIN196821968040119680419    6496715734.20    4212845307.87       15.86       13.36        0.65      80525259.25  468278535810.11    1638144461.63    265601207    315392075XdCwDlGsXFstGqdCIcNOKJfTOQPnoEeELXbNmwOl                    
19680419-044459FIN196821968040119680419      88058370.21      45420897.77        0.05        0.04        0.52     683736503.73  246545954908.36    1871658130.80    959012859   10270595000000000109
19680419-062311FIN196821968040119680419    5920194827.09    2488236167.34        4.50        3.91        0.42     757734412.28  478141963706.69     958435457.97    553437231    6365198840000000212
19680419-114638FIN196821968040119680419    3532844574.00    1403308414.79        3.42        2.99        0.40     784281462.79   33857098528.03    7279483543.16    409735221    4693682980000000098
19680420-014902FIN196821968040119680420    7807846467.62     103006111.46        0.17        0.17        0.01     894587855.07  991460217939.42      97266265.26    610229524    6174469430000000214
19680420-044822FIN196821968040119680420    1999444033.39     814075111.04        2.22        1.95        0.41     500887153.08  595532331437.16    5111447187.44    366553423    4183493590000000035
19680420-062941FIN196821968040119680420    2785815111.54      90535807.09        0.12        0.11        0.03     369048137.54  561095396484.56     497413095.41    753390977    832703891DEHfUUzIhtZXgmgjjNRGVamTsNOUYxFB                            
19680420-194420FIN196821968040119680420    3769858474.94    1712690880.74        1.83        1.67        0.45      11359289.82  410445543038.97    3890342920.81    934478765   1025165141LoSyvUwXvGnKexKhSbbtArGnpUcArarLDzSDOEMMZBwKPwRuADFxSFJ     
19680421-005528FIN196821968040119680421    8848998667.51    2573570207.48        3.87        3.39        0.29     918506903.33  401762702875.34     914955889.16    665438219    7598869660000000201
19680421-044239FIN196821968040119680421    6080422091.11    2300174818.70        2.84        2.79        0.38     100238296.28  238176243663.29    5776059288.82    811040895    823721780BUJliDksNtDYNWtXQNvxDqRcgLvBFezlasHGMAKJNGW                 
19680421-152641FIN196821968040119680421    9717522401.02    5237759623.59        6.93        6.32        0.54      87797475.21  500041878323.55    8772826652.26    756046103    828996885iAJNmDakgxlQcGOiloFqkXDmRxJezUSKSBPCvqFfSbAlV               
19680421-210724FIN196821968040119680421    2342430325.79     113866801.52        0.15        0.13        0.05     181732209.33   54548819715.20    4713677598.99    745416517    8737664440000000234
19680421-224600FIN196821968040119680421    6769888145.05    3543016466.20       12.54       12.19        0.52     592919732.89  140006534852.14    6145232486.52    282436716    2906811940000000081
19680422-011025FIN196821968040119680422    1626022077.15     827519941.17        2.75        2.41        0.51     820187042.83  643724130969.69    8885348474.77    300817567    343975016ZMyMWAaoadYhYUETeJAUqAJhTRHVNsGEyXUstPsmmSDDlJphpBfMH       
19680422-121811FIN196821968040119680422    2517123757.21     168146252.13        0.68        0.63        0.07     762637534.86  885496044050.68    3250699599.88    245973485    266194476WIFHmdYSMPHKWkoqPrQTYs                                      
19680423-021421FIN196821968040119680423    5733377270.52    2953732456.62        8.11        7.25        0.52     563743056.08   77753360673.12     908771659.47    364225469    4074216100000000033
19680423-110632FIN196821968040119680423    6106858668.52    1204832415.91        3.38        2.93        0.20     556402344.65  806272987783.03    6661491139.74    356587165    4112637820000000195
19680423-210147FIN196821968040119680423     862314751.85     237839112.14        0.38        0.38        0.28     295707651.39  976427260464.85    5508038723.85    628642109    6306496880000000064
19680424-012413FIN196821968040119680424    3788899784.72     940787913.20        1.36        1.14        0.25     923578346.77  222840695254.14    5417147449.88    692486688    827366692SlPaNtGSguUSBkeCnLDlqiFOAPftmaQ                             
19680424-145827FIN196821968040119680424    1529086051.90     934665978.11        2.12        1.96        0.61     122111148.63  253283868617.64     545268929.37    441401811    4771940490000000164
19680424-203152FIN196821968040119680424    9669342980.12    2676394517.16        3.45        3.23        0.28     681486538.02  981817475987.03    2404855693.95    776645161    8289789670000000227
19680425-045806FIN196821968040119680425    1200216251.77      80666814.39        0.09        0.09        0.07     278464033.63  263022705558.64     387796749.25    858398340    945807880KCJKxaPQOADwZRgyHQNktTTmwqOFwPjbiFVZIUZJwSKLGIDsVEuGvpOcUta 
19680425-102952FIN196821968040119680425    6051653129.10    3092278849.22        3.39        2.94        0.51     597711585.69  678876045540.12    6291442120.04    911584263   1051294394ieIyBwMxVgOHXKQlnyDjuAKXXV                                  
19680425-155533FIN196821968040119680425    7533094281.29    3895712368.63        9.09        8.64        0.52     925407281.15  824157916756.58    7990631077.78    428649575    4509216250000000152
19680426-060201FIN196821968040119680426    5053854331.84    3198991276.17        3.41        2.93        0.63     111766087.44   51802911535.16    3807465815.79    939399963   1091411989XtbozDFYEJJzHPPbBRzE                                        
19680426-174536FIN196821968040119680426      83342903.94      29467907.09        0.28        0.28        0.35     113588293.92  270519177027.70    5522372953.97    104865218    1058547800000000031
19680426-235415FIN196821968040119680426    2822040335.75     889277740.65        4.30        4.11        0.32     546479339.20  955356997225.69    4657221894.31    206978998    2164115780000000125
19680427-011510FIN196821968040119680427    8586294969.92     624362775.47        0.76        0.67        0.07     701886841.44  607360424665.61    6835136343.34    818654274    934599313FuhXrJlvsKIZUJaCLegLlrNbqhUb                                
19680427-133423FIN196821968040119680427    3088818366.57    2155963837.13        2.93        2.89        0.70     720655978.65  927432606939.75    3641995541.13    736358735    7451195820000000135
19680427-185424FIN196821968040119680427     616396634.90     166436593.40        0.50        0.44        0.27     312624036.96  214597649373.27    2725494209.62    336130479    377732625sasJsAiQXBqARxyjKdDOVsBHZKXCJfpqRNOO                        
19680428-081200FIN196821968040119680428    8525732951.80    2824758669.38        3.72        3.22        0.33     648388096.95  171992349441.65    1519635982.85    759430843    8783633020000000124
19680428-191751FIN196821968040119680428    3807374662.90    1661935613.98       28.49       24.27        0.44      82798673.16   76081435757.39    4231461353.33     58324252     68490649DGRnGSpVECCpqPNWQFrXCqxvAKEHbMGsTakcM                       
19680429-090311FIN196821968040119680429    6149142331.10     824584681.47        1.17        1.11        0.13     422877556.53  433050559795.99    5149175614.51    705111038    7445320700000000077
19680429-113222FIN196821968040119680429    6013182124.43    3999400634.33        9.32        7.89        0.67     120158580.10  763334192973.30    7661253849.24    429025714    506770409uNzELlUuHMLVWRQzcPVofbO                                     
19680429-153132FIN196821968040119680429    9126953745.52    5201338456.59        5.93        5.84        0.57     720189104.81  955874316104.36     630243038.05    876575484    891178852FVGmQdOORBhcLfIPiADRHiPNvGlOIkkKoLhHGhaUNUSHWVhKqDfXAFFT    
19680430-021909FIN196821968040119680430    2253824769.51     102792834.86        0.29        0.29        0.05     781454057.05  294585799489.41    9732310328.15    350639991    3521273050000000029
19680430-084301FIN196821968040119680430    8214468573.13    3936741620.36       14.63       13.09        0.48     431323472.73  847012010884.25    3252860013.09    269150375    3007135740000000123
19680430-153748FIN196821968040119680430    1920252758.77     486502427.39       25.22       23.79        0.25     470998512.16  693337471143.13    1811368895.21     19289191     204492580000000044
19680430-222022FIN196821968040119680430    3578432905.07    1865076665.02        3.24        3.07        0.52     713360909.92   60967091180.27    5604155247.89    575062883    6083703290000000167
19680430-232558FIN196821968040119680430    7077642908.68    3361049589.00       12.84       11.45        0.47     650267307.02  446903636246.62    5179420566.00    261681158    2936030480000000107
19680501-120039FIN196821968040119680501    2605182916.90    1672945797.04        2.58        2.49        0.64     736405032.45  632297698523.75    5955772150.80    648599424    670956336hVAaKcPotSMtGHVnWXP                                         
19680502-005334FIN196821968040119680502    6866770909.65     574972751.97        0.68        0.58        0.08     458466006.59  648764478359.72    3902853741.42    840753197    9929861940000000138
19680502-051154FIN196821968040119680502    6920416680.85    4659808607.75       37.71       31.80        0.67     635523130.00  734210354760.79    8051097351.66    123569025    146546703PGOaqMuwLDTTjPWrMDussNVHZXubnSmEGOCkVPtNDOsFeobEUHRiVIR     
19680502-154833FIN196821968040119680502    1444449783.33     192663815.48        0.21        0.19        0.13      75283082.81  873256763066.91    9986619173.68    911345621   1019769659NSYnuORxQIWEOLTFSNDHCLlDKVJAUrTORPSPQpUczVTSRsozuKFRUHPDR   
19680503-004942FIN196821968040119680503    8590643202.54    2176613575.46        3.34        3.29        0.25     819280284.41  208489036644.16    9197506589.06    651871356    6623784290000000090
19680503-021054FIN196821968040119680503    5095271014.48    1982109615.60        3.72        3.64        0.39     801096962.26  864336544815.34    2148719383.79    532238499    5446134670000000027
19680503-091428FIN196821968040119680503      68027543.58       1399031.11        0.00        0.00        0.02     938383759.33   80567820103.79    3048880600.42    566806697    638771780MjlYhFqEvRINvXTOQ                                           
19680503-102306FIN196821968040119680503    9323462876.84    2549911581.79      154.54      146.32        0.27     297163826.80  829818415650.49    8892820921.26     16499698     174267640000000016
19680503-181349FIN196821968040119680503    2763438586.79    1764139754.34        2.57        2.44        0.64     781824001.78  952332141748.02    2574827445.65    687094701    7225853600000000153
19680504-021253FIN196821968040119680504    3666907610.77     525218484.34        2.64        2.38        0.14     445213889.36  770648632606.47    2985733406.32    199022370    220531394GNPmEJpuhWbXsVlnIW                                          
19680504-023251FIN196821968040119680504    5442959135.65    3716315830.46      134.04      131.01        0.68     364187171.12   83468169925.00    5800156354.10     27724635     28365828DRNHqMCixoAPPUXBkC                                          
19680504-142449FIN196821968040119680504    4904123451.01    2719017412.44        3.84        3.59        0.55     678204935.27  918193339924.29     671404278.43    708279595    7568540190000000136
19680504-180750FIN196821968040119680504    4218396436.12    1083074361.92        1.79        1.52        0.26     767246861.11  928990562070.66    7349562394.89    604983166    7135195370000000208
19680505-054820FIN196821968040119680505    6037262091.09    3323653751.48       11.38       10.64        0.55     441926519.61  470010347211.29    5563795376.88    292158372    3122573900000000151
19680505-184408FIN196821968040119680505    8105292054.50    2565793603.36        6.24        5.31        0.32     499493285.27  997118347649.74    2640877886.70    411324801    483192786GCuinPDvwNejloIRTkgEypWMqgYu                                
19680506-081732FIN196821968040119680506    2606980991.78    1528172642.61        3.52        3.40        0.59     637820476.07  559402639560.57    5278218049.50    434605678    4488853180000000226
19680506-112326FIN196821968040119680506    4525753438.46    1170558304.83        7.44        6.54        0.26     548945788.68  732857848372.27    3508658563.18    157409516    179035593XKJikResIVsVDCWGBAYPKUYANPCKOPDtDFVzLoPeIIo                 
19680506-130255FIN196821968040119680506    7515679110.86     844702380.51        1.64        1.41        0.11      20720372.27  976445666513.62     604363766.00    514519954    6011047770000000014
19680506-232542FIN196821968040119680506    8551816784.60    5637233083.82       40.58       39.96        0.66      43080186.05   14834514195.68    1109148550.05    138912952    1410790680000000197
19680507-071839FIN196821968040119680507    5917551814.38    1566174016.70        4.47        4.20        0.26     240729497.12  620104827329.04    8866008397.07    350597014    373053430ocLGFxFIvpmKvcDUqwdLsRIzqVqOQSmQKDGKkgHNbNoSCBZlC           
19680507-102726FIN196821968040119680507    2976611405.46     699296868.91        2.09        1.86        0.23     389723807.07  898361637396.99    3687319526.31    335219369    376156540zwqoWSVQjNxEZABesPNTsTeFMDMjahzJEGOmdWsrJGHpLMoVTECfyWEiP   
19680507-163212FIN196821968040119680507    3943776599.05    1822108183.51        7.96        7.69        0.46     995495763.40  194866132878.16    2327755535.55    228839021    2370500100000000134
19680508-003924FIN196821968040119680508    3350510351.33    1034539708.33        1.33        1.17        0.31     481195558.19  477978422127.40    3521162391.66    775874356    8852097500000000055
19680508-024538FIN196821968040119680508    3619672659.48    1100417959.20        1.88        1.67        0.30     407077173.51  692544179336.96    4004256651.20    586780769    6572692800000000149
19680508-034705FIN196821968040119680508     515210578.36     182087713.09        0.24        0.22        0.35     776622437.25   94481845959.73    9307435234.06    763616654    845212302THVJKcSJVNsCshDziTFfMUfvDnfDXOVOgpxvKDj                     
19680508-131722FIN196821968040119680508    4709641838.08     319714323.83        0.35        0.30        0.07     442166813.69  983861320398.32    5407751015.36    918517881   10757841960000000133
19680508-181313FIN196821968040119680508    3119602223.06    2084963076.96        2.66        2.61        0.67     701765479.64  788271029910.14    5656179248.59    784905925    7993460920000000075
19680509-040436FIN196821968040119680509    2102549828.75    1385738631.10        3.80        3.53        0.66      99705594.21  486644732280.11    6342296444.19    364303859    3926887740000000012
19680509-054337FIN196821968040119680509    4000890477.17    2052879232.49       18.69       17.95        0.51     704934030.48   32612124187.30    8126183940.35    109844493    1143686200000000165
19680509-081241FIN196821968040119680509    4476635603.81    1606850721.62        1.63        1.43        0.36     422777556.90  606599355941.50    9809268338.15    982791993   1126292526jClHOCWMwRFQDLmeVIqIBlHCVYexjVDLzNBVHQOYUtI                 
19680509-093718FIN196821968040119680509    2427070292.83    1597799190.56        7.67        6.67        0.66     662830572.72  100280744065.81    6790961252.28    208295164    239526784nWCuOsSpGHyPtnWxAYFbZJKRVPYuBpFehsjAEpnscPPBHCmXQTEmjOKB    
19680509-145857FIN196821968040119680509    6664543543.26     744203484.40        0.76        0.75        0.11     614840034.30  124556210194.59    1459446367.95    983558214    9931825140000000217
19680509-222844FIN196821968040119680509    7450279822.62    4111741391.66        4.32        3.76        0.55     742102193.78  734782693288.79    2044569668.89    952739507   10932495950000000239
19680510-113153FIN196821968040119680510    2941243279.47     924897286.89        1.12        0.97        0.31     885125164.45  145181936992.33    7728304602.21    829335869    9519563100000000121
19680510-114422FIN196821968040119680510    6911819007.36    2694004195.66        3.47        3.41        0.39     214415542.12  129295121975.69    8064166580.98    776735269    7906548520000000042
19680510-211025FIN196821968040119680510    5521532954.31     935088308.27        1.02        0.88        0.17     714144757.70  379266272451.40    4534612235.76    917958661   1060192351ITIBXSnyIwDHJQhzM                                           
19680511-081518FIN196821968040119680511    1798370588.00     633392366.02        0.97        0.85        0.35     166324448.60  766038532631.77    7797656169.87    649872958    7449806200000000073
19680511-193535FIN196821968040119680511    8778775262.17     804215882.65        0.87        0.83        0.09     491878954.67  665023425312.89    4212730728.70    920059169    9737384590000000206
19680512-040119FIN196821968040119680512    6308830190.57     742353612.82        2.55        2.48        0.12     761950200.20  741310545534.58     397513225.47    291333042    2998143440000000010
19680512-133809FIN196821968040119680512    8104215726.30    2402574386.82        4.30        4.11        0.30     746845801.68   63714557715.10    8678137024.16    559015523    5846771960000000187
19680512-224836FIN196821968040119680512    3643375049.78     297443909.11        3.04        2.58        0.08     594498457.30  792954718087.80    2704128204.45     97916904    1154001770000000041
19680513-113052FIN196821968040119680513    4198361872.52    2153514262.30       15.32       13.45        0.51     825012203.81  426534752629.75    3361590944.24    140528710    1601329870000000232
19680513-213746FIN196821968040119680513    9782775531.80    2769353837.05        3.18        2.68        0.28     401295247.03  947630074816.32    4218905927.19    870974614   10349330340000000025
19680514-050224FIN196821968040119680514    5775209029.87    1969857441.70       47.40       41.31        0.34     611302733.81  698027648535.43    5990865811.72     41561202     47688777NFTuJAFIlmSrWNg                                             
19680514-080456FIN196821968040119680514    2208274006.31    1470083562.14        3.15        3.14        0.67     446970542.26  611546222768.67    7021133694.02    466343354    468299035SAFZEJLLiMLuOrGrCmR                                         
19680514-170451FIN196821968040119680514    7319741092.64     517001681.71        1.10        1.06        0.07     349200419.22  769959016548.75    7766933118.36    469652869    488483078CdxTUdBhXtFuFIWUAJgQQbBCCyPDDJIUgsEXveWvNOjZPwOYqC          
19680514-173855FIN196821968040119680514    7749070190.61    4585126768.43       43.47       40.56        0.59     638203652.66  444266463818.50    1902376711.12    105483682    1130341620000000071
19680515-045529FIN196821968040119680515    9533070838.45    5830821427.79     4134.96     4015.09        0.61     791461389.26  820474930877.84     833328731.44      1410128      1452227WyCTXCnMptryHhCwGFfCFMwhjCXqccIKE                           
19680515-072233FIN196821968040119680515    3140679962.11    1632438455.65       24.82       23.57        0.52     906141656.23  493029737591.08    6375959379.82     65766577     692637930000000008
19680515-134119FIN196821968040119680515    1906913766.55    1141554859.74        1.35        1.33        0.60     218607460.46  154666531479.98    2319994223.64    844774085    859279728zScyndwxOcLUXIwtrdKPFPDeQiYudN                              
19680515-155631FIN196821968040119680515    2131251376.81     701337842.48       28.95       26.15        0.33     222553320.03  133907010429.52    7936750868.79     24226625     26817965PZRwCHSUPUWZCeALiQlrRSOSgPMyAMPEYmFkMkXiXeCQYbI             
19680516-045834FIN196821968040119680516    1660100177.92    1160022931.75        1.39        1.23        0.70     175805873.70  414644496951.70    7005228295.69    834303258    9431115890000000086
19680516-051052FIN196821968040119680516    5718881787.55    2808554912.60       12.57       11.23        0.49     779105816.63  839473931702.83    2255264560.25    223442286    250032339kJTVsPPMjDHFLxKm                                            
19680516-183153FIN196821968040119680516    9601148115.03    2662350112.79        4.31        3.82        0.28     942957458.66  938542715042.87    7489214279.16    617959430    697200120PnTWflZzXKMFUzFAa                                           
19680516-232115FIN196821968040119680516    2828822395.50     485989874.05        0.55        0.54        0.17     989894290.26  504094763005.43    7956754816.14    889564522    904194225PozAgYtmghzwqacMhOFSFF                                      
19680517-093501FIN196821968040119680517    4066970963.37     823365562.61        5.81        5.23        0.20     422796910.96  340965389981.25     602540545.22    141646391    1573616280000000155
19680517-222505FIN196821968040119680517    6196552461.02    3143742893.80        6.51        6.22        0.51     318132645.15  176709413897.76     280692119.52    482974047    5056095400000000215
19680518-122832FIN196821968040119680518    1693967297.95     358860034.75        0.41        0.35        0.21     157325458.26  597547774585.09    4734804848.39    868373716   1030785571PGqAyQmapxLimPeECtNpWH                                      
19680518-123046FIN196821968040119680518    3927277930.49    1570445624.34        1.79        1.50        0.40     231337298.51  439231925264.41    4649571019.63    879290908   10484814960000000006
19680518-225130FIN196821968040119680518    5779487111.35    2130240401.72        9.04        8.30        0.37     694356413.95  403495427820.80    4084115209.83    235741876    256639477OHEmalBUVhTTeaTVKPRTjiMkfUHxdcHdcwwIZnOwJikM                
19680519-114024FIN196821968040119680519      84035150.03       2724087.04        0.00        0.00        0.03     739934160.06  873887903532.47      30266069.90    912954612    943557711GcEHIyRTbWiNnUPa                                            
19680519-213844FIN196821968040119680519    3096743668.25    2060630799.31       10.27        8.69        0.67     796403876.76   27451873414.01    7861694542.61    200680528    2372302670000000084
19680520-062437FIN196821968040119680520    5361480945.80    2307577596.58        2.68        2.26        0.43     891842638.36  973723663008.60    1136258807.00    859799667   1018990163RyGXaaPEwcBQqSesTFzmnVhW                                    
19680520-093236FIN196821968040119680520    2722779211.35     761068723.36        2.78        2.34        0.28     235532560.62  199192722183.80    2508259093.06    273955700    3256316190000000099
19680520-135029FIN196821968040119680520    3567365273.22     685453336.19        1.08        0.99        0.19      32323417.30  525622651683.42    5729881912.67    634643088    6904352760000000036
19680520-160058FIN196821968040119680520    2881021399.78     720555312.79        1.89        1.77        0.25     166591430.84  528482576264.97    8177808144.13    381749430    407223943VRCqMDchijxAuePBgjywAGgqrVRBEFpiTlAyRVbIdJsaEVtlYWHXc       
19680521-003130FIN196821968040119680521    5824998839.30    3971832280.83        7.57        7.26        0.68     674775288.76  689320317972.37    5395896387.06    524964686    547071521hCIkVIvJidHWGGsWThefmBCBIpBflWhkDDnl                        
19680521-065759FIN196821968040119680521    2709135508.35     687849965.72        1.46        1.30        0.25     820147661.49  915707754305.47    9015575965.63    470893540    528980364HRPhstxkLDWAVdzSPsLXGJLcoFvDLVfcNWnxUMaagCQE                
19680521-145257FIN196821968040119680521    9030200021.55    5919724945.65       39.50       32.99        0.66     712221074.78  744260489550.26    1971521719.37    149882609    179442738caTSWZAZArGJdoyLThaWQbFTpAgqCWU                             
19680522-023946FIN196821968040119680522     805425801.39     262164032.38        1.08        1.04        0.33     910609911.03   75511163047.86    9589892127.64    241905829    2527452860000000051
19680522-113544FIN196821968040119680522     884120115.59     104740117.81        0.28        0.28        0.12     994554904.90  458124271354.85    8517224434.57    367819196    372732145RxKMPKUYDaeLqGeOBTUQL                                       
19680523-010839FIN196821968040119680523    4799936806.84    1850448678.32        4.02        3.42        0.39     531453499.54  595122286605.22    2659075058.37    460878398    541006994xyrTpxryTSQNQSeNzhwRP                                       
19680523-011111FIN196821968040119680523    1288217252.38     337541914.16        0.55        0.47        0.26     421671770.34  596790949672.27    8388918595.11    616895742    7190743890000000003
19680523-015318FIN196821968040119680523     380511886.55     192637078.31        0.21        0.18        0.51      39448715.87  396956442301.14    4959946337.34    904193666   10753356690000000097
19680523-120625FIN196821968040119680523    1505952558.31     324543255.31        1.33        1.12        0.22     914771738.25  211688486639.51     586116169.03    243578020    290335895yRPdOOYwDRIgGtBTaFzyuaZQ                                    
19680524-003551FIN196821968040119680524     277210151.78      46935126.52        0.12        0.11        0.17     902932909.22  359683383554.55    4830442829.89    400807036    4226550830000000180
19680524-053750FIN196821968040119680524    9815754477.69    2463344214.63       10.70        9.99        0.25     767521374.01  915831162891.60    6639643183.04    230292675    2466869240000000231
19680524-061912FIN196821968040119680524    6078243895.45     902262656.47        1.35        1.13        0.15      71278144.87  761662944835.23    3394230949.05    666062296    7978112980000000039
19680524-085920FIN196821968040119680524    2082316796.63     246313405.09        0.37        0.32        0.12     133638957.52  621290429144.73    7375694511.81    672180442    7781428930000000112
19680524-221542FIN196821968040119680524     249685402.89      74157138.74        0.47        0.46        0.30     894221606.95  109285089190.97    9998879690.24    156898719    162230852lTKAvpYDQWTHOMqUWKQDSYoOKECz                                
19680525-044617FIN196821968040119680525    2606489400.14    1513528295.82       17.51       15.54        0.58     985042679.62  600762713197.40     306667931.85     86423036     97377534PFoTZYECEjQHItKmWAtfTOMK                                    
19680525-100420FIN196821968040119680525    6004215501.49    2758340894.81        7.08        6.88        0.46     701252682.25  147238955989.32    1357028518.14    389816700    401112157wcKiEmLIRDQYIYGfpItBTEuSFq                                  
19680525-212846FIN196821968040119680525    4087093370.34    1866323636.86        2.00        1.71        0.46     632711567.59   14836852163.82    9544268576.95    934567831   10932421820000000001
19680525-213016FIN196821968040119680525    8088956855.51    1075233655.87        1.45        1.38        0.13      77286353.39  173594377383.95     220529722.96    743799657    7784694370000000095
19680526-033653FIN196821968040119680526    4684634418.03     353158496.76        3.17        2.75        0.08     534492492.23  440239369764.70    2779324183.50    111282090    1283768290000000032
19680526-160206FIN196821968040119680526    2472630089.59    1648868716.67        2.80        2.52        0.67     881048118.77  323550329154.49    5042156102.69    588277293    6535367390000000224
19680526-215721FIN196821968040119680526     314041296.83      48707944.02        0.06        0.06        0.16     959351716.67  477191840746.15    6927485120.00    806860495    8493281370000000173
19680527-085703FIN196821968040119680527    7202186956.20     714614217.58       26.72       25.66        0.10      44781362.15  623716304495.02    8077228718.03     26740615     27849838EMEHaKSGbysKWEjTOBZmjCUC                                    
19680527-190628FIN196821968040119680527    7538577261.11    1942351750.07        3.02        2.64        0.26     805552673.39   76018754313.70    1390319720.40    643191865    734861704GCjVjJdHNLUhgQD                                             
19680527-230617FIN196821968040119680527    8311132736.95       5480034.60        0.02        0.01        0.00     677517613.30  927571841265.76     992823310.52    346883392    409272513BBjnRjSGtZjneIEWFBAsWQhyXIByDhVQqgblgSWLNztfSnROkRGWk       
19680528-042957FIN196821968040119680528    4208911816.53    2499371239.30       11.26       10.17        0.59     849980915.40  991734353115.47    2450119730.11    221961050    245676834ZkoMRNxyXxPFWBJUQZlfnUdXWOFWJ                               
19680528-050142FIN196821968040119680528    4824029007.48     537458506.67        0.66        0.58        0.11      25111734.07  200704801724.60    3137664654.59    818950629    929368442kCGxWShTICEMykTPjwUmen                                      
19680528-075743FIN196821968040119680528    7544871166.76    2017098027.83       10.90        9.41        0.27      55112485.96  604548175371.96    4977308629.18    185030638    214272125AsIcOhpVbPzObQVeuCVsm                                       
19680528-201123FIN196821968040119680528    6990236231.32    2030973650.53        3.22        2.73        0.29     115249381.58  683788112490.44    3325866422.22    630854876    744619935jLIQIdLrlUATnOXEVHYBHtEqSmUbnKKY                            
19680529-023021FIN196821968040119680529     477612864.70     263784100.51        0.28        0.27        0.55     278616492.34   75173376985.60    5365247738.59    934263158    992499184bWRTyqCBjRtUsuuQWDGpczVBR                                   
19680529-143036FIN196821968040119680529    3401342683.08     775988638.75        2.53        2.35        0.23      40697208.78  131405788781.99    7901899126.51    306655910    330827236gIOONPxnQUwBdFNEMLBUXdUbFPDWDVOVnWIIMRpOMbaMGipmCAICpjncsHs 
19680530-002334FIN196821968040119680530    2837381590.92    1739169686.88        1.77        1.61        0.61     226303068.47   32744925121.01    4463947549.48    980480610   10790682210000000159
19680530-084041FIN196821968040119680530    4979096631.15     181404220.14        0.34        0.34        0.04     300738807.41  421503768588.91    4133232010.18    526580254    5378731250000000019
19680530-165547FIN196821968040119680530    2463874993.03     314164883.65        0.71        0.60        0.13     598425214.65   36720890667.66    2409274083.18    443272550    5272731500000000108
19680531-043842FIN196821968040119680531    9302640865.25     259132143.27       16.26       15.66        0.03     646929621.37    8608900230.40    9897452784.30     15937509     16549838WKHSDaFEDSYXOynePKHWBGLeJ                                   
19680531-134646FIN196821968040119680531    7495332773.32    3849644742.76       12.81       11.09        0.51     728856531.84  505442564357.53    8933414840.89    300578594    347039150IFMKAPsnyffkALrEorEUixamr                                   
19680601-022636FIN196821968040119680601    7921758582.86    5165074542.10        6.19        5.39        0.65     926348071.79  356619574187.42    1975277525.82    834142364    9578286040000000060
19680601-031933FIN196821968040119680601    7491657849.90    2065652050.19        5.38        5.22        0.28      71247704.60  115110172486.74      95075358.45    384260233    3953881660000000237
19680601-114001FIN196821968040119680601    2456642661.27    1376105672.24       30.89       29.92        0.56     186984106.64  300656956929.12    7606999076.56     44553362     45988448BzijSDvPCIJvDDDXrPdu                                        
19680601-155412FIN196821968040119680601    9115203075.09    5802812123.45       53.14       47.70        0.64     912103872.38  504285321358.34    5138778547.48    109204566    1216642940000000156
19680601-211220FIN196821968040119680601    4853006374.88    1321264443.34        5.22        4.50        0.27     990115024.15  600945695960.17    2742402155.01    253271763    2933331160000000002
19680602-094803FIN196821968040119680602    1618942213.37    1025498634.36        1.37        1.23        0.63     985485730.16  265287314851.52     275767125.64    747104635    831125846JuoboYklRFiVquZgCguunEPFSWMYO                               
19680602-145324FIN196821968040119680602     654775352.48      96824517.65        0.12        0.11        0.15     250731361.79  933750628502.01    1838571020.71    782587273    8748580780000000017
19680602-152739FIN196821968040119680602    1872756449.70     819372065.18        1.64        1.44        0.44     661461722.95  618299756544.33    3294695045.25    500027717    569092821vdHVNrdOsIrMwKVkVqSWHZdImDBjZqUdrAJUzFOPrUum                
19680603-005136FIN196821968040119680603    5100352558.09    2128315084.94        3.80        3.21        0.42     277806257.55  455538973162.57    7718448749.24    559568863    6631826180000000048
19680603-013900FIN196821968040119680603    8420217123.83    2954784208.43        4.03        3.86        0.35     387855298.98  659244749006.42    5432027268.27    733812966    7648642210000000198
19680603-123907FIN196821968040119680603    9121358649.77    5122363813.82       17.06       16.09        0.56     171302719.04  182386157173.82    1675069943.57    300334823    318340282mzNoQBeBzrOEMnrTNGzsEZAXnVmRqtERRLjwkZcXjeCqBOyaoBeBJv      
19680603-174811FIN196821968040119680603    1401784823.03     195001798.62        0.26        0.23        0.14     922641257.11  690653974695.37    8354537053.36    750841866    834115885GTXcbujiDrVQTNanRXNE                                        
19680604-003234FIN196821968040119680604      51873260.51      19584020.87        0.06        0.05        0.38     197994317.04  484798366979.36    3734896360.74    307653249    3639464050000000047
19680604-060703FIN196821968040119680604    4654285662.87     942940534.29        1.47        1.39        0.20     896078651.27  491715017857.00    6519292794.35    640369799    677383700xUJWMEEmEMdIWSDGXW                                          
19680604-094630FIN196821968040119680604    7675704209.52    5203386709.07       10.90       10.58        0.68     170703893.67  898081740990.28    5687721512.51    477160575    491675326kkhSvCsfgbDUvsiZWtPQwjkYPwKrfTUFMGMCWCBXBcOcTkaLSudO        
19680604-175051FIN196821968040119680604    8969808799.87    1419139980.05       22.45       19.92        0.16     935503129.84  459973013241.65     124451705.44     63206060     712360240000000188
19680605-065145FIN196821968040119680605    2478262236.84     221395368.25        0.78        0.72        0.09     751140909.59  734875648994.14    8861907471.36    285281206    3056981850000000015
19680605-162635FIN196821968040119680605    2742102514.42    1628404633.15        6.13        5.77        0.59     771541728.12  364499661204.76    5504380918.51    265627933    282439136bBrSPifIaInSAkKzVpJPPTGoCxaskRtmBSgXElBoGwDiLnvQRLHRTFps    
19680606-044235FIN196821968040119680606    5717876908.25    1664750054.51        1.92        1.61        0.29      15249776.56  547469118970.64    7282109496.46    865560688   10324455290000000046
19680606-162958FIN196821968040119680606    4365650602.03    1997217277.79        4.68        4.49        0.46     582650913.70  257313288633.30    9286166816.23    426649198    444416165UrwpdNLBvPyFfWsKNUZBkxBYIFMgONcTckRzWHRkX                   
19680607-010646FIN196821968040119680607    9659422523.60    2753648028.06        4.01        3.57        0.29     823005865.51   44484228642.97    9795989747.35    686851329    7713281220000000160
19680607-024751FIN196821968040119680607    2506856514.78     805873669.02        2.35        2.02        0.32      51907305.55    7830927026.54    2788164182.59    342977778    3987820730000000030
19680607-035641FIN196821968040119680607     169831042.89      39231811.50        0.05        0.04        0.23     275891574.25  905430832517.58    2802163779.62    837421678    9992569640000000045
19680607-090728FIN196821968040119680607     690827122.75     366451552.41        0.41        0.38        0.53      19550528.22  475369306675.66    8096798543.30    884295417    965941742PTNTHCLWsriUMNBFhDQDGtmBPPNiLOSaNy                          
19680607-104107FIN196821968040119680607    4497694820.36    2843677435.81        3.28        2.84        0.63      27963961.60  741044743867.13    7392384913.82    868264330   1002042708klFMXmnqXiqaAzvNIJDQvfEPCAGHPKxCDoQIvqNaNlO                 
19680607-193308FIN196821968040119680607    4042374629.05    2812814469.88        4.32        4.02        0.70     915947655.87  768782600979.20    8764800916.75    651550714    6997688170000000157
19680607-214809FIN196821968040119680607    7273445685.89    1651382725.08        2.03        1.74        0.23     631379839.39  402747190111.27    6170378752.99    811807970    9472721330000000013
19680608-004022FIN196821968040119680608    5001235442.80    3428996211.98        5.20        4.38        0.69     754045525.12   99340675101.26    5952415746.62    659848156    7836631020000000102
19680608-043222FIN196821968040119680608    4804153494.39    2217697966.71       16.02       15.59        0.46     315199830.38  900493407969.07    2046492746.50    138406735    142274296oKOQXOtOpnWSXAiUJMcVtClxnLyRoKeAoBfZ                        
19680608-092941FIN196821968040119680608    8297237612.39    1487941897.43        1.71        1.46        0.18     726117183.34  213341517007.89     605151476.65    872550739   10216689900000000091
19680608-103016FIN196821968040119680608    8173857051.97     264155190.74        0.66        0.58        0.03     179631350.98  751017911295.82    9706758881.20    399722189    456927628PrUOUrQLXqHHkOiKmPkdWAARpnrzHGeYEQPTiDsIqFQXlG              
19680608-204022FIN196821968040119680608    8124302436.48    4405991632.92       15.32       14.69        0.54     177682214.08  142404963930.98    7057261887.77    287616109    2998397800000000028
19680608-223554FIN196821968040119680608    6692131742.23    4368511961.94       35.09       32.74        0.65     335187007.16  764426265546.69    6458161183.67    124491003    133426279eyGBByYTpoRbgjJdHtPbQdJTXrTbcWTJkSHlPvDAkK                  
19680609-092134FIN196821968040119680609    4570228042.37    2311394349.14        3.64        3.24        0.51     735011559.77  855998025419.87     817710011.47    634237108    713506352VXpGhfFbmgISLSMZVQlpBtNxkRhiLKvoTFIEKvFgIOL                 
19680609-181706FIN196821968040119680609    5175468651.10     996188538.00        1.04        0.87        0.19     799389129.03  463153957977.38    3357863351.91    962168634   11443505700000000196
19680610-064943FIN196821968040119680610    1649255403.02    1007876119.86        1.40        1.34        0.61     266678948.84  727182512054.59    5775804949.11    717533272    7500763310000000074
19680610-163529SECAAAAAAAAAAAAALDCOMMONACTVUalBzhjSxeOSXHrAiVAULtdJxgC PyvvXFnRZeMQsyvUHTiSe                     PCX   639722328    1908112819370719        0.280000000011
19680610-171356CMPHRMScDCmHuCrXDBpFKWPrFYXMAcRzcBPLqVmTdZETD                  0000000257ACTVRBAA  185511149720 Tide Mill East                                                             Suite 169                                                                       80925       Evansville               MI                  Canada                  Barella                                       fEFJTlwxaAbrmcPvDwYhkqjMLoMOFanGUKJBlZESLdptmNbverJIOTDOBHPulhXEMNUB O KqTOjffkCgUmXQnASGIXVIEDpPivbhJGNqfOPJuFSdobQJJcKaghjKMUCohQCiQ                
19680610-222737SECAAAAAAAAAAAAALBPREF_AACTVDlBbOuVnTZkbjzNCNxrsfwBdKuaMqMQSGhVjJAGxuqaWdGAMGsgKxrSo              NYSE  116030353    1912021119010505        1.66mJmRJtJARsVsPrXR                                            
19680611-005300SECAAAAAAAAAAAAAKZPREF_AACTVUCYLNIRPNCyPlTIokJYmAwDKjDAQfkMnKDNzZfSzSJPeNFiQ                      PCX   841214720    1962082719430310        2.600000000153
19680611-035651SECAAAAAAAAAAAAAKXPREF_AACTVOXpMThZFKCAVXfYmIfOFKAJq                                              NASDAQ706180183    1901100718801230        0.920000000239
19680611-090451CMPgWFpOuNYwfcvPArwjmHWzRgHbmFxHurRpMpoourGEuVNxKmPfR          0000000256ACTVRMAA  1882102624402 Marsh Way                                                                                                                                                 19246       Norfolk                  UT                                          Maretti                                       AECwbQJkTRebXcErorPOADj                                                                                                                               
19680611-214125SECAAAAAAAAAAAAAKVCOMMONACTVucUDnwPHgsOfMSkZldmBSLFtokWN                                          PCX   311056207    1952033118621126        2.790000000196
19680612-043417CMPiDBarmDdTJOgzmOoxhwfvcBeEHRANVVCsOAyFRqPFBuOFvKPoluW        0000000255ACTVBCAAA 1854120614675 Kiel West                                                                                                                                                 96807       Calgary                  MN                  United States of AmericaThielen                                       OtuHrOHlNVOjDuytMtPiSQYylBKQ                                                                                                                          
19680612-170516SECAAAAAAAAAAAAAKTPREF_AACTVyHCpdnFTHJky                                                          NASDAQ313868490    1861100119131126        1.29GKXARCFbFebKiAlLUJXKJgRjmqXdAQcnJFJAKTzRouxMxMVkXQMjtVZu    
19680613-012332SECAAAAAAAAAAAAAKRCOMMONACTVFhOYcInPHPUqSBvLDyqvwh udKdguPIXJ UkVKNUJBBZyIvTUbhp                  AMEX  877270323    1892121919110818        1.040000000081
19680613-152650SECAAAAAAAAAAAAAKPCOMMONACTVvpltCVjmpSeytyUwKJsVyV                                                PCX   379341566    1907011418900201        1.83kHtGiuFfPHTrsLQCQMHgHEIaeKArhp                              
19680614-013820SECAAAAAAAAAAAAAKNPREF_AACTVUnClYvD rASnJcnRLOTuAPCbmToIYFZfByXm                                  PCX   486009274    1875110818921231        0.63NSYnuORxQIWEOLTFSNDHCLlDKVJAUrTORPSPQpUczVTSRsozuKFRUHPDR   
19680614-051612CMPHiFaAXHaNciJWpqVaWdNT                                       0000000254ACTVOEA+  19141226245 Congress Court                                                                                                                                              64192       Springfield              TN                  United States of AmericaCoronado                                      WoOoZhoTQxwEskRFTKdaKm yWoVzZxR                                                                                                                       
19680614-173020SECAAAAAAAAAAAAAKKCOMMONINAC QwZoFarcelAHzHHfYbtQuNCReBRmUopFLqlRCoYjyWkoDQwFFUPeLbWH             PCX   642192178    1861101819320820        2.220000000109
19680614-195114SECAAAAAAAAAAAAALWCOMMONACTVqyRjXzqMuSsZhOhxnJF                                                   NASDAQ725616601    1864062019420315        0.12DcSqnNQSIiOKBEchN                                           
19680614-225529SECAAAAAAAAAAAAALUCOMMONACTVrrBATTKICLqjIWarEzPwuaDPkBvCKQQfBT                                    AMEX  594340969    1917011519440927        1.78UxwoFfdmLfKmuJCZStrMNOScJQzWthcXUUiyvsPHTsRlAJPOiKyvchxt    
19680615-000737CMPXYBskXbBKdGkRvEStCHIPFqiJyXvXziEXjAwTvvfWRJc                0000000253ACTVFWAA- 1852070219085 Amsterdam Avenue                                                                                                                                          V6Q 1S3     Pueblo                   KY                  United States of AmericaLyn                                            ZPhZoboRSzVxySxJKifAKGZFCbQRaDdUNEzUSbniCJZRSAgXPOKOjIbDqsQzrFzlzYhMeKyxDCmuIrQbGGgKCAUXXvLtSnT ImEUGCMNhBOyjskzHpa                                  
19680615-121108SECAAAAAAAAAAAAALSCOMMONACTVaKkLxNERgiyPxXLTCPqbPtqXzXSZmSnZTVXScKDIKQGDmzlghUpLkHBBJdaP          NASDAQ320521797    1876113019561030        1.210000000194
19680616-013707CMPKSoNMtKJWQyAnWxjrBpMADCTAAeWKIdDQIoyXRovOiONJHrODGwVNhs     0000000252ACTVCAMgi 193005086749 Cliffbrook Way                                                                                                                                             C2A 4X3     Richmond                 KS                  United States of AmericaSabourin                                      rTFqZnEnQ eJlopSjkGTGlKLHQGECzHsFKfhAJMldCAswWjUPzwmTCOxhQcUNAYwObpMyJ                                                                                
19680616-112935CMPnJgDmxalbZMjehwzTKHgRRhEstWQSEDBlRhSmYCUfAPFvuhBBbOwQbNKdVqs0000000251ACTVMFAA+ 1873043012028 Pardee Rue                                                                                                                                                60827       Santa Rosa               NM                  United States of AmericaShimomura                                     MopLSeETbrCLtB TuBEIPwpYwHMPVPhxrKEeVATdBSKNfPcOlgmRoxd                                                                                               
19680616-233441SECAAAAAAAAAAAAALQCOMMONACTVPO VCPYWTgHgGvhFdNAd                                                  NASDAQ863852357    1875021719430102        1.05MDjVavoVSMeRlCAiXqmFZzvARFaNTAslRoYCUeWRGOXU                
19680617-055034SECAAAAAAAAAAAAALOCOMMONACTVjYBqPQwVnDWaIXJqzNRZPMu                                               NYSE  270457647    1914061818760918        2.890000000137
19680617-160634SECAAAAAAAAAAAAALMPREF_AACTVCKgwZTAAVFbCUlmGnVPwuNTzTBZOWqNEiHhbpS MuQIIASwEMFWBJHSTFPgQAtSGPBE   NYSE  929224642    1964043019320721        2.260000000056
19680617-212033SECAAAAAAAAAAAAALKCOMMONACTVWVuyjINFWZnGMNTaTpJDbDHsAGyNveDPHqQNBFwwWHbdPjzWGUPaMFYpPFR           NASDAQ759020753    1927090519090530        2.590000000083
19680618-053844SECAAAAAAAAAAAAALICOMMONACTVFDXxRsnLXsP                                                           PCX   952665610    1863012718860410        1.03CVRXvUkWOxdMcWRMhABiVpiKwSnFEzHzbbeQ                        
19680618-121628SECAAAAAAAAAAAAALGCOMMONACTVSPpyqPLLtGCMsdyLlsQFCZs                                               AMEX  671460497    1874072718540314        2.67GCjVjJdHNLUhgQD                                             
19680618-183056SECAAAAAAAAAAAAALECOMMONACTVJDQEUacFqamoIxCAbWh                                                   PCX   640064752    1854020519040606        0.84bGFUwQXggAZypFjRCphMxBp                                     
19680618-230054CMPWVTbnEYAjlAgSBOTMJsdVAtWl                                   0000000250ACTVCDBB+ 1922112719775 Cordoba Court                                                             Apt. 76                                                                         90034       St. Petersburg           MS                                          Ikuta                                         JHHISaRZJJqIpisLfjaMvIgRPZxwzTAWmKWQnyVRRTACnLbTjPEauShxe EbTVOXoFWxhGOjfWMACMxUnNZUkLnhElwdpFcSmsYbCJTLlxdsGGcVjyKCR                                 
19680619-065453CMPZhIdRbKPWAgVuLWwGjiSzfUwYjCcbBxBFSBRUTWUrlOaeUrUYxllZN      0000000249ACTVAEOe  196308165441 Ethridge Lower                                                                                                                                             V6M 1S8     Plano                    KS                  Canada                  Petersen                                      TDFPTH KeuGKDVOMABbDK NeeQBXXGEKXNlTUWmBnoHZvgztmqOg UHBVjgCXivfclpEHCeVCJptvSlkuSJPZ K  oCNOOLVHANMKkeFkKRqpxAFixnG                                  
19680619-194357CMPBYPyIIWNIqAYdZQWnhCLHUcMGGlgOKTlFwHOkwzdoHOqxGrKDWsxRAc     0000000248ACTVSPCCC 1862022017012 Lendon Street                                                                                                                                             72256       North Las Vegas          Ontario             United States of AmericaNowick                                        oalnStUnawHNeadZMIVODAUqTCHDlNRfrcJaAIHOMaSLMzAPIiJNhwyvXK cHMfQoQVcsc MTbbaJRbGEnABXRhAeLXPnLYqCS OeTDYufTIMLZORHAjApPHqxG                           
19680619-223326SECAAAAAAAAAAAAALCPREF_AACTVFYdEHNnxrTqD                                                          NASDAQ703933431    1911022618890828        0.970000000146
19680620-105949SECAAAAAAAAAAAAALACOMMONACTVuoUVOJFIlHWIjmBxwKmduIddnJCUuEEMKHsBruYWwTLsbmGPTFeZILkdo wvUTRJqutEECNASDAQ966352061    1949061119640530        2.74FTdnKnXaMJFAYPMbDwkeJWXaRWJUQxtKKejCzvGmFmE                 
19680620-133311CMPKIbLaVBJgDliYZvdSIlyPWKFJWmcbyyDTkxJacYJSvlIUiSkiVhAgeM     0000000247ACTVMMCCC+189105012566 Milbury Avenue                                                                                                                                             92164       Oklahoma City            Saskatchewan        United States of AmericaRamoutar                                      TSINUIKCTQDQEqcYyhGVOSPjrZEOYlz OrWNvG                                                                                                                
19680621-003939CMPTrXVCLKjAPMUhqmJWRPoCbk                                     0000000246ACTVPSYE  1943100218133 Cherry West                                                                                                                                               V6M 1U5     St. Johns                MN                  United States of AmericaOlesen                                        YWebmRHKRVrrVzljon rXnqKNKBKsZzUaghBvChJni                                                                                                            
19680621-115109SECAAAAAAAAAAAAAKYCOMMONACTVNHajRcJqLS                                                            NASDAQ414668947    1857120219180831        0.75NSYnuORxQIWEOLTFSNDHCLlDKVJAUrTORPSPQpUczVTSRsozuKFRUHPDR   
19680622-002313CMPRwtSHFXowzSPdPZqCmJ                                         0000000245ACTVTOYiK 192708178968 Dexter Street                                                                                                                                              T5A 1S4     Durham                   OK                  United States of AmericaScheuerman                                    BtpLAJhcFoeGkgGS                                                                                                                                      
19680622-072441SECAAAAAAAAAAAAAKWPREF_AACTVnBgSGqeMvmNuOxqHZfBLGhEvLRidIbHFXnwLhI                                AMEX  119896867    1944050319241030        2.18bDehSFMUUzvBayHEfHPXduNBnPkf                                
19680622-145349CMPYIjGVogDxcalAFCBFdrIjjouPsbTwDAVUjyVYv                      0000000244ACTVAVqdE 185009062079 Sun Tree Drive                                                             Apt. 527                                                                        64147       Austin                   MO                  United States of AmericaLime                                          BCsiOUEODXFIIzoBUSXJquCKFeSGFLJJZICSeCVZVCKEIs PSOEQcdRKScseNBMJuLJWNxMWPutrzWTkQEBUxPg                                                               
19680622-181227CMPWomBVNFABCECNZiiffWyGfSg                                    0000000243ACTVMFB-  18530604268 Cooper Lower                                                                                                                                                85237       Lincoln                  ID                  Canada                  Dolores                                       UvWZhTmXgaESxmJECIEPNZXXVEPtdHvlxwzoGNijhrchuUyCciEm pSsyUTkFZILyWMKbPhadCZeHcSMvUCo                                                                  
19680623-075045CMPQUnhNVCAxKIJrXubzRSkXhIWpAHLRQrVAkeSFefRGVHTMDbDJDayXa      0000000242ACTVCSAA+ 1896111910803 Day Way                                                                                                                                                   H2F 1X8     Toledo                   MA                  United States of AmericaHarcrow                                       EFDafpOcoWUNAAfSEcxpxrPEoFPCE XGjlcaHGXiyw                                                                                                            
19680623-203153SECAAAAAAAAAAAAAKUCOMMONACTVkyQFtn EgVMKgBaPtxFMSWrdtQERZcVQdSbgEkkUPKMlhQBOlPw                   NYSE  367847118    1869120718550418        1.70tbKPxkrjeLPHwZsOByirMVZLpYkXdBHFnKqclXfgQIcMJp              
19680624-030003CMPDlfnLiIbMJekRudiSrqDMJWBDZQFLPbaDSGHFbZIAQnMPMBCoeSR        0000000241ACTVAEAAA 1930032224977 Garden Brook Upper                                                                                                                                        90883       Torrance                 MA                  United States of AmericaAlire                                         oXRWjTVMmFDeDONaOKNQbZHuC RyyeD WDgevETkwDBOFtSLopgcfucNNzEuFlrWzXciZxpjCMFZQc kWJqYlAAdDGCFfxNuoowjnh                                                
19680624-064146CMPEhqRirDAXxfmkjRFuvqBjTsrPHcyvavBLTvRuTeGeZtHOqOpJpBRUdJGRGK 0000000240ACTVCVAA+ 1906102220641 Northland Crescent                                                                                                                                        T5B 1Y3     Oklahoma City            Saskatchewan        United States of AmericaAtilano                                       KePlQPuHrOSQxNnEz bETGYkSVlLb xNJa DJ gJIrjhzuVRttowefgRsBKrQNiEVOZzVlGHupvSrXMIRocIHgodrFHrIFOkcrYOodoPlQvL                                          
19680624-192203SECAAAAAAAAAAAAAKSPREF_AACTVpJmKUDJfM abRyQi KlJCwvVhzpdyGdGrpbvwgmRCDXsjTiCJJbHqtZUFmIshJkbnB    AMEX  432238064    1854042618690911        1.930000000137
19680625-085944CMPUfSHWSCITBCAOZQunWBPoRwGIRuCUoPSdEQARTADOJmAyACdfM          0000000075INACOSB-  1851041123890 Bay Street                                                                                                                                                99611       Miami                    UT                  Canada                  Lekas                                         TEUEZXJoHNH                                                                                                                                           
19680625-202011SECAAAAAAAAAAAAAKQCOMMONACTVPESFaSLlTiVxMRXJOlAy pOb                                              AMEX  361333767    1871100318521215        1.400000000118
19680626-043018CMPgZUwQaFFTCVVSnegbXTDEgWjCjDNFMHmaEQQDtfQdxtonNVUp           0000000086ACTVCKCCC 194901168092 Gibbes Court                                                                                                                                               64053       Charlotte                AZ                  Canada                  Arrasmith                                     WGcCjpyDEzPNVEbtiavoUViWNoROXQggvDCl RKKLBZYmCBb sOkOsqOQUUGDolEssoJmYJ PkIDy YmoJNGjTDEaMhhPneGyNdkuVJFKJXXPMwxSERysGjDQoQzsHzjKGWCzZPP              
19680626-053253CMPVrTzIgeTGTFEbFiFBEbMvRuGcG                                  0000000261ACTVGSCCC 1860040311656 Denton Boulevard                                                                                                                                          X1G 1S6     Tampa                    MT                  Canada                  Afalava                                       TibURSVNSReYYtSXjCoalzVqMNjdeVvxFzJQWjAQjCPFbfUZoYlzVYKFxnOvVJvwk                                                                                     
19680626-071905SECAAAAAAAAAAAAAKOCOMMONACTVFNRzDTCTQZfBDNSleH HBrMBehMbRQCWGalQK VvfHCD                          AMEX  824206244    1945080819530128        0.630000000193
19680626-132727SECAAAAAAAAAAAAAKMCOMMONACTVtZOOyhDIkNSPYvCRZOoePuVECGRtHIGPYefmHNEyRmtMqEnoCHICdV                NYSE  841970993    1921040819351004        1.920000000216
19680627-004242SECAAAAAAAAAAAAAGNCOMMONACTVlVUCv ILrvgaXnYfNMjYhEdPOajSTgaTZKNZDXqXYAdWEvhBgQVEPSqJarBkBjRDVaHHSoNASDAQ446369262    1946101718590210        1.32FTdnKnXaMJFAYPMbDwkeJWXaRWJUQxtKKejCzvGmFmE                 
19680627-142321SECAAAAAAAAAAAAALVCOMMONACTVSJKCEpEIRgWCFYAJnPzToGYQkQvcDZvVWLrngBiGoqveFULuJiY zzoQMNFSLqzcVr    AMEX  296173480    1872022918540612        2.790000000184
19680627-182254CMPLrvzmLeLVOWwcEFYsnNEWDJEkrUOhemp                            0000000260ACTVSCAA+ 1895051211930 Alabama South                                                                                                                                             V6P 1P5     Nashua                   Alberta             United States of AmericaKuder                                         WnEdKxzQsPpSVJujscQMeGAQBP                                                                                                                            
19680628-064723CMPWNRkyaGLpExIGmibKNXHTiWedWuFiObtwUPRHYHI                    0000000259ACTVCEBBB+190510224506 Harris Crescent                                                                                                                                            77141       Las Cruces               MO                  United States of AmericaMiller                                        sgPTHTToHUdltWMGecQirKvPRKMmRGlBXUxcATSeTjdaGufgGxH                                                                                                   
19680628-154344SECAAAAAAAAAAAAALTCOMMONACTVCQUEGLFJApbDTRCELAiKzoylycJBKhZGJ                                     NYSE  880505845    1923090519200501        2.94DGRnGSpVECCpqPNWQFrXCqxvAKEHbMGsTakcM                       
19680628-195240SECAAAAAAAAAAAAALRCOMMONACTVwP NijrttmRSdiHHgrKfYJDhZUUschACCQlHjAaOGPW HSJtHVALF                 NASDAQ893655600    1959060719480824        0.41hVAaKcPotSMtGHVnWXP                                         
19680629-030103SECAAAAAAAAAAAAALPCOMMONACTVGgnxGWsFdVIpLbNKrowLAF                                                PCX   515054072    1878111818691030        2.780000000146
19680629-041321SECAAAAAAAAAAAAALNPREF_BACTVqEcBUjKynSDCK wGlRAyUDcmgPxcLETlkTCRVeKaeDm                           NASDAQ451961814    1952122319640422        2.34TzOOKJSXlzetRDAZNOaBGRiAoYkrPjDLzvR                         
19680629-133755SECAAAAAAAAAAAAALLCOMMONACTVwWFuhq LGiQILlvfBrJ fyEPDDQRVHTH                                      PCX   150629434    1914120918900104        2.65xUJWMEEmEMdIWSDGXW                                          
19680630-025637CMPZbIHkwpuyIoPKgDJb                                           0000000258ACTVTHCCC-1870081919181 West North                                                                                                                                                10035       Concord                  ND                  Canada                  Bridges                                       EpbEWNcowUY ejsGOnzjkQWMooof mBV MQK BsCLedmcEeoTmUdUMQDhACTLjpMcLikOCRVXoUTzboIPwziJAcnVAZ                                                           
19680630-092609SECAAAAAAAAAAAAALJCOMMONACTVdPtvSVNVXpDDGNZOl                                                     AMEX  142896960    1869021118830727        0.310000000002
19680630-225304SECAAAAAAAAAAAAALHCOMMONACTVcTiIBZNQOoHKAIQqxIBGMrMpkAHkvpDcgFlbiHESMOSeJn                        NYSE  748331222    1963082519650608        2.20ReMpXiOzRLAKMUzTSaoXogmUnEOqKkaKJoLEKOGIHmVXx               
19680630-235958SECAAAAAAAAAAAAALFCOMMONACTVUvFviLTcZEGhGpCmSlvEAYSQeGgphLnGbexSHaGvD                             AMEX  608404546    1915051218850131        1.810000000160
