19680101-061446FIN196811968010119680101    8622865599.63    1834898062.51        8.41        7.46        0.21     331006833.90  552343499366.17    5258707127.03    218096295    246034105zwqoWSVQjNxEZABesPNTsTeFMDMjahzJEGOmdWsrJGHpLMoVTECfyWEiP   
19680101-210925FIN196811968010119680101    1933366926.36     647098881.76        0.95        0.79        0.33     355021181.02   48292679410.78    9204117188.13    679611103    8141313640000000148
19680102-013104FIN196811968010119680102    9121951280.21    3887097527.86       17.03       16.64        0.43     889804830.28  109054847058.31    8652612149.01    228303259    233625965RyGXaaPEwcBQqSesTFzmnVhW                                    
19680102-152953FIN196811968010119680102     835626462.38     240549307.86        0.50        0.44        0.29     880281801.83  387127900760.26    6595115615.59    479939756    5498478660000000035
19680102-205917FIN196811968010119680102    9147184567.47    2899145330.53        6.13        5.89        0.32     352564754.36  269469260661.03    7338957301.83    473291328    4925170460000000156
19680103-052242FIN196811968010119680103    1939597061.42    1023099913.06        1.79        1.59        0.53     721711571.89  561417765979.00    4609793224.56    573117855    645089747BlzKUNpcdbxQGHwUAaQlIXGgyZmHnyRREOKBwpXvXwwWEOWiNJVMXWALS   
19680103-093551FIN196811968010119680103    5882600043.62    1420888058.01        1.86        1.71        0.24      22333598.67   35942100383.05    6877542718.17    763888680    8324156520000000046
19680103-203000FIN196811968010119680103     257188239.90     129981785.32        2.92        2.72        0.51     486422789.27  524410021176.54    4877031845.91     44479755     478088010000000055
19680104-045902FIN196811968010119680104    4081518241.14     429415002.86        0.52        0.45        0.11     250401174.19  643143064944.82    1610916590.83    831266952    943887062bGFUwQXggAZypFjRCphMxBp                                     
19680104-165948FIN196811968010119680104    2984543616.95    1450513226.11        1.57        1.46        0.49     294304671.71  260946545648.99    5816812127.92    924824898    991796222TzOOKJSXlzetRDAZNOaBGRiAoYkrPjDLzvR                         
19680104-190634FIN196811968010119680104    9215903202.37    6264331207.65       16.04       13.56        0.68     970241351.56  554812589249.44    2032341957.73    390570813    4621152290000000066
19680104-213118FIN196811968010119680104    4834106806.86     975687764.85        1.45        1.45        0.20     933075862.96  942966239030.83    2365718180.47    671081418    6718649430000000211
19680105-091857FIN196811968010119680105    6169753177.30     375399391.22        0.40        0.39        0.06     297363653.54  480839954804.90    3607362761.01    935904007    9541701330000000105
19680105-091916FIN196811968010119680105    5715419120.11     900313860.21        1.05        1.01        0.16     439575005.65  551494075804.48    3878383781.17    856535272    890902387caOaabgKJQaXSZiUGJIHBtXLntUfKAkQvMDyj                       
19680105-114404FIN196811968010119680105    7641498801.86     261944320.53        0.67        0.59        0.03     839066850.60  811508279611.19    8770722765.97    389881019    445372097gZUwQaFFTCVVSnegbXTDEgWjCjDNFMHmaEQQDtfQdxtonNVUp           
19680106-015552FIN196811968010119680106    1910067581.38    1051093854.71        1.14        0.98        0.55     166100082.67  251062498686.13    5206140824.90    924870502   10696637530000000116
19680106-063632FIN196811968010119680106    5669382304.80    2283431167.91        3.21        2.80        0.40      96488475.99  353504815339.09    9607380138.07    711941803    8148101400000000186
19680106-082114FIN196811968010119680106    7261165348.68    4564135177.90        5.21        4.88        0.63     239628583.23  560944396657.77    9660466767.62    875812888    9357902820000000076
19680106-191556FIN196811968010119680106    6168760626.59    4048065052.34       11.35       10.73        0.66     749218053.28  958268693802.78    4870805991.87    356503256    377341498vdHVNrdOsIrMwKVkVqSWHZdImDBjZqUdrAJUzFOPrUum                
19680107-021657FIN196811968010119680107    8211334279.85    2451431655.73        5.46        4.70        0.30     942446005.03  261255610771.64    9741825779.13    449236982    521602155BVKkCHLPDGgsHNcHspWSOlHUndemQfJeCoVmAJKGcMVMmkIWVRMtZUCGymG 
19680107-030421FIN196811968010119680107    9637614647.43    4064126147.30        4.60        4.44        0.42     895851649.52  679341236756.35    9947746466.49    884358283    9156135800000000087
19680107-044113FIN196811968010119680107    9802269857.91    1245619084.83        1.43        1.43        0.13     112649352.45  847933828860.17    5455358874.56    872388756    872676386PnTWflZzXKMFUzFAa                                           
19680107-190819FIN196811968010119680107    1290229376.01     724369363.32        1.11        0.95        0.56     512726956.39  646310106966.15    3850954361.22    653631706    7642249230000000126
19680108-104800FIN196811968010119680108    7470344513.82    4864858021.30       17.79       15.98        0.65      74908871.65  875675831391.50    9002322115.07    273511731    3043689560000000004
19680108-235048FIN196811968010119680108    9843142873.57    2062562799.91        3.58        3.35        0.21      38256348.08  692432600770.64     535304665.08    576824734    614904204sHYZlEDddXdCfWUtfXBBxQEqQOsEIdkZhplwCIG                     
19680109-105558FIN196811968010119680109    8932899513.18     425358708.90        0.49        0.44        0.05     956559382.25   72831059134.15    4798044204.08    863011670    9641508680000000198
19680110-024600FIN196811968010119680110    3117106114.34     769768347.96        1.12        0.98        0.25     429868885.35  578352273662.57    1605239433.28    685133268    7877744860000000151
19680110-135506FIN196811968010119680110    5398014780.03    3662423935.53       27.68       27.58        0.68     868748902.00  214071310966.91    7810638505.02    132324737    1328116540000000181
19680110-153839FIN196811968010119680110      46885290.93      21204594.14        0.05        0.04        0.45        599779.95  431390419320.48    8608691573.97    448432974    521275824PMgDpipjuKrTIpAxZtGGvOYns                                   
19680111-020430FIN196811968010119680111    8650018276.54    3197360994.55        7.74        7.19        0.37     408784070.83  746606228164.68    3384911605.15    413342198    4447877510000000005
19680111-131158FIN196811968010119680111    6876507625.96    3613600376.70       21.69       20.16        0.53     145804371.52  923796763134.16    7213956435.18    166627648    179255580lSBXSwESnnboFFeSvHxFjlfxrwIZABfGMjiWUbhTmnRHnPFOTMlMAQnZJA  
19680111-140037FIN196811968010119680111    4165463874.65    2146642356.24        6.94        5.99        0.52     247596012.28  120206439034.24     560003071.85    309511223    358369924hVAaKcPotSMtGHVnWXP                                         
19680112-004214FIN196811968010119680112    6972859848.96    3465264856.12        8.19        6.96        0.50     428722354.23  450103153897.76     755593986.20    423096705    497710404jxaIsXvoqNCAPUhTBPHOyhJcQP                                  
19680112-034206FIN196811968010119680112    7951499629.72    1012609039.05        1.28        1.27        0.13      71736186.96  266616200627.81    8342318329.73    793546506    799565420yRflLhHvroMJBNHcMIDiQuHspAHUTFVE                            
19680112-183502FIN196811968010119680112    9187890000.23    3673560767.62        6.02        5.77        0.40     899147314.46  464576944251.83    2393792981.55    610352116    636470568wIwqEOGBhJEMMWLLUMyBfS                                      
19680113-100627FIN196811968010119680113    9882122735.75    3061815463.57       18.56       18.30        0.31     145346798.03  616878485890.17    1931935559.14    165006188    1673493160000000142
19680113-190641FIN196811968010119680113    4201617056.59    1193301231.71        1.78        1.51        0.28     708408002.79  433462944472.52    5435955138.68    670552866    789247889XdCwDlGsXFstGqdCIcNOKJfTOQPnoEeELXbNmwOl                    
19680114-024154FIN196811968010119680114    6036670554.67    3486797738.16        3.69        3.09        0.58     428068676.26  976410025639.00    2085557903.66    945457363   11293509470000000050
19680114-095838FIN196811968010119680114    6322370473.62    4157340884.72       42.84       41.59        0.66     324004288.72  755111278040.13    6055452337.21     97051181     999551670000000176
19680115-010237FIN196811968010119680115    1800620131.44     467319524.87        0.64        0.61        0.26     917464457.57  541373823215.85    1284225294.84    733491536    760706126wQrvCKRaDVSIIKjKecurCvLTBDTjUkp                             
19680115-045957FIN196811968010119680115    2647020215.26     699226301.98        4.04        3.60        0.26     487531545.56  228695650563.93    5856387050.17    173099699    194400397SAFZEJLLiMLuOrGrCmR                                         
19680115-055244FIN196811968010119680115    3642091165.32    2363597968.86        2.67        2.62        0.65     108604866.35  904281564560.16    6566977147.26    886198734    900421203KCkPotwrqSQFGNsyRmfAqMDPgLswKnMFgi                          
19680115-173427FIN196811968010119680115    3184675521.09    1201063818.40        4.51        4.16        0.38     895145346.12  652421763796.11     351887130.10    266103986    2884388050000000173
19680115-201401FIN196811968010119680115    7246976885.62    4520532779.40        4.64        3.99        0.62     314467765.77  248462717684.99     861828449.40    974410589   11334359640000000212
19680116-071836FIN196811968010119680116    3717036678.18    2066927015.28       98.79       93.79        0.56     682701229.17  405387505308.74    8319401727.76     20922317     22037256dGTSaPOJMHvtCCHelvrPOQXnY                                   
19680116-115937FIN196811968010119680116    8913625730.11    3090116089.98        8.01        7.65        0.35     630098000.29  296833911346.59    1460439565.89    385998856    404141183ODMjETCWLrWNwXFAtDsadcmipXdXWIonWPrnavfkvWXCCIXNIInRCQUZ    
19680116-152046FIN196811968010119680116    8552935860.78    2844117604.12        7.50        6.32        0.33     416756264.75  465356774470.79    4197796827.48    379029312    449863624DcSqnNQSIiOKBEchN                                           
19680117-052120FIN196811968010119680117    3605885341.41     693879680.11        6.47        5.59        0.19     430879669.54  627637427187.19    5318897331.10    107184787    124096076zSzyZVwpMSypTaf                                             
19680117-073918FIN196811968010119680117    1856833021.39     583052953.72        0.61        0.60        0.31     961608553.58   41646498773.51    9882464940.32    951705267    968470462jaaLOswAWNHAAHrSJdoSSzDViOJjUjQtYhYJQkHMYPSJxGEVzPMFi       
19680117-232631FIN196811968010119680117    5530604999.27    2824660144.46        4.76        4.72        0.51     560149832.65  161691066045.63    4602845659.07    593353342    598572242GCjVjJdHNLUhgQD                                             
19680118-075849FIN196811968010119680118     249570828.98     159763563.48        0.20        0.19        0.64     412029722.76  798594667392.21    8130870339.37    810981669    851760171DGRnGSpVECCpqPNWQFrXCqxvAKEHbMGsTakcM                       
19680118-133852FIN196811968010119680118    6833730277.25     351118439.21        1.31        1.31        0.05     992342268.37  663390546788.20    5761596412.80    268368789    2685084400000000091
19680118-192447FIN196811968010119680118    5190365396.82    3288851906.09        4.40        4.06        0.63      36793478.12  514556533407.68    7251325936.94    747224848    809077309PGyStCWXuTMNSmMcKBrfVUQWskEFHeKXCHmNquHGGLzFUUDwJPEAiv      
19680119-102824FIN196811968010119680119    2243636470.88      80129350.65        0.10        0.09        0.04     796817910.03  699801478677.36    3078776994.83    808391374    940163313gxRDKFSvPlmeIOeEmKDFgLkPgZLTtoGjaHHWZjKtlLUyZjfjUTUOEdaZC   
19680119-222023FIN196811968010119680119    6052859040.64    3175657247.20        4.74        4.63        0.52     304652294.66  649067768408.86    1907634231.51    669507892    685190304AYrIhMoBIgUBkRdxKABPjIIShjxFyaWTAsK                         
19680120-101405FIN196811968010119680120    9207257190.48    5409905158.04        6.00        5.08        0.59     290177151.56  727504208424.06    8767067403.46    902024205   10648752780000000111
19680120-205721FIN196811968010119680120    5536125940.06     490875515.54        1.47        1.35        0.09     486183832.38  873697064955.86     511949408.44    334626173    362393897ZkoMRNxyXxPFWBJUQZlfnUdXWOFWJ                               
19680121-042107FIN196811968010119680121    3243224407.91    1449693796.00       38.22       34.53        0.45     569104863.58  721380176926.03    6851964984.50     37929708     41979986uNzELlUuHMLVWRQzcPVofbO                                     
19680121-104629FIN196811968010119680121    1423511816.20     729338074.71        1.90        1.88        0.51     948494567.36  820733302330.25    8989378039.60    383517786    388363772IiHkvFAHjNrDbHaXULOVQWMsfQI                                 
19680121-111807FIN196811968010119680121    1472194444.98     172890664.58        0.53        0.51        0.12     334290422.02  113272000323.69    5993574803.63    327115499    3411320690000000131
19680121-200657FIN196811968010119680121    2528433902.91     812119092.93        0.87        0.75        0.32     550561112.65  307644886807.73    7945860331.09    932477919   10846198800000000009
19680122-020122FIN196811968010119680122    5418842665.01    1099127402.90       56.02       52.30        0.20     165647234.54  336608730883.78    3016056563.32     19618645     210145000000000039
19680122-073032FIN196811968010119680122    9055931313.07      59593574.48        0.20        0.17        0.01     848254579.42  301586003443.55    1601226867.17    292066911    3485942990000000192
19680122-232213FIN196811968010119680122    9816364136.19    3482969380.59        6.29        6.24        0.35     320787084.47  545607453293.93     266024261.94    553891168    557742259AsIcOhpVbPzObQVeuCVsm                                       
19680123-084417FIN196811968010119680123    5097274211.28    2819808835.57        4.75        4.27        0.55     930644964.30  334457087261.95     695325923.41    593858177    6607762940000000029
19680123-231842FIN196811968010119680123    7765625038.29    5019127997.65       32.24       27.48        0.65     448984652.43  113822100073.48    9061004757.67    155694640    1826154570000000059
19680124-140123FIN196811968010119680124    7232270026.08    2946148834.53        8.29        7.74        0.41     405149166.23  435380448296.68    6132633394.17    355265211    380807032MWSRfqgCEKzAryF                                             
19680124-215704FIN196811968010119680124     557364383.37     364079720.65        0.86        0.81        0.65     345247077.82  188968064852.12    3466580291.66    424489913    447821140rqMbvwSCBGYCGMEPKQeELcTKYUzuwRMWTqYPIirIgRbOCStxEXLeiAEZJCb 
19680125-015558FIN196811968010119680125    6016509778.58      52945035.60        0.06        0.05        0.01     420910283.80  604685013069.85    5920364781.47    950236267   1023480555lTKAvpYDQWTHOMqUWKQDSYoOKECz                                
19680125-160841FIN196811968010119680125    2616365368.98     374015893.38        1.94        1.76        0.14     900820706.72  687691540878.55    7154028289.17    192928179    2120271630000000079
19680126-023141FIN196811968010119680126    7756472164.95    2344707421.06       16.75       16.30        0.30     957869795.03  888397486525.57    4979822286.09    140017722    1438859650000000160
19680126-113134FIN196811968010119680126     209511251.15      84101511.15        0.11        0.10        0.40     901004651.29  579578892419.50    4011079029.06    739908264    8072341950000000044
19680126-153208FIN196811968010119680126    2656421893.65    1548651556.54        3.64        3.40        0.58     934931406.34  511875714940.01     879043070.72    425143424    455303842jlkBZXPcVEbEkvquHcRWHHHVGNQxJWnBWpCCCKENWGMjHFABR           
19680127-040505FIN196811968010119680127    6090396731.24    2884442656.69        4.98        4.82        0.47     670374477.12  485767624804.64    6935143374.60    579342817    598383648CPbjomnFaRefNvPPeEHDjAzPjOyYJWrUltlm                        
19680127-102149FIN196811968010119680127    7743989665.53    5221703620.67        6.18        5.21        0.67      96096239.01   94598839642.18    2847899428.97    845306924   1001777300XCSbLIHwrFuenuhOSByKxXLBgIFHMySpTKhwCpBNFKAUeCzkBgyOOJfH    
19680127-180808FIN196811968010119680127    4745079647.96     339344630.84        0.66        0.59        0.07     600378227.22  154023935511.34    6189739874.96    517492025    575654988wcKiEmLIRDQYIYGfpItBTEuSFq                                  
19680127-234145FIN196811968010119680127    2147849789.13     912178827.93        8.26        6.94        0.42     407073612.32  956954848043.74    8732000199.59    110394146    131482197XtbozDFYEJJzHPPbBRzE                                        
19680128-014351FIN196811968010119680128    3832851310.22    1698764211.40        3.83        3.21        0.44     289647446.40  908842426385.43    6215568264.97    443156275    528655400MDjVavoVSMeRlCAiXqmFZzvARFaNTAslRoYCUeWRGOXU                
19680128-034125FIN196811968010119680128    9674560204.36    4478176039.76        4.64        4.26        0.46     652152958.58    6920080652.35    3125475598.99    965392249   10520640610000000075
19680128-113535FIN196811968010119680128    7711991525.07    1655197294.28        2.91        2.69        0.21     731427093.57  631551472057.04    6565122683.84    569170588    615547714GBwfXYROsIFGgJnevYXtIlKWqpWBaxUOBLQuBOjIgbnnJiATTAwMElnc    
19680128-224854FIN196811968010119680128    9886269843.60    5717295373.96       81.52       80.38        0.58     239394063.08  999261497370.36     719896023.90     70129592     711290550000000114
19680129-091406FIN196811968010119680129    8221103444.89    4599699638.22        5.23        4.70        0.56     850190232.35  429339807143.17    7723680532.65    880109565    978593188NiBcGbDvQsFXSbRxOUPzUvEKLCXRVlDFrhOUHduBWHC                 
19680129-223824FIN196811968010119680129    4492238785.35     375795528.95        0.68        0.63        0.08     277089223.56  404857191715.08    8804586441.62    553636337    5992125140000000095
19680129-224947FIN196811968010119680129     493453675.88     285088156.90        0.32        0.29        0.58     917966059.34  877114186892.73    6316342600.50    892402671    9735125380000000125
19680130-084040FIN196811968010119680130    2114099407.34    1311513686.98        1.44        1.42        0.62     331203890.60  527916979967.22    9957928022.58    912764585    920867095klFMXmnqXiqaAzvNIJDQvfEPCAGHPKxCDoQIvqNaNlO                 
19680130-212217FIN196811968010119680130     478861938.09      13359229.25        0.03        0.03        0.03     476550156.56  557769185563.76    2965217885.34    454372977    4908331920000000165
19680131-064954FIN196811968010119680131    7707982108.71    1360699668.54        3.69        3.41        0.18     894132776.40  434274267522.41    5100210034.83    368716625    3992446450000000115
19680131-141931FIN196811968010119680131    2690230381.52    1244264871.69        1.54        1.45        0.46     997312300.55  962366548898.56    6243176750.93    805728756    859989602RxKMPKUYDaeLqGeOBTUQL                                       
19680131-233059FIN196811968010119680131    2436011285.51    1696777059.77        3.17        3.04        0.70     282198435.05  785802609836.31     539587234.74    536078097    558786343ZMyMWAaoadYhYUETeJAUqAJhTRHVNsGEyXUstPsmmSDDlJphpBfMH       
19680201-023715FIN196811968010119680201    4066755031.94    2090171962.02        3.41        3.31        0.51     585199446.95  181482842406.34    8087125214.46    613795860    6319542300000000200
19680201-053804FIN196811968010119680201    5140598417.98    3364622492.00        3.66        3.30        0.65     177153055.61  914453182113.78    4266185030.66    919304334   1018796488TVBaQTDJrwGqJVGCBssskBnDsDMLUWwziNkIsfdVbcTmSYVg            
19680201-104641FIN196811968010119680201    8140348966.46     805083575.14        0.95        0.91        0.10      67360999.97   48799353834.59    5546627367.79    845497672    881616792vnbESGDLPDBDVwsKNSXPqRYLGXjuxVJrQDsEcEVAYIyXWMFThaGbMIZNd   
19680201-232959FIN196811968010119680201    9547803950.21     475298215.67        2.17        1.86        0.05     873784047.60  437330235115.70    8157548351.92    219317352    255446188nWCuOsSpGHyPtnWxAYFbZJKRVPYuBpFehsjAEpnscPPBHCmXQTEmjOKB    
19680202-140440FIN196811968010119680202    8978482257.17    4440907361.88        4.60        4.54        0.49     183270278.94  427461384981.66    7864071936.09    964727297    9791204190000000146
19680203-001944FIN196811968010119680203    6095865611.62    1289807752.56        5.08        4.68        0.21     315201385.41  788585864872.71    6260375428.38    254003093    2756149120000000003
19680203-010355FIN196811968010119680203    2338238700.67     360502572.19        1.35        1.27        0.15     903658154.26  782531977337.31    6080120256.79    266572682    283097726qNBRLBcNHRMNCOGgoLutSmLjluU                                 
19680203-054440FIN196811968010119680203    1537028601.80     155251294.50        0.48        0.44        0.10     506930826.75  651874474026.91    9686495953.71    322440384    351759763xUJWMEEmEMdIWSDGXW                                          
19680203-193043FIN196811968010119680203    1921599633.22      30986447.90        0.58        0.56        0.02      21764786.93  361050855672.65    9447096155.80     53545390     55544631UxwoFfdmLfKmuJCZStrMNOScJQzWthcXUUiyvsPHTsRlAJPOiKyvchxt    
19680203-220033FIN196811968010119680203    6370173686.30    3132480821.58        8.50        7.65        0.49     293405255.99  388445372836.61    7694803108.37    368701654    4093877630000000207
19680204-055636FIN196811968010119680204    3145233861.15    1535697329.04       16.14       14.01        0.49     537326695.48  139840240497.94    9003608586.77     95161319    1096284030000000053
19680204-132927FIN196811968010119680204    3594734254.03    1859955068.33        1.91        1.73        0.52     826438552.22  526877982881.60     288833779.62    974691397   10781868290000000083
19680205-044907FIN196811968010119680205    8555931551.05     679274048.28        0.76        0.70        0.08     248286980.39  499543330409.63    8874997367.50    890855153    974936982yRPdOOYwDRIgGtBTaFzyuaZQ                                    
19680205-091334FIN196811968010119680205    3902270160.57     444700724.59        0.62        0.55        0.11     355971396.03  840147370176.58     605536516.59    721506685    803301593XDnNdfGcCiNIOwdZoWMTZgVYEOsHLSH                             
19680205-103912FIN196811968010119680205    8469938306.99    4776643998.64        5.87        5.38        0.56     845469367.10  615860538665.19    3434048483.43    813775545    887285665eysebWKLNGxQYYIFsJdhFuWyXwLTDJxAKCaDTVAUBoodItsSQKDEE       
19680205-172248FIN196811968010119680205    9497240736.16    3775474280.75       14.33       13.30        0.40     540472619.78  725783214237.91    2573841782.13    263431195    2838157040000000103
19680206-060127FIN196811968010119680206    8616353240.42    3895561328.26       48.23       40.90        0.45     396586943.34   87176956752.91    1365133272.61     80771817     952454070000000054
19680206-065715FIN196811968010119680206    7626295644.13    3338304199.29        4.72        3.99        0.44     530818750.57  410360044980.37    6615142029.13    707388128    8366839860000000084
19680206-184501FIN196811968010119680206    4343904727.96    1770938108.98        3.87        3.39        0.41     195271857.20  176965991699.64    7328702889.57    457615733    523090778xXOGiEuCcPGNkErzSfwxY                                       
19680206-215209FIN196811968010119680206    2186129170.32    1043486672.81        5.96        5.41        0.48     273160393.40  601200011311.39    4516238424.71    175179852    192909186BzijSDvPCIJvDDDXrPdu                                        
19680207-015059FIN196811968010119680207    9567672961.64     515225995.04        0.89        0.80        0.05      19838495.54  388269311740.55    8844847871.52    576303964    640738147EFRGQVNkQlrMBfrFQgzyFSvIGoSmPcPULRqbXjpBElOnGvzHZPaBQRlsvgyc
19680207-111755FIN196811968010119680207    6386762976.77    3439932471.10        4.71        4.21        0.54     728910070.94   61167702698.46    6951182901.46    730653113    816190042bBrSPifIaInSAkKzVpJPPTGoCxaskRtmBSgXElBoGwDiLnvQRLHRTFps    
19680208-004849FIN196811968010119680208    6960553676.84    4194028224.71        5.93        5.74        0.60      26164871.42  117167418946.07    8022147308.34    707313060    7311902280000000134
19680208-103855FIN196811968010119680208    4745387879.92    2089181633.11        4.82        4.75        0.44     822869106.48  197397457389.65    5260152919.97    433203306    4402205780000000069
19680208-140518FIN196811968010119680208    1135138755.70      49242567.78        0.05        0.04        0.04     272963011.43    4136808994.50      42442976.05    980865187   1115183627NAYgyJWLYJBEBsHyewWRGxACUqRMXHbFXaWCEBYtC                   
19680208-194403FIN196811968010119680208    4942695882.55    1025082712.70        1.64        1.48        0.21     758478523.29  667435291033.38    5341973637.01    623575443    6905657890000000183
19680209-050049FIN196811968010119680209    5455173415.88    1005210726.95        2.69        2.46        0.18     566681443.34  600440177950.99    2665703153.68    374244613    4090779040000000002
19680209-065542FIN196811968010119680209    7537999978.63    2106730175.17       10.26        9.51        0.28     873766094.68  948939325983.39    6592981122.46    205331965    2215610290000000153
19680209-191333FIN196811968010119680209     407931321.78     247688604.17        0.34        0.30        0.61     971023889.60  369866545784.56    8864439154.16    733580276    817194066RAtXIperFfSBzTNkUHKANNBGDCfGgILLuOMHtQhR                    
19680210-090054FIN196811968010119680210    1036879560.21     699260431.92        8.41        8.07        0.67     334400436.46  460495677729.93    4271057414.00     83175601     866234510000000149
19680210-152654FIN196811968010119680210    5842032940.50    2485136275.51        3.52        3.36        0.43     305651402.98  346439481139.30    2137202334.29    706484502    7399359050000000193
19680210-214302FIN196811968010119680210    9386082513.51    5185846528.51        7.44        7.37        0.55     803784765.55  834623434324.34    7915145448.32    696895702    7037500030000000052
19680211-020831FIN196811968010119680211    7592007056.88    2140982845.31        6.85        6.65        0.28     785782724.91  211174163965.15    8601342798.84    312367089    3218335260000000201
19680211-060946FIN196811968010119680211    4599604311.39    1071749060.59        2.32        2.28        0.23     198947240.15   76379324700.84    3981645814.16    462635938    4704156370000000017
19680211-083753FIN196811968010119680211    6532538541.39    2446762616.24       12.37       10.41        0.37     620586970.42  457885563052.43     387082822.02    197730861    2351238780000000120
19680211-095821FIN196811968010119680211    8027550625.83     805023727.18        1.26        1.16        0.10     769602016.25  713280117094.61    7749134628.67    637272085    692446303MVCKckBWCQkXbqXuPPxiqbioWtLPmVFWPDdIQsbx                    
19680211-173008FIN196811968010119680211    1356360353.33      30730343.64        0.04        0.03        0.02     197191480.48  622052916980.36    5291338850.81    870427068    9861526040000000178
19680211-225519FIN196811968010119680211      84209151.41      58536535.79        0.07        0.06        0.70     881061795.77   90165276779.95    4379791345.91    861883115   1007340283PGDBgEZqRneMoLzzQWIWKPqUm                                   
19680212-104939FIN196811968010119680212     897450654.68     182721986.68        0.94        0.86        0.20     893325954.39  607370036395.13    6819126970.08    194342612    2125567520000000170
19680212-164237FIN196811968010119680212    6968894325.13    2194747041.79        4.10        3.67        0.31     886895474.86  787099265496.98    6852029245.37    535045882    5980486570000000018
19680212-222704FIN196811968010119680212    1418545968.58     352251651.21        0.39        0.37        0.25     680178728.80   68664551104.68    9487611623.54    903419833    9498463720000000048
19680213-084942FIN196811968010119680213    6737482655.34     466219531.39        0.58        0.55        0.07     476753701.70  181276650340.57    5198223010.07    807041539    8437802360000000208
19680213-162624FIN196811968010119680213    2109393256.71    1150415659.15        1.66        1.44        0.55      74336739.38  286090641077.29    2370633650.01    693633109    7965299810000000158
19680213-212401FIN196811968010119680213     819965543.82     210852654.92        1.47        1.41        0.26     666065964.25  855994583938.60     226697706.12    143401171    149645416PozAgYtmghzwqacMhOFSFF                                      
19680214-075235FIN196811968010119680214    6182182465.73    1035046722.76        7.83        7.60        0.17     740883451.38  939184250434.93    7126907594.37    132145084    1361516140000000068
19680214-215607FIN196811968010119680214    6105946337.30    2659498524.81       50.23       43.01        0.44     418137111.44  594003403725.45    1854708145.15     52942982     618327050000000159
19680215-024047FIN196811968010119680215    4896573253.83     656467159.66        0.77        0.65        0.13     901926461.59     538429133.16     618813968.27    855366112   1006715378zPDnCPNaQXkiPtzDLtcrENJONEyAAogVQCkOMhbLThGHBTRtMPVLtKXz    
19680215-102742FIN196811968010119680215    4792334551.07    2299332224.12        6.89        5.88        0.48      28473387.15  757653041586.67    3390478297.96    333766429    391081072QFRbFMIOhFIvNDHHKUIHIwUDsyiGpkDUVMQO                        
19680216-021219FIN196811968010119680216    6965243217.00    3911322638.48        6.81        5.93        0.56     304309140.06  245188922071.07    9871383406.48    574763516    659935358GCuinPDvwNejloIRTkgEypWMqgYu                                
19680216-081344FIN196811968010119680216    5991890868.84    2604762579.76        3.29        2.75        0.43     779556623.71  396936069812.54    7950630722.27    790999662    946738667MvFWFxETzIJhdDIyDWMLuczKqULEfmrbdOONwcNWwVTIQWWIHBCDXCXCSEX 
19680216-113906FIN196811968010119680216    8371691780.32    4131375009.93       46.56       40.22        0.49     959270853.40  106445069050.38    1731400502.30     88739662    102731107AToJyVSeyYfppHUShGWU                                        
19680216-193337FIN196811968010119680216    2697167301.43     371128706.63        1.12        0.97        0.14     324602327.47  220526656112.75    5923669953.11    331923604    383463462kHtGiuFfPHTrsLQCQMHgHEIaeKArhp                              
19680217-073014FIN196811968010119680217    9272211087.40    3146266217.77        5.49        5.08        0.34     842132895.60  940753458165.61    6463253784.43    572611643    6187870270000000108
19680217-091001FIN196811968010119680217    5877382882.23    3166648512.19        4.07        3.72        0.54     127630391.84  675026629382.06    8217985093.37    778957238    8514823660000000138
19680217-232200FIN196811968010119680217    8148558945.07    2830305291.98       10.39        9.54        0.35     452847713.02  242270876279.66    4935842540.97    272450209    296625971QwnIbVnuGKkXinwkKNLkqFNNlyDxVORxOQbZXbKhdqPCFoPBEWbUnxOfI   
19680218-043026FIN196811968010119680218    1169988701.78     159391033.08        0.19        0.16        0.14     394124195.27  670784484009.48    6514678130.74    853006646   1023525609NFTuJAFIlmSrWNg                                             
19680218-200819FIN196811968010119680218    5292679102.35    1602166203.27        2.74        2.41        0.30      21516928.27  851264389134.59    1874460642.29    583807585    664696280tMgSZEBCIXIddwcJTrzDKJaVwaVrpPGg                            
19680218-211732FIN196811968010119680218    5951838903.99    3904525698.07        5.50        4.71        0.66     569431309.41   29523282492.89    7013911655.91    710559305    8284044670000000006
19680219-010536FIN196811968010119680219    9418513164.08    5714905164.98        6.49        6.17        0.61     424947673.73  889869731037.05    7177231434.83    880613890    9264851000000000109
19680219-153247FIN196811968010119680219    3556932312.98    1343957539.71       11.03       10.13        0.38     397424703.22  849170084519.08     986034660.82    121844792    132663978IFMKAPsnyffkALrEorEUixamr                                   
19680220-030257FIN196811968010119680220    1059397754.58     564671290.96        1.27        1.18        0.53     688153483.22   97768099379.20    7439060299.37    444420256    478648935NSYnuORxQIWEOLTFSNDHCLlDKVJAUrTORPSPQpUczVTSRsozuKFRUHPDR   
19680220-113229FIN196811968010119680220    6396179346.49     514521985.29        1.41        1.28        0.08     756588477.14  910766391781.69    8700130095.65    365611819    4033934230000000026
19680220-131218FIN196811968010119680220    1510634904.41     532974039.56        0.73        0.66        0.35     837995523.63  318126486857.08    3815016681.27    727327929    8019223540000000169
19680220-202952FIN196811968010119680220    8230134613.50    2628821068.49        5.26        4.61        0.32     124166107.81  697536351457.72     688292755.81    499667535    569812958JaBRAUCPDCLITNXXrADVCSIopfxogeRFkYFvBVlr                    
19680220-233839FIN196811968010119680220    3539894546.31     356372620.78        1.56        1.41        0.10     214823952.89  421594108106.96    3087992565.01    228351544    2534850060000000202
19680221-064203FIN196811968010119680221    7494562387.59    2624952219.95       26.44       22.04        0.35     819248729.77  635899518123.52    8294873908.61     99270010    1191032570000000124
19680221-214253FIN196811968010119680221    1277054181.13     650002242.34        0.79        0.72        0.51     256601861.05  460776088515.69    3786483395.89    820383941    906139087oKOQXOtOpnWSXAiUJMcVtClxnLyRoKeAoBfZ                        
19680222-075658FIN196811968010119680222    6527140438.83    2172760695.74        3.43        2.90        0.33     598727666.94  102115396432.85    4807919329.47    633915263    750393120VNUMGRlTCSQKEfjLfhaUANwnlPAHDkoFxyHfydObCUUeDgBa            
19680222-081137FIN196811968010119680222    3850711081.89     809131397.72        9.60        8.79        0.21     152092440.17  199314929937.33    2749434672.26     84277946     92005134jnhGOQaSGPLzBRc                                             
19680222-153524FIN196811968010119680222    2036260046.30     229058018.52        0.27        0.24        0.11     838890268.76  205180174136.55    5883980195.10    854848414    9643648630000000144
19680222-223149FIN196811968010119680222    4692337163.03    1322648689.83        1.56        1.40        0.28     404015769.26  611502374310.36    4268460320.91    846448796    942149933nFkXCFIQQcAPOHRuYtieKkGSZpAdCmvxWPuheWUSLiFkN               
19680223-073333FIN196811968010119680223    6479788153.99    3596171889.66        7.67        6.49        0.55     269287683.15   88687402943.86    4914888076.39    469049055    554338369BBjnRjSGtZjneIEWFBAsWQhyXIByDhVQqgblgSWLNztfSnROkRGWk       
19680223-091700FIN196811968010119680223    4853374062.59    2734265976.49       18.74       18.06        0.56     865963251.10  192238676831.00    6098898529.33    145880658    151367768aHUGIHZFBLPMqxMvKLQZvDGAkHnUMtHIYMGULLkMrvMvSyCmX           
19680223-155840FIN196811968010119680223    2268426162.78    1470294780.11        2.28        2.20        0.65     606077694.73  490565017900.64    2363125288.67    643573835    6697301560000000209
19680224-032555FIN196811968010119680224    6893064684.76    3725630731.91        5.85        5.67        0.54     193107103.51    4633260088.48      15381088.18    636895912    6571185040000000042
19680224-091925FIN196811968010119680224    2526060396.47    1324740021.18        1.77        1.67        0.52     218509625.95  122590344194.39    8590909881.34    749633043    7955504900000000072
19680224-111504FIN196811968010119680224    1655759934.66     551979243.86        0.60        0.53        0.33     195877304.26   82863257915.51    8556673258.53    915775724   10408773840000000023
19680224-142912FIN196811968010119680224     349298542.41      31214154.65        0.04        0.04        0.09     442156977.46  372234544222.08    1308929725.67    745086053    786449210DCcXpyBmvKqumKDo                                            
19680225-013316FIN196811968010119680225    6620300023.93    3659987407.32        5.96        5.08        0.55     239016437.20  637413924734.20    6130591053.49    613722759    720960276kCGxWShTICEMykTPjwUmen                                      
19680225-084249FIN196811968010119680225    5402739326.19    3737136889.00       27.22       26.66        0.69      57179603.35  553916393919.68    7533075470.51    137280635    140172961FVGmQdOORBhcLfIPiADRHiPNvGlOIkkKoLhHGhaUNUSHWVhKqDfXAFFT    
19680225-155106FIN196811968010119680225    8447134686.64    1462151926.32       12.78       12.14        0.17     736843205.86  718100956646.77     627054342.21    114372522    1204432270000000043
19680226-070105FIN196811968010119680226     130592418.89      44544192.87        0.05        0.04        0.34      37774026.17   32861375567.87     658297740.85    866389728   1025402642BELJVClFSUDWQNFrxaHxDDEMSOMNqTeWbFtIh                       
19680226-131812FIN196811968010119680226    6021783066.46    3359821141.81        8.71        7.61        0.56     308389851.95  429554861533.47    5392431484.48    385945680    4415383150000000216
19680227-004120FIN196811968010119680227    8239173865.24    3016473672.69        4.97        4.71        0.37     562428289.87  309660770439.89    5501725673.09    607371926    640720721NrrqCXruCLCAVkwSEhvrBGgjRydDVQjOxy                          
19680227-063016FIN196811968010119680227    9651807082.11    6612648982.04        7.03        6.49        0.69     595089052.69   40545600942.83    1958965723.33    940025108   10190452440000000163
19680227-135634FIN196811968010119680227    7496591072.47     232219161.69        0.33        0.33        0.03     635432254.96  377143532838.22    6035943161.12    697486097    710904520jLIQIdLrlUATnOXEVHYBHtEqSmUbnKKY                            
19680227-224945FIN196811968010119680227    6280846691.78    2347894684.23        2.38        2.13        0.37     636383033.55  233878182795.64    5407542439.18    984890957   11023344200000000123
19680228-064718FIN196811968010119680228    5031337526.96    3027942881.66        4.32        4.11        0.60     450588374.63  619966885172.56    4571168585.29    701045847    736059758vFiMBJIBDeStTZjdBjUZmkXlKrIgHRFMpHwPpBizHDUuIIRivHNwmSJAa   
19680228-195328FIN196811968010119680228    3078704486.08     713640165.08        0.86        0.74        0.23      25573370.03  119009338753.21    4164265128.42    832770468    9672424960000000010
19680228-234306FIN196811968010119680228    3002735265.72     691593010.83        0.99        0.87        0.23     936191065.01  290118203383.39     222634835.40    696992944    7923446000000000113
19680229-052244FIN196811968010119680229    6607052999.03     697246188.68        3.67        3.17        0.11     746331667.11  280011525982.40    5591771571.16    190096054    2202236070000000143
19680229-203305FIN196811968010119680229    6737403559.29    2836290271.28        4.66        4.50        0.42     177077954.32  995492147959.30    5135122761.91    608519598    6300973290000000152
19680301-103017FIN196811968010119680301    5242009849.40     451512327.52        0.92        0.83        0.09     557953614.55   71879796286.52     912904207.24    488220877    5435089070000000030
19680301-140704FIN196811968010119680301    2415735957.13     781697091.42        1.05        0.95        0.32     303582105.88  892897753694.56    8201109561.41    742880075    8218425450000000133
19680301-232206FIN196811968010119680301    8648268316.67    3801007693.95        4.01        3.64        0.44     151086388.33   42908617564.46    6805480173.88    948455242   1043482895gDqcCBxupXLOeBnjyoDuJKKpXXazMTBejzLaoxVkzpfVHbeQYNnEL       
19680302-114339FIN196811968010119680302    6088142426.82    2068091696.34        2.16        1.93        0.34     157722455.03  601888570374.70    6380435552.19    955780630   1071100111UXKSWgGTVwuzWNnUV                                           
19680302-171133FIN196811968010119680302    2317543163.03    1562907588.46        4.59        3.86        0.67     286729184.16  831254925881.60    4948128200.45    340845650    4047761080000000203
19680302-213353FIN196811968010119680302    2949730435.03    1696588154.32        1.72        1.49        0.58     260438111.29  325069553359.88    5709446801.01    984863110   11410984720000000001
19680303-091754FIN196811968010119680303    4088080429.13    1259056042.35        6.52        5.50        0.31     980261623.20  706819077124.27    7499630311.21    192992542    228814822BCRRYMzpoAimKRITzLWLsoomeKjnZvguJDE                         
19680303-162936FIN196811968010119680303    7472522247.17    1163646454.13        3.64        3.32        0.16     397084373.70   38414012983.63    6046698669.14    320039318    3508352510000000061
19680304-034041FIN196811968010119680304    3901034741.49     449460234.59        1.07        0.92        0.12     933647545.16  780430902056.41    5268214570.90    418409054    490984005EOMpasJigJVvYQGKVcDPddEniaOUaTojpCAmYQrUeZJEGo              
19680304-104246FIN196811968010119680304    2001928365.81     187571122.24        0.27        0.25        0.09     671500921.66  932166099045.12    6515856110.37    690276323    745158268BTcRMijTonYBrhazpHBBVPDwAoCnJHehvcnyCdyGDsoOYCPKTQBo        
19680304-130335FIN196811968010119680304    8506654199.25     261866768.89        0.63        0.55        0.03     450738489.82  718615051375.18    4917370374.50    413492527    4771973260000000051
19680304-180203FIN196811968010119680304    7007682712.02    1069233045.86        3.04        2.63        0.15     421567670.66  858358121446.18    5529581542.62    351557387    406246750KwjfmirRqfjJKRClFNxFXRUpUKSpCNxNadkYKRajlaHBFBFgLPbynOng    
19680304-200014FIN196811968010119680304     797993367.81       8366614.19        0.01        0.01        0.01      70378006.38  476284856188.69    9819806999.22    966546453   1069135809WCJJAitQbHnCKfmKEVEELEBjYtHsVGTBpOMMCLXEadMPRGRTA           
19680305-075801FIN196811968010119680305    6271940990.58    2336158837.20        4.93        4.21        0.37     276974884.09  939619696096.14    8948983169.49    474132892    555566252FuhXrJlvsKIZUJaCLegLlrNbqhUb                                
19680305-112817FIN196811968010119680305    6242888691.52     188357501.31        0.20        0.18        0.03      73105060.70  362098873288.82    9628536700.37    937197571   1040798606bvAjGxHLNzaMyUfsFYwIeWinCSUVBJVoPHqXvwORT                   
19680305-212005FIN196811968010119680305    1198300099.12      55722420.14        0.24        0.22        0.05     676181311.48  961330551633.17    5787630028.31    235856511    2518192480000000175
19680306-105457FIN196811968010119680306    4946200323.13     702152286.37        0.80        0.77        0.14     227360796.88  589788334819.27    1201636254.01    877380185    9065013840000000162
19680306-203414FIN196811968010119680306    5859793572.48    3047434568.13        7.40        6.92        0.52     822282090.98  328360356318.83    7237126711.07    411656656    440341695xyrTpxryTSQNQSeNzhwRP                                       
19680306-222032FIN196811968010119680306     530760831.54     304320097.87        0.86        0.85        0.57      75462488.55  822650360382.71    4331548670.49    354737753    3590806450000000096
19680307-104019FIN196811968010119680307    1798314648.72      92230940.48        0.20        0.18        0.05     497503501.40  829356566952.11     934016820.97    450363270    500914385qzuJbEnLbLOlOtyvsWNfYJGAxriKRxn                             
19680307-115604FIN196811968010119680307    8040241489.12    1402091247.56        2.46        2.40        0.17     964981749.17  562858168216.80    4597195321.38    569664439    5830847000000000185
19680307-151713FIN196811968010119680307    7904014283.90    1762227946.32        4.09        3.84        0.22     479048882.18  797565857641.93    3959956973.44    430847493    458856955OtkqLHOfItLsbQFRgKvxJRJbHMHKCTnCiLvsekvrJL                  
19680308-050452FIN196811968010119680308    8560967616.98    5057873243.10       61.48       58.78        0.59     631921933.41  153647111689.15    4544842811.76     82265634     860442060000000217
19680308-193505FIN196811968010119680308    1649593950.39     503526405.03        6.70        6.12        0.31     334732654.94  434090826224.21     414334904.17     75138820     822920620000000067
19680309-051709FIN196811968010119680309    2350449769.64      85769113.33        0.53        0.47        0.04     583730190.22  412841687113.04    1427143497.56    160676643    1819784630000000097
19680309-095422FIN196811968010119680309    7695706281.32    2682014982.86       31.91       31.31        0.35      83264190.39  423615948429.85    2050980289.60     84040897     856500390000000195
19680309-221650FIN196811968010119680309    7630367134.89    1959260460.80        5.56        5.42        0.26     657837992.59  182429369989.09    9054418828.86    352521793    3613087070000000000
19680310-131524FIN196811968010119680310    6910789438.07    4624337885.36       32.91       32.12        0.67     463655984.37  153888228597.29    4065022653.24    140529169    1439626500000000197
19680310-184940FIN196811968010119680310    1524140523.05     743483262.72        0.76        0.64        0.49     761419434.38  565642916724.01     402141676.29    983867197   1158733635qTWHBOgEuGnUTcpDWXPStEWt                                    
19680311-080344FIN196811968010119680311    2210538111.34     698153191.58       66.53       59.57        0.32     449505838.38  254579908930.64     800114271.04     10494542     11720063GcEHIyRTbWiNnUPa                                            
19680311-174644FIN196811968010119680311    9324983555.86    1885243362.97        2.25        2.12        0.20     368310639.15  493545075196.05    5610231225.76    839724587    8878659970000000098
19680312-081424FIN196811968010119680312     265068684.53      88459083.21        0.12        0.11        0.33     757673704.32  841917108922.76    3979913926.07    715163544    8047765050000000180
19680312-133820FIN196811968010119680312    2590887406.11     931012600.49        1.65        1.62        0.36     138218381.39  311332368740.98    8962298467.00    563700081    5734819270000000137
19680312-135509FIN196811968010119680312    4983049844.12    1379066941.60        1.73        1.68        0.28     869238772.74  237302015581.27    4707566495.08    797441960    8187135080000000015
19680313-012601SECAAAAAAAAAAAAAJZCOMMONACTVHZ nuPplqMRmptpmPlZIBJBVtucPA KiKBEXAgmriCHMoyLpxFdEjkHUMKGPMOaqOAyTc NASDAQ844338024    1890081819650424        1.310000000117
19680313-132838CMPmrTMrIHjEBXSOHhlBvKueJPEBTDtcteUgKLO                        0000000234ACTVCUAAA 189209204302 Hancock Lower                                                                                                                                              45415       Hayward                  IA                  United States of AmericaBidle                                         LgNYqvPoHQT zXmUlYFMOeOzUKUMGhfKlBpG EvrWPDXLVPSNUiVhfEQaHhhJRDNAFhaKPLwbSJsdVATcdrAxSdPcQzCrmMKiL                                                    
19680313-152351CMPislDxjbYuuioiSBDvEVFXWIdWskRdMJVCqTdMGZHIJYalOLQxlmcyrXl    0000000235ACTVSMA+  1876062815120 San Felipe Avenue                                                                                                                                         T5B 1Z2     Greensboro               New Brunswick       United States of AmericaAird                                          biygXCLQHGqXGICLMiNokNfl                                                                                                                              
19680314-012100SECAAAAAAAAAAAAAKHCOMMONACTVuTqHRFOOILJFJf                                                        AMEX  222416924    1966071618510615        2.930000000096
19680314-023726CMPOlslxTufUjgVqUKlDwLYJDtrIxgvIYycycdzidIpeTImioCYDZ          0000000236ACTVFFB-  1943111922326 Colonial Lower                                                                                                                                            33325       Bridgeport               NE                  Canada                  Yaple                                         mdheJmSCOzqKDpnglFxjJjyVLLubSTSlNcpEMOcCqLExgVDSgKmgUoKkIAszTOFMLyhArBJYqwTViWgNqDLBTYQCeIgGyp HXmMAHIBMqCwo typNUGCTEZLZgMc                          
19680314-155001SECAAAAAAAAAAAAAJCCOMMONACTVmqjCyvrboQgAAvKEr                                                     AMEX  55810496     1850081618580729        1.95sOinkIiTdaWTBlAuXFDL                                        
19680314-201315CMPZnWXUzEmSCVWxSZJBtUsRPVkSCEZqoVGidaviEeqMObtPQKv            0000000237ACTVFLCCC+1863051124943 Jack Road                                                                                                                                                 V6M 1W3     Lansing                  SC                  United States of AmericaLueders                                       SokziQvRoHHzyJunVTFRhtvTpGjM CinJOcDDPAVdigwAHKxEzofCHGQiRXmAqPCKmsPAaNOnsDPEemsVsR                                                                   
19680314-212326CMPHRPhstxkLDWAVdzSPsLXGJLcoFvDLVfcNWnxUMaagCQE                0000000238ACTVATAAA 1948071515002 Danvers Court                                                                                                                                             H7H 1S9     Lowell                   NJ                  United States of AmericaCorbisiero                                    NTaeKI xSJFSWLTW aQGCvlokDUfpfMeGnzYRyW                                                                                                               
19680315-094707SECAAAAAAAAAAAAAJKCOMMONACTVGr ikSUcWRRGXhRpbA                                                    NASDAQ493770181    1901121918610328        2.410000000178
19680315-145453SECAAAAAAAAAAAAAJSCOMMONACTVN DVJJoBvAEUBEPYhwEFUFXNL WSAHNsJxVpINNpMmHEfiIAldMhCxCNVFQjSuABgKN   AMEX  314505635    1871121319290910        2.18ieIyBwMxVgOHXKQlnyDjuAKXXV                                  
19680316-001001CMPOsurtSiBlHPXzsMOcSTdKVCHPQCDhZQCOOuArEAthFHWlKgERESelqQLC   0000000239ACTVSTCCC 1957081615565 Washington Crescent                                                                                                                                       37935       Evansville               PA                  United States of AmericaImperato                                      FfKOJMtWpahWtJPTFAplMgzx                                                                                                                              
19680316-105145SECAAAAAAAAAAAAAKAPREF_CACTVDlHAThxCEPxLUfGZCNJbzwLGIUSbSVutxHeAQ                                 AMEX  904813839    1938091919070925        1.96bvAjGxHLNzaMyUfsFYwIeWinCSUVBJVoPHqXvwORT                   
19680316-120229SECAAAAAAAAAAAAAKICOMMONACTVDnWBu QVNbnTrkHxZUkUUzgVO xi AzLvWbVXPtVHTemveuTb                     NYSE  175075946    1910110218621002        2.63pwYDWdejKmsIdjXONAJBDcYuwSUgSGSdnjgguxYVlHvEBzvkzoOzQ       
19680316-185015CMPaoTgMQQOVPapOXWxUW                                          0000000044ACTVHFCCC+1925102922422 Buckeye East                                                                                                                                              95291       Dallas                   RI                  Canada                  Plantier                                      HLqiEBsLWwEQiqKeCKtwgHCyEHNFFSQwDChCEUeJREeNDsSFAQFI lOCJYLnMyO pVvLU drKVDflCFqmwpUMRcCDtOrT                                                         
19680316-211955SECAAAAAAAAAAAAAJDCOMMONACTVNACekfBNROvZRUVTk kSwXzHJwDiNLAGnarOFOeLTBynSTMiiZVHuimLsXavLKlMeFld  AMEX  284190373    1908080818770717        0.55RyGXaaPEwcBQqSesTFzmnVhW                                    
19680317-114929SECAAAAAAAAAAAAAJLPREF_CACTVTOSJMFXUhtWMTuMHcQPv UNFoKWDtwGUbBkibikGRIwkfYAATSyyEhVKrazKT         PCX   53951561     1926022418541010        0.53FMIbTVLSSRMQCUKGxFaGyEAlUugrGxVwsPySJkUxGeISWqJDdocXoSJjKD  
19680317-162708SECAAAAAAAAAAAAAJTPREF_AACTVpySKsUQvOAZFhLESsaKAOncUZ                                             AMEX  693054343    1910110918500807        1.92xyrTpxryTSQNQSeNzhwRP                                       
19680317-232616SECAAAAAAAAAAAAAKBPREF_AACTVwQIwZQyTQFKUTFfLikGCTMlINICtRaVPl                                     PCX   544620413    1962071018571201        0.380000000086
19680318-095036SECAAAAAAAAAAAAAKJCOMMONACTVHUxYhbXvA FkuaUQGFhViMuVbQ                                            NASDAQ374412418    1899011519400920        0.330000000179
19680318-122109CMPELRDIvILDRFhUOPlOdBNRoJISmXZkKmyFIXaoT                      0000000053INACFOB-  1910111210484 Waverly Road                                                                                                                                              48913       Flint                    AL                  Canada                  Ragle                                         ZAwlFXsSzGdCEGLqPFslXzVrBlxRwwAVJGkFcXEBTBFxMAeVdKBX                                                                                                  
19680318-163129CMPOHEmalBUVhTTeaTVKPRTjiMkfUHxdcHdcwwIZnOwJikM                0000000218ACTVNGB-  1960070221572 Rockhill Rue                                                                                                                                              75231       Miami                    SC                  Canada                  Gisi                                          jqPdcUeTRvtZPGCODVGxIWBbobJxetisiSoDgKUUMjdOLEAbOg hKmKNxVPMxUqHKcOAINTZJmKencRctBjhQMMPxTXRrbXRlsvIUjXG                                              
19680318-215142SECAAAAAAAAAAAAAJECOMMONACTVLFaSNOJfQEmBeUDPcSIQRJ                                                NYSE  836498884    1881110618720825        2.19DIOKfSfWssQzOdgyxCetm                                       
19680319-012343SECAAAAAAAAAAAAAJMCOMMONACTVnqVsXOndI JPcEEkwiYXyzZAmcrOYWAPGwRcVdzF                              PCX   280650754    1949111718631112        1.62NSYnuORxQIWEOLTFSNDHCLlDKVJAUrTORPSPQpUczVTSRsozuKFRUHPDR   
19680319-154051CMPTHVJKcSJVNsCshDziTFfMUfvDnfDXOVOgpxvKDj                     0000000219ACTVAMBBB 1913102911115 Midland Avenue                                                                                                                                            99770       Macon                    MD                  United States of AmericaVerdejo                                       HAyElMOQBjah                                                                                                                                          
19680319-185840CMPsasJsAiQXBqARxyjKdDOVsBHZKXCJfpqRNOO                        0000000220ACTVHMBdS 185505156317 Park Hill Way                                                                                                                                              Y1B 1F8     Winnipeg                 WV                  United States of AmericaSparks                                        QNRbrwHotxRNgIQCvdmLXUnToyIEUOkVHJLxfHHUXbpEyOXUzfOUSIHCeKBFwxxjRLmBrzSSlGSHKNbEGbAXUVV zvvvlBbPIyfagdC                                               
19680320-030419SECAAAAAAAAAAAAAJUCOMMONACTVGOYhOUEBibDVTcNybcgyoKisNGFsENR WfTSHsFZyezLAAOTKOeGsRKPWVxXWJscQQWrAjNASDAQ408777862    1872120818701024        0.90ieIyBwMxVgOHXKQlnyDjuAKXXV                                  
19680320-110511CMPrRUOtDMrYJJyXVuWMQpcxWklhjonfrKAyqNIkAVJ                    0000000221ACTVTIBBB+1948102420025 Routh Crescent                                                                                                                                            E7O 1G6     Costa Mesa               Saskatchewan        United States of AmericaMalagon                                       kacfGRSSkxvzcZPSUMySJKoTANiJghzpOwjGQdSBoGtYXKY hEWPOPJWqsRUhfSEsO YnHwJMQGjjsRtaLieVEwfOPYCRduAHiPSEBcCzyKHVNHHWqmQ BMUQYveKniJaZYZyeuPLSstMe  MKWBS 
19680320-174259SECAAAAAAAAAAAAAKCCOMMONACTVtYNFLLuKVKiwCUnSrjJJCUFbasTeHVaZS NnKBGJbHHCXJkBpJRuaZNyKfWRYRKqslJJe NASDAQ178019126    1851062618500221        2.720000000119
19680321-042053SECAAAAAAAAAAAAAKKCOMMONACTV QwZoFarcelAHzHHfYbtQuNCReBRmUopFLqlRCoYjyWkoDQwFFUPeLbWH             PCX   642192178    1861100919320621        2.220000000109
19680321-043944SECAAAAAAAAAAAAAJFCOMMONACTVBcWHDdYGuLCNPLPAZpkIINNHddNuVdLmPtWBesyxABGvDZVig                     PCX   510206954    1911112218910221        2.960000000191
19680321-182843SECAAAAAAAAAAAAAJNPREF_BACTVKOyvElFhULJzJKAvtaTLHeURmOiJwg                                        PCX   540057782    1868061719000129        0.220000000137
19680322-083104SECAAAAAAAAAAAAAJVCOMMONACTVPoefyLhWNPhfVxMueu                                                    PCX   37442161     1958022718570516        0.95vdHVNrdOsIrMwKVkVqSWHZdImDBjZqUdrAJUzFOPrUum                
19680322-101151SECAAAAAAAAAAAAAKDCOMMONACTVHobyqQALJoNBBQUtxiUNrzbuUcFwWlUvIOtvh apFFdhiTmXBMAVCZfpwi            NYSE  39818024     1931110918980610        1.760000000168
19680322-205826CMPXPYWwREHirMADmROBXocGdqVwGpRbYAxjALISGHgWvZCVIyLoOVQDVLf    0000000222ACTVARB+  1859112216757 Highland Way                                                                                                                                              V6W 1S5     Shreveport               IL                  United States of AmericaChadwick                                       xJsvkKISxUKLSDWiUtLXMrpomPUXEQOOoxDACLYSDEfxuKALXoDkCkuy                                                                                             
19680322-222148CMPUrwpdNLBvPyFfWsKNUZBkxBYIFMgONcTckRzWHRkX                   0000000223ACTVRTC   1919021117216 Montview Upper                                                                                                                                            V6C 1U3     Salem                    NE                  Canada                  Cecchi                                        ZOPHtksvKACTEGdEIapVrkHyLevmUAPXbgcUPgoYOyFtPYBKOFANJcQAxTfIQUEFcgImZIammlqsZBJEdnKqzqL OvOvo PFQuD xDtSHsfHA bAjQXUlFkPIIPTU BGxzFgZqjvYp            
19680323-002027SECAAAAAAAAAAAAAKLCOMMONACTVKNERZtjoTJqZpmDdlSwEgizeGPAAiSVEcqzOLFrMwqFTlwPjPMNCWRn               AMEX  189058269    1913111219110902        0.130000000202
19680323-094336CMPAfDkGRBIGgPbCvgzXEwBmooWPMDGXDMALYcTFCMBMksSbHCKZoGe        0000000224ACTVOWAA+ 196012192846 Rosemont East                                                              Suite 162                                                                       73109       Lincoln                  Ontario             United States of AmericaMantini                                       OcOQknsCphJ                                                                                                                                           
19680323-114101SECAAAAAAAAAAAAAJGCOMMONACTVfVTGsoALvrLACj                                                        AMEX  258750189    1898122018800530        1.070000000130
19680323-164007CMPPZRwCHSUPUWZCeALiQlrRSOSgPMyAMPEYmFkMkXiXeCQYbI             0000000225ACTVCPBBB-189708265052 California Lower                                                                                                                                           94309       Sherbrooke               Saskatchewan        United States of AmericaClauss                                        JwImlRQ YcfkLduIJixDOtpeWDKLzeaIFDVNofGCKxISwlBrapQFwwvRQrkAWOwGhUxhDfNWVsroxeIthWcjMNDnbbpZyyKt WN                                                   
19680323-174840CMPHoXPnLomKQvtWTYKNrIhTKpwlT                                  0000000226ACTVHMBB+ 195009172846 Rosemont East                                                                                                                                              91793       Charlotte                MA                  United States of AmericaCurboy                                         EPbcqmLKkuvLCSregVCNIRAVeADLMqBQObtyokLGSRBSJwoFqBOBeCVWKElGtRRCdZrqFxAMWhzlhVcWPPfREPSIOWqPCfnnOkspDuTaJvcOZbYClyBBKXGYRhcpRNoWvvFhKZqBNXGoufZDTUY  
19680323-233011SECAAAAAAAAAAAAAJOCOMMONACTVevyAvLZIbQpHbcTUKGqIMUdiLKNiRlTCBeiLCBPZbGBQRGDPhEtuD                 AMEX  506667787    1852060218641109        2.74AToJyVSeyYfppHUShGWU                                        
19680324-011444SECAAAAAAAAAAAAAJWPREF_BACTVIyRaASWiSQtNBTL                                                       NYSE  520856238    1922050618530720        0.270000000112
19680324-133910CMPvJmBBBZGBoQKoEDjOJZUbGrZmZsTgDV                             0000000227ACTVBNBBB 1892121223665 Deerwood Park                                                                                                                                             V5A 1M8     Lansing                  NY                  United States of AmericaAllum                                         IGhNvJciNtzPJtuqMIfRPYwDUjKUQxeNuobVPzuiFpCYsUMswLmPpwOpyqLVuK kYDBMUPrlHBvNXTrTV                                                                     
19680324-153341SECAAAAAAAAAAAAAKECOMMONACTVFILEONpQRaVjKVTERTsbJB                                                NYSE  709395745    1903102018610514        0.700000000046
19680325-043239SECAAAAAAAAAAAAADTPREF_AACTVKdyVPCqfLrQyXITcLSmFbeXyDbEoOSnmWIzvAJgILUQgyVDCGQHWLkbOCxWFDwHQbNYJgkNASDAQ70489799     1930040119351130        1.100000000201
19680325-053324SECAAAAAAAAAAAAAJHCOMMONACTVGUZXDIJYSTfBLwvMAHMgNhA oxszBe Og                                     NYSE  766773827    1879030718750307        2.56XDnNdfGcCiNIOwdZoWMTZgVYEOsHLSH                             
19680325-185239SECAAAAAAAAAAAAAJPCOMMONACTVCZv kRNylDnWlraTHUNRzKNDzCSTXJAtRSVXFxeDuSCPwDBg hCGEJtc              NYSE  692047333    1940062519020616        0.940000000115
19680326-073825SECAAAAAAAAAAAAAJXPREF_AACTVKZaSkjtrQNqeSbULu                                                     NYSE  476958127    1864090319090125        0.250000000183
19680326-084641CMPJaPjAzhmOUDSHusYYPVPgmIicldfYVzpLuIocjMUHLjvJkIwTxmUUMzMH   0000000228ACTVBSBB- 193904074640 Bedford Park                                                                                                                                               V6M 1U1     Memphis                  CT                  United States of AmericaHillegas                                      JmQeSFClygJGFQPFwkGZjBvJRhJYNTlLfKYxpCwnyUGmEQcFNSHpFquVinYYnMyLMpAGkgBtrlaKMABQMoJQgJnSSB                                                            
19680326-202448CMPJBVGSITqKIBgMsApVRYnGNZpUBBPdFAEAS                          0000000229ACTVEUCCC-1901120613505 Spring Road                                                                                                                                               37202       Chicago                  DE                  United States of AmericaGagney                                        GnHSxoPuPogmhCcNeDfHjtxuSSkEmm                                                                                                                        
19680327-092714SECAAAAAAAAAAAAAKFCOMMONACTVIhDLBuWxJAKVLXRnnldDGxxuSkb                                           PCX   733126411    1885031819030818        0.800000000046
19680327-233052SECAAAAAAAAAAAAAAZCOMMONINACiTuxyMPdSDEyYoKanUVEkDkFgtHOTamEGDXRTOyJDtaMD ZYZQoAELwgJDf           PCX   858332918    1924110519600114        2.36vdHVNrdOsIrMwKVkVqSWHZdImDBjZqUdrAJUzFOPrUum                
19680328-122430CMPmzNoQBeBzrOEMnrTNGzsEZAXnVmRqtERRLjwkZcXjeCqBOyaoBeBJv      0000000230ACTVADD   193012213570 Reynolds Upper                                                             Suite 293                                                                       93310       Casper                   NY                  United States of AmericaWisz                                          zSvCRGHLdSsVrDUKJDnMhYkRoHunOdhCxbTtOawJiFHNIugPy gPUAlPxStCCNKblxNXMTDCKFgDKCStBDmhDPiyKCnuUIlJOTqhVswMuXEGktZPPiMZJWtcESoMQFIkNcQaa                 
19680328-193425SECAAAAAAAAAAAAAJICOMMONACTVIKJI IAEkx                                                            PCX   48653071     1934101118500823        0.210000000046
19680329-100923SECAAAAAAAAAAAAAJQCOMMONACTVjmQLPqQOhLtyQezVBLuClbjocOhftvOVaDNNS                                 AMEX  603286995    1890071619200312        1.75jLIQIdLrlUATnOXEVHYBHtEqSmUbnKKY                            
19680329-172018SECAAAAAAAAAAAAAJYCOMMONACTVBUsCsIVEGB PGhLUiFqsgjhEhcxMUOVoThAdplSvIYJSyiianuBHsQFppXfsyOUv      AMEX  988810295    1909041919140428        0.29yjlhQKIALCdxqRI                                             
19680330-062145CMPnJABGFUdmyKdSeGVJTktkEBXAAWIUJrRFfuukiWaoLVSiaRtLosmRLpCQH  0000000231ACTVFRCCC-194601154608 Gessner Upper                                                                                                                                              H6B 1Y1     Columbus                 WV                                          Wolvin                                        wfIBxtdTlLGOmTGgRZSAATGaOELZqxnVHAaqKEkCJ cTUWIy KTfD inGxrrTMhKhYnSaNLoYIOcFQwP                                                                      
19680330-111306SECAAAAAAAAAAAAAKGPREF_BACTVerFEuripleNEDzdrxFJCqvMNWaAdQLFOfdBQeNXbspgZoge                       PCX   428123024    1910022718901224        1.090000000139
19680330-232204SECAAAAAAAAAAAAAJBCOMMONACTVlBNExvXCrKbDMnoSCoKRJELDFKyrM                                         PCX   519491312    1949081118750618        1.75yjlhQKIALCdxqRI                                             
19680331-100459CMPYaffwBWevTnZPOCl                                            0000000232ACTVFWJO  1947012117042 Lancaster East                                                                                                                                            99717       Fort Lauderdale          British Columbia    Canada                  Hochmuth                                      AygCCNPdAEAmCJNdcsZdkBBjrBbzSIGVKPmSHJTGWoAGamNKvRJSMTPxSCDJgvAlevPAobwGdtTbZCRvuRFsjULuSZANgTQQTQQleiIEvEAeSVjevKzCSSJFLoRHUUW                       
19680331-141119SECAAAAAAAAAAAAAJJCOMMONACTVIVOXIwVFFgSOogX                                                       NYSE  198739356    1870121719180101        1.880000000003
19680331-150154SECAAAAAAAAAAAAAJRPREF_AACTVxzGqAlcVp SvjYEt                                                      PCX   153946868    1887073019430112        0.83wcKiEmLIRDQYIYGfpItBTEuSFq                                  
19680331-235958CMPMjlYhFqEvRINvXTOQ                                           0000000233ACTVOOA-  193307214055 Camelot Avenue                                                                                                                                             32243       Oceanside                TN                  United States of AmericaRhyne                                         ViCyMUFGTUeQOJFAYIUAUknSllTJyvvGcLdwEWUbhXyeBwdeLBhHQbT                                                                                               
