19670701-174432FIN196731967070119670701    1015882446.93     494795498.13        0.59        0.57        0.49     672962528.47  850088298615.39    2166322491.26    839420692    870010521NrrqCXruCLCAVkwSEhvrBGgjRydDVQjOxy                          
19670702-122336FIN196731967070119670702    9306589030.73    2481254533.05        8.24        7.78        0.27     235649480.88  745850006952.61    1841265876.38    301191680    319107227WCJJAitQbHnCKfmKEVEELEBjYtHsVGTBpOMMCLXEadMPRGRTA           
19670703-030643FIN196731967070119670703    3889092186.25     998476688.32        2.02        1.85        0.26     524370866.18  774740490139.70    9421046275.72    495000592    5408686360000000031
19670703-082405FIN196731967070119670703     712602201.88     264198379.89        0.74        0.73        0.37     277251482.34  492195334562.47    8246428759.00    356719309    3618454520000000030
19670703-202707FIN196731967070119670703    5279107863.57     158021913.00        1.40        1.30        0.03     605559444.63  519093483090.93    5439190994.24    112735054    1217831810000000102
19670704-114006FIN196731967070119670704    6140772416.72    1079585916.71        3.57        3.14        0.18     401898832.20  461926386144.44    7896362582.21    302334469    3443550680000000101
19670704-173036FIN196731967070119670704     610120823.27       6683221.08        0.01        0.01        0.01     901628944.19  708452106663.15    6372224167.01    473751977    485539542wusPbEHCRIEzEwJUAqKHIUWBxfFvRBthBexyXHrFr                   
19670705-013024FIN196731967070119670705    8953241817.93     873003104.68        1.01        0.90        0.10      53177462.78  401831056616.47    5035740082.67    866396177    965296331XdCwDlGsXFstGqdCIcNOKJfTOQPnoEeELXbNmwOl                    
19670705-031221FIN196731967070119670705    7893784161.98    1523725848.38        1.88        1.58        0.19     527768159.91  382017389868.66    7519036002.28    808507220    9627920220000000019
19670705-052330FIN196731967070119670705     593652441.72     332250361.17        0.37        0.31        0.56     754727829.85  679704739712.58    7945072348.64    908749473   10794581760000000091
19670706-010316FIN196731967070119670706    3039320680.92     666205827.53        1.68        1.49        0.22     990985513.19   89341583295.69    4992527964.74    395510862    447050302ODMjETCWLrWNwXFAtDsadcmipXdXWIonWPrnavfkvWXCCIXNIInRCQUZ    
19670706-102627FIN196731967070119670706    4331318607.22    1298096436.96       12.96       12.53        0.30     871336889.77  248798086118.28    9906259958.56    100127542    1036149560000000172
19670706-160913FIN196731967070119670706    9868226978.89    6743327840.83        8.01        6.96        0.68     669946524.05  351233356110.25    9339425687.49    841973170    968825273zZCyFkqieiPsUGvBJwvhXNW                                     
19670707-060707FIN196731967070119670707    9280085655.90    6010567688.56        6.39        6.10        0.65     882291672.22  996916186690.22    5023896410.37    939917181    9852187770000000008
19670707-232535FIN196731967070119670707    9387661217.32    6508950204.42       19.82       18.14        0.69     312914278.30  863855123601.29    6600184573.08    328345167    358746826jaaLOswAWNHAAHrSJdoSSzDViOJjUjQtYhYJQkHMYPSJxGEVzPMFi       
19670708-062328FIN196731967070119670708    5058711590.43    2738808009.82        5.96        5.34        0.54     929514934.77  264457407716.51    8083732062.92    459676198    512973051ieIyBwMxVgOHXKQlnyDjuAKXXV                                  
19670708-182554FIN196731967070119670708    7983515882.54    5151188281.77       87.51       80.43        0.65     654245626.98  443372077034.38    8917979741.88     58861209     64041779AsIcOhpVbPzObQVeuCVsm                                       
19670709-022545FIN196731967070119670709    1331691872.55     566842616.65        1.18        1.08        0.43     669831992.47  893017454170.55    9400954667.99    479169292    522709049MVCKckBWCQkXbqXuPPxiqbioWtLPmVFWPDdIQsbx                    
19670709-072714FIN196731967070119670709     964325664.00     374714162.79        2.12        1.99        0.39     939481136.65  983930092266.89    7283139958.22    176749394    188078872aTBtUPONgCjynxZSXAXRuyBVRBoIDKCCktKROOHDLIaEPTLYdlVDojMosM  
19670709-204809FIN196731967070119670709    4261367454.47    2826597851.62        3.00        2.87        0.66     635872609.39  323353675748.96       7274488.88    942138856    9863933230000000069
19670709-210411FIN196731967070119670709    7341760604.88    4214335221.21        5.04        4.26        0.57     882354933.60  382016190015.97    5135702110.61    835849999    990015735hUAyAuPbTqDYKLMtyUtVl                                       
19670709-231032FIN196731967070119670709    8456886451.11    4594387194.96        7.75        6.73        0.54     611826759.62   38660387350.99    5839179436.40    592731351    6826818050000000170
19670709-233029FIN196731967070119670709    4403944001.30    1616641448.58        1.86        1.75        0.37     815140096.21  909153990227.74     665925938.19    868296239    9240230480000000139
19670710-092423FIN196731967070119670710    1561084171.83     684329354.68       27.98       26.56        0.44     575689501.80  206146302395.24    9257129508.48     24453525     25764885OnJrrBFjnUTCGXLHESAmVOWIRxjOtVtdOCQstAAYLQLkb               
19670710-122334FIN196731967070119670710    3425590192.74    2355999310.16        2.38        1.99        0.69     687193083.04  537223462258.88    4124547335.34    988295224   11820268440000000058
19670711-075605FIN196731967070119670711    1668046766.76     340908849.28       10.10        8.96        0.20     206557248.48  215412566349.61    8084039415.96     33756321     38063459jnhGOQaSGPLzBRc                                             
19670711-185005FIN196731967070119670711    9262345380.68    5819269693.32       23.86       22.99        0.63     638871059.80  294393132059.15    6970181973.07    243915943    2531004390000000169
19670712-062938FIN196731967070119670712     299141205.81      17099898.80        0.02        0.02        0.06     182803327.58  522806331762.88    2083800844.41    701668459    7280584340000000128
19670712-091321FIN196731967070119670712    7049670018.65    2758424480.70       16.87       16.21        0.39     273921281.11  924656048152.35    5053826054.08    163469271    1702165860000000127
19670712-213607FIN196731967070119670712    6217832604.19    3825108949.28       10.47        9.38        0.62     668894735.82  249218636081.81    5274672552.90    365365793    407709289qzuJbEnLbLOlOtyvsWNfYJGAxriKRxn                             
19670713-084140FIN196731967070119670713    6137694475.64    1180002896.93        1.31        1.18        0.19     488888937.83  727539705327.26    3021914429.81    902197808   10022269710000000046
19670713-144252FIN196731967070119670713    9295409263.18    2547270994.69        2.63        2.28        0.27     400788195.61  192112420434.58    1514822884.43    968772725   1117837632zwqoWSVQjNxEZABesPNTsTeFMDMjahzJEGOmdWsrJGHpLMoVTECfyWEiP   
19670714-083237FIN196731967070119670714      96469672.86      57511622.71        0.07        0.07        0.60     822448739.06  671708433202.14    9810321160.41    839101576    840379004qTWHBOgEuGnUTcpDWXPStEWt                                    
19670715-025707FIN196731967070119670715    5386708714.92    2501224169.31        2.66        2.46        0.46     750804609.73  562652516232.68     882672576.59    938670782   1016479186mJmRJtJARsVsPrXR                                            
19670715-122045FIN196731967070119670715     558899283.76      32219044.84        0.15        0.13        0.06      87139058.23  450221312230.11    6600727128.47    215272382    250146836TzOOKJSXlzetRDAZNOaBGRiAoYkrPjDLzvR                         
19670715-130936FIN196731967070119670715    6494848553.25    1585581766.87        3.13        3.03        0.24     720637889.20  686738384702.88    4175067194.24    507231193    524057632sOinkIiTdaWTBlAuXFDL                                        
19670715-185954FIN196731967070119670715    4319006809.58     370157958.96        0.38        0.33        0.09     467110599.16  641826570956.95    1235813769.66    986184497   1126886664sHYZlEDddXdCfWUtfXBBxQEqQOsEIdkZhplwCIG                     
19670716-104233FIN196731967070119670716    2220215732.50     313737781.77        1.39        1.23        0.14     191098020.87  964356286132.86    4771377267.62    225597532    256078063vdHVNrdOsIrMwKVkVqSWHZdImDBjZqUdrAJUzFOPrUum                
19670716-204018FIN196731967070119670716    3053241445.40     422372460.54        3.11        2.94        0.14     782199292.79  347081377298.91    4479079066.51    135900400    1437383180000000105
19670717-053826FIN196731967070119670717    7276914693.22    1020448324.17        1.65        1.43        0.14     804349722.61  304735481010.02    1164848224.43    616657855    7114847300000000025
19670717-065002FIN196731967070119670717    4452263658.44       1299127.21        0.00        0.00        0.00     169106667.18  646992769088.52    6884407044.06    704137254    832257809rqMbvwSCBGYCGMEPKQeELcTKYUzuwRMWTqYPIirIgRbOCStxEXLeiAEZJCb 
19670717-134203FIN196731967070119670717    5158127010.93    1129158981.26       14.52       12.48        0.22     267859359.86   58775317741.58    1909396355.90     77779074     904844540000000166
19670717-173612FIN196731967070119670717    4589728775.77     407694469.26        0.43        0.41        0.09      38025299.70  134564629735.56    5517754095.02    950089872   10055287520000000095
19670717-191215FIN196731967070119670717    7515980353.37    3042085110.59        5.57        5.53        0.40     134593650.00   75428487476.07    2251146815.47    546271035    550004251XtbozDFYEJJzHPPbBRzE                                        
19670718-011530FIN196731967070119670718    3994963069.98    1817992877.62        4.89        4.67        0.46      28945549.40  655657964068.25    3392586886.58    371585988    389404525UxwoFfdmLfKmuJCZStrMNOScJQzWthcXUUiyvsPHTsRlAJPOiKyvchxt    
19670718-052316FIN196731967070119670718     384713355.76     231856176.98        1.62        1.38        0.60     975072825.11  202256223566.09    1820548260.40    143076089    168017969vnbESGDLPDBDVwsKNSXPqRYLGXjuxVJrQDsEcEVAYIyXWMFThaGbMIZNd   
19670718-094828FIN196731967070119670718    3256813091.67    1723170250.13      140.88      135.31        0.53     311860575.01  439463024326.18    4643518339.95     12231099     127351210000000165
19670718-121318FIN196731967070119670718    7844583261.61     114640642.65        0.97        0.92        0.01     642792527.40  805864048395.68    8538887240.08    118797459    1248387080000000084
19670718-232226FIN196731967070119670718    6168974353.99    3136411629.01        5.24        4.48        0.51     844316243.46  375581491329.28    5894032863.45    598417182    700282736OzjqKuNwhkyhggnIcbOUTzPkHmlLHjqBIaSPMTDPDgJNJNaJSWg         
19670719-185221FIN196731967070119670719    4614341957.16    2235644178.59        3.79        3.32        0.48     363891158.46   82906075390.36     465980299.65    590625496    6734924480000000003
19670720-033532FIN196731967070119670720    5645794421.87    1977647739.44        5.64        4.77        0.35     508083436.89   81795427778.60    1686106181.66    350493836    415011711jRhDJJDxLPxUEMMpdhzdZNqRVTuzMCrlMcwMsdHNvIEBwDfErPG         
19670720-222239FIN196731967070119670720    8081782684.09    1820135813.82        1.83        1.75        0.23     195375232.38  648005367244.23    4034357712.97    997166714   10372220180000000164
19670721-045541FIN196731967070119670721    6132741894.76     507537826.73        0.58        0.53        0.08     959615021.32  832343266962.61    5826174307.40    872074474    9602672160000000073
19670721-125904FIN196731967070119670721    1099502275.61     463092636.48        5.77        5.02        0.42     694852038.13  224737691342.40     486231682.01     80306262     92299433YtvHEQBjudJlIIctWcFxmnzyLLXwZIjQbTYYSJjShQPPW               
19670722-051053FIN196731967070119670722    9506395818.54    5721169334.44       26.83       24.47        0.60     720605787.72  109527497648.89    2726463799.57    213248002    2338079900000000144
19670722-112349FIN196731967070119670722    8738706818.85    3143067527.09        4.17        4.16        0.36     846313055.14  916280346608.92    6964586048.46    753529391    7562048570000000143
19670722-194723FIN196731967070119670722    7499421991.74     348255328.98        0.52        0.45        0.05      32688528.49   37857879704.37       4110734.65    676126656    768240262KCJKxaPQOADwZRgyHQNktTTmwqOFwPjbiFVZIUZJwSKLGIDsVEuGvpOcUta 
19670722-203700FIN196731967070119670722    2688304693.79     534803801.94        0.59        0.50        0.20     694757685.48  749722021468.54    9375269830.59    907060074   1072978693kCGxWShTICEMykTPjwUmen                                      
19670723-114315FIN196731967070119670723    2807055444.61     421522100.40        0.45        0.43        0.15     716492888.79   35424665174.55    1220472010.78    932840404    985115051PTNTHCLWsriUMNBFhDQDGtmBPPNiLOSaNy                          
19670724-035238FIN196731967070119670724    2271824729.57     991725502.07        1.40        1.40        0.44      42453032.01  581636303944.36    2411582487.43    707192987    7104316100000000133
19670724-122056FIN196731967070119670724    4755348007.73     940966129.35        2.33        2.30        0.20     591231100.12  507350592744.15    1086984372.19    404610006    4090770780000000132
19670724-185832FIN196731967070119670724    1325014653.26     634498456.80        0.75        0.63        0.48     620309961.14  663720325888.51      43451662.43    841857480   1008617783RXTUYvNLQVMBtMTxfQTXRjwUDYJWKOLzqNnqilNbAQBtRGO             
19670724-210826FIN196731967070119670724    7004017434.90    2636622509.90        4.85        4.79        0.38     761805851.37  250750837829.05    9583496598.83    543859528    5501301990000000051
19670724-211147FIN196731967070119670724    7334133991.99    3350113103.75        5.89        5.27        0.46     573172581.81  465698868658.07    6628939209.85    568784580    636249853WKHSDaFEDSYXOynePKHWBGLeJ                                   
19670725-162404FIN196731967070119670725    4212602901.06    1573344047.14        2.21        1.95        0.37     655553557.68  278504378801.79    6207017539.16    711667045    8062971760000000122
19670725-184245FIN196731967070119670725    6683155696.79     828445101.05        1.19        1.03        0.12     495280933.35  857159500123.76    9529157868.41    694632043    803628973PGyStCWXuTMNSmMcKBrfVUQWskEFHeKXCHmNquHGGLzFUUDwJPEAiv      
19670726-001032FIN196731967070119670726     541799450.19     125362166.06        0.13        0.12        0.23     528789538.14    8938273448.25    1421839529.54    931158132   1066907586DcSqnNQSIiOKBEchN                                           
19670726-014141FIN196731967070119670726    5160779122.42    3513761328.35        6.38        5.87        0.68     998219043.51  933290215438.99    3545155550.47    550820546    5986741260000000040
19670726-043421FIN196731967070119670726    8191793543.20    3978702474.92        7.99        6.80        0.49       3005621.06  725090341287.10    3964365555.07    497744965    5854178680000000039
19670726-161842FIN196731967070119670726    4001375303.46    2018648533.56        2.38        2.12        0.50     364702922.88  921091435897.07     410377676.59    847818158    9544072570000000111
19670727-101652FIN196731967070119670727    1416398163.43     888357981.98        0.93        0.87        0.63     923596601.94  517894881304.26    6862679006.94    954554091   1022512585GCjVjJdHNLUhgQD                                             
19670727-225731FIN196731967070119670727    9989086809.32    4604876003.18        6.01        5.08        0.46      41929208.96  372668354092.80    9127835573.36    766542411    9057354870000000160
19670728-103342FIN196731967070119670728    9484118811.22    1035015546.68        3.03        3.03        0.11     828696358.15  807112886285.63    2832367624.01    341976797    3420467870000000029
19670728-173810FIN196731967070119670728    3872251419.08    1282322968.65        3.14        2.62        0.33     493701281.25  443424285642.03    5748832862.56    409019241    489247866IiHkvFAHjNrDbHaXULOVQWMsfQI                                 
19670729-053956FIN196731967070119670729    5733477999.87    3652300618.00        4.25        3.66        0.64     840188841.92  329436473753.42    1885060817.22    858419174    998415469GBwfXYROsIFGgJnevYXtIlKWqpWBaxUOBLQuBOjIgbnnJiATTAwMElnc    
19670729-182534FIN196731967070119670729    4430630180.48    1537491660.09        1.54        1.52        0.35      78025468.21  935103439245.79    6656502381.07    995418309   10099481940000000099
19670729-224036FIN196731967070119670729    2126151306.02    1108195444.30        1.25        1.21        0.52     991529819.23  414044509345.29    8533376817.24    890060884    917670645henKOtVPuTJpiOrPJXMGBROjQKD                                 
19670730-070944FIN196731967070119670730    1538152684.95     416799521.88        5.09        4.72        0.27     836500859.42  303827653165.94    6198269096.65     81888978     88227990iAJNmDakgxlQcGOiloFqkXDmRxJezUSKSBPCvqFfSbAlV               
19670730-200618FIN196731967070119670730    9035397169.45    2946141278.75        3.74        3.54        0.33     175937752.58  438398651356.17    9950123885.24    788571120    833081171JOlePeOMqNiWFtIikbYCtGoucRYkTNggTpiDSTEocDbaMdhzl           
19670731-041627FIN196731967070119670731    7625216850.73    3650277615.07       15.10       14.36        0.48     447131262.53  289654475836.10    3753263231.77    241728991    254208392QwnIbVnuGKkXinwkKNLkqFNNlyDxVORxOQbZXbKhdqPCFoPBEWbUnxOfI   
19670731-045804FIN196731967070119670731    4937919388.98    2188984663.49        3.39        3.24        0.44     185378856.62  419257493361.39    5100259598.31    645307510    676226659GCuinPDvwNejloIRTkgEypWMqgYu                                
19670731-090541FIN196731967070119670731    2460524455.51    1048486429.41        5.30        4.79        0.43     776024592.02  672842499822.27    1527039611.58    197854920    2189049010000000158
19670731-142357FIN196731967070119670731    3473503885.40    1076791747.48        1.41        1.25        0.31     494967369.06  122900971066.83    7113932694.50    763935396    8612146690000000007
19670801-045307FIN196731967070119670801    7611622169.80    1337454112.93        1.60        1.47        0.18     731325063.00   21936430480.01    9999956309.62    834295840    9102097800000000006
19670801-130757FIN196731967070119670801    4457888053.84    2858803466.11        3.57        2.99        0.64     771287949.47  902372408985.12    7512030800.00    801245466    957365291kHtGiuFfPHTrsLQCQMHgHEIaeKArhp                              
19670802-071606FIN196731967070119670802    1977429049.91    1132485866.05        1.22        1.22        0.57     870157870.87  876078827571.39    9748004489.41    925927758    9309529800000000077
19670802-115528FIN196731967070119670802    6303432090.96    1596396574.08        6.39        5.93        0.25     102561524.85  204214944809.82    2087648683.67    249761505    269071916bvAjGxHLNzaMyUfsFYwIeWinCSUVBJVoPHqXvwORT                   
19670803-045047FIN196731967070119670803    3128432687.44     328703066.20        0.60        0.59        0.11     209479821.95  870161018887.32    2976458730.23    552154742    5544241500000000148
19670803-104025FIN196731967070119670803    6515368087.15    2126249006.74        4.62        4.01        0.33     677714277.37  526461129458.61    3925116764.85    459886672    5300530870000000147
19670803-154318FIN196731967070119670803    2019401833.44     997687900.93        1.91        1.79        0.49     321730458.12  987314181291.70    9447833468.16    523719384    557166727YNouztDEEgVJnWzrV                                           
19670803-192446FIN196731967070119670803    4396176933.83    1226397042.85        2.62        2.47        0.28     674930764.73  311385309026.01    5292006277.47    468485723    4972656330000000066
19670804-102135FIN196731967070119670804    7869899119.28     736363535.95        0.78        0.66        0.09      19840563.42  208339435138.73    4719942117.19    948854069   1117058287FSohRMQoHLNVLoGOjVKZKTXbuaIglpWlXbvFqGRh                    
19670804-181104FIN196731967070119670804    9939299327.81    2308385884.71        2.78        2.35        0.23     190720567.97  897742833005.40    5134433224.21    830189891    9803169410000000137
19670804-194049FIN196731967070119670804    9046809594.08    2926434321.54        2.96        2.68        0.32     492737734.82  648676802801.04    9789237356.55    989658282   10938510210000000136
19670805-120312FIN196731967070119670805    4496210630.89    2045448587.99        2.34        2.09        0.45     554508085.30  564755518116.55    7705332284.11    875195345    980122682caOaabgKJQaXSZiUGJIHBtXLntUfKAkQvMDyj                       
19670806-045450FIN196731967070119670806    5365139437.30    1610244353.72       14.78       13.36        0.30      31522059.16  504072064846.59    1028558526.91    108948397    120486738CVRXvUkWOxdMcWRMhABiVpiKwSnFEzHzbbeQ                        
19670806-142308FIN196731967070119670806     964056039.48     633016604.06        0.78        0.76        0.66     552422252.68  334517558933.55    1528929477.52    810901874    8376282740000000155
19670807-073554FIN196731967070119670807    7940236791.46    1232094438.46        5.51        4.65        0.16     308876464.04  953136649778.23    7718141645.78    223508320    2649473910000000126
19670807-153245FIN196731967070119670807    1164452113.08     590468505.06        0.87        0.74        0.51     950389187.01  423566475290.63    7801533337.27    677351254    801127734pwYDWdejKmsIdjXONAJBDcYuwSUgSGSdnjgguxYVlHvEBzvkzoOzQ       
19670807-190819FIN196731967070119670807    6995125691.93    4726154138.48       16.60       14.95        0.68      98074492.46  256288703610.05    3297615318.83    284646992    3160308090000000045
19670808-074801FIN196731967070119670808    7992778815.65    2005841136.87        2.98        2.87        0.25     708975920.03    8686744151.51    7992931083.90    672542986    698820190aoTgMQQOVPapOXWxUW                                          
19670809-003350FIN196731967070119670809    6650767963.58     675051779.91        1.48        1.41        0.10     997388679.34  404222837400.76    5459646984.03    456718323    4789875920000000154
19670809-093951FIN196731967070119670809    1001316192.01     408011144.94        1.32        1.13        0.41     850401606.13  876012256576.14    5655182156.54    307944353    3607331910000000115
19670810-031316FIN196731967070119670810    1448112032.31     659136177.85        2.41        2.41        0.46     807816347.70  695985445273.59    5624500145.61    273066260    274014537caTSWZAZArGJdoyLThaWQbFTpAgqCWU                             
19670810-064317FIN196731967070119670810    9765704745.83    3487756591.56       27.96       24.44        0.36      57688885.06  802355547378.84    1637250103.30    124742382    1426940360000000034
19670810-205010FIN196731967070119670810    4706060329.76    2082421986.63      325.40      319.02        0.44       1530256.73  945045866672.36    7991539618.45      6399502      6527615qNBRLBcNHRMNCOGgoLutSmLjluU                                 
19670811-083138FIN196731967070119670811    2407579586.56    1111785224.95        4.24        3.58        0.46     204753739.05  494520933121.19    4117847060.83    262416025    310579776FTdnKnXaMJFAYPMbDwkeJWXaRWJUQxtKKejCzvGmFmE                 
19670812-041032FIN196731967070119670812    4090821183.09    2151040858.54        4.21        3.77        0.53     365864256.12  663913751735.48    5264334754.46    510520195    5702085890000000104
19670812-171220FIN196731967070119670812    8522695417.54    2624405961.41        4.82        4.80        0.31     606252430.84  114447151108.89    4431891656.53    544006790    546416433ocLGFxFIvpmKvcDUqwdLsRIzqVqOQSmQKDGKkgHNbNoSCBZlC           
19670812-222638FIN196731967070119670812     364283691.23      30702689.52        0.04        0.03        0.08     793146690.94  308434758453.45    6389405685.71    812879963    891529997zScyndwxOcLUXIwtrdKPFPDeQiYudN                              
19670813-021157FIN196731967070119670813     314918921.58      74337799.25        0.12        0.12        0.24     980567902.00  208672677738.94    5551681828.39    611439311    6185090340000000022
19670813-044245FIN196731967070119670813    4022825741.26    2310930973.07        3.68        3.47        0.57     423766225.07  670097538363.26    8351611832.96    628099686    665167150upvMBmYtrKVRduXOoBpWfPZLVOTTQBJKRvCCGAyjHEAkNNHWsPer        
19670813-120859FIN196731967070119670813    1933079913.87     111365066.24        0.13        0.12        0.06     437461856.94  637306230554.96    8575072741.31    825322709    9469387300000000093
19670814-064353FIN196731967070119670814    6256357220.95     312257010.98        0.78        0.72        0.05     364117281.92  512086495450.85    6486091310.54    401878685    4322033830000000092
19670815-011214FIN196731967070119670815    7711656718.92    2706304979.27        6.89        6.45        0.35     240010686.21  574694578262.34    7319491434.26    393037977    4198024360000000012
19670815-033202FIN196731967070119670815    2405069729.57    1635462800.82        1.67        1.49        0.68     716540728.18  761279407082.04    3756858698.32    979298358   10996634350000000011
19670815-091131FIN196731967070119670815    4913685897.17     701387897.10        1.34        1.30        0.14     185154277.11  877497214546.66    6378284821.85    524658751    537964650rjkmNkyRrYnpSUDcOqIviweufHAQzFKBSXsYPAcKkbMbBVsEUWMNMRKJZK  
19670815-220604FIN196731967070119670815    6276903143.53    3540833965.36        5.33        5.08        0.56     960909407.07  650239541668.51    6439835190.44    663715192    697228850xyrTpxryTSQNQSeNzhwRP                                       
19670816-084423FIN196731967070119670816    9918995441.17    5492076347.17       18.96       18.63        0.55     371632423.79  791504909116.23    3865800319.31    289618308    2947834540000000081
19670816-130559FIN196731967070119670816    7761063659.68    5221019593.84       51.79       46.79        0.67     877959715.81  612656734311.82    5411904040.56    100802787    111579499TGfFOOldnTHLjuAaQqJBgbibktVyiLStkrLCynHAZNCp                
19670816-215547FIN196731967070119670816    5784504754.55    2839960195.46        3.64        3.22        0.49     573287516.11  131923800213.24    4620227452.41    780561464    8814100110000000000
19670817-114703FIN196731967070119670817    8797292686.51    5014114893.59        5.24        4.49        0.57     410356838.83  840433745530.09    9562045548.17    957507599   1116568640wtUTIAshgTRlJiCRkCrsvGzSDTTpQWXTsIEaW                       
19670817-131312FIN196731967070119670817    9399566489.19    4790694082.94        7.09        6.02        0.51     822245336.88  800311683123.05    7977966005.04    675260281    7955880040000000071
19670818-003942FIN196731967070119670818     822760095.58      48357590.13        0.07        0.07        0.06     778009503.78  983048562795.10    8709540831.18    648948649    717216952KCkPotwrqSQFGNsyRmfAqMDPgLswKnMFgi                          
19670818-055142FIN196731967070119670818    3026312605.42    1389299247.47        2.59        2.34        0.46     565581452.68  286792734122.20     455607007.77    535678795    593814126PGqAyQmapxLimPeECtNpWH                                      
19670818-115213FIN196731967070119670818    3194171501.83     391290639.85        0.66        0.64        0.12     817092821.63  288521583644.40    6220438900.74    595651588    606708608ZkoMRNxyXxPFWBJUQZlfnUdXWOFWJ                               
19670818-200952FIN196731967070119670818    5337794643.44    2608235238.41        4.50        3.77        0.49      49683335.76  994159545249.13    9476697912.35    579993353    6925697840000000140
19670819-001519FIN196731967070119670819    2467044943.56     892371728.40        1.11        1.01        0.36     479963836.21  753185115570.93    9053507980.88    807431809    8844194980000000060
19670819-143059FIN196731967070119670819     814030840.16     354635027.18        0.58        0.50        0.44     834267646.63  212086678600.81    9791391165.87    612610897    707617535VXpGhfFbmgISLSMZVQlpBtNxkRhiLKvoTFIEKvFgIOL                 
19670819-192423FIN196731967070119670819    5070999922.36    1722468675.41        1.85        1.69        0.34       6563670.65    5014140871.11    8402494777.11    930597861   10220273240000000131
19670819-224035FIN196731967070119670819    1634105083.43     766480600.50        0.82        0.79        0.47     931011182.26  646883491099.50    5187072609.54    932589672    9693321170000000130
19670820-180024FIN196731967070119670820    9295462327.99    2902966994.18       16.16       14.66        0.31     238946084.58  374163436845.76    6435266099.30    179597286    198054420XCSbLIHwrFuenuhOSByKxXLBgIFHMySpTKhwCpBNFKAUeCzkBgyOOJfH    
19670820-230000FIN196731967070119670820    6227146554.79      91154349.30        0.16        0.14        0.01     289615115.89  926567141853.12    3298102005.16    556591087    6309806570000000049
19670821-085614FIN196731967070119670821    7285718519.46    3394378934.70       17.27       15.69        0.47     355160527.76  869457519924.24    2712168369.38    196566675    216342712yJZRFbHLdseBeTnJIpEmTJtfrrDaEFBWyS                          
19670822-010137FIN196731967070119670822    6039649132.95      12355019.26        0.03        0.03        0.00     435464117.25  229796511342.84    7587134363.58    382078958    4475274730000000120
19670822-050516FIN196731967070119670822    3195317014.21    1351671513.90        2.09        1.92        0.42     243904493.88  587076174078.36    2722083932.25    646136504    7036050190000000119
19670822-171323FIN196731967070119670822    3011026580.35     132475999.10        0.74        0.63        0.04     510629549.11  360577944030.50    7312347373.29    179714073    211419947MvFWFxETzIJhdDIyDWMLuczKqULEfmrbdOONwcNWwVTIQWWIHBCDXCXCSEX 
19670822-174340FIN196731967070119670822    7566991891.26    3916011985.98      462.50      393.59        0.52     886035959.34  547491215190.65    5378623721.11      8467082      99494800000000038
19670823-064825FIN196731967070119670823    1512992237.48     817206839.38        1.14        1.00        0.54     270817731.89  591058728867.01    4378195590.71    714829961    819483405PGDBgEZqRneMoLzzQWIWKPqUm                                   
19670823-214450FIN196731967070119670823    1467434880.87     950466842.71        2.17        2.16        0.65     777396049.65  631758719425.01    1151845932.62    437749284    4401535240000000109
19670823-224740FIN196731967070119670823    7477259466.97      14155832.69        0.03        0.03        0.00     321433396.59  320543254693.41    2179877442.95    459056072    5418277940000000108
19670824-101048FIN196731967070119670824    5904768607.88     457059053.74        0.48        0.48        0.08     960506339.83  883330119812.21    8791101084.98    950317029    9543282370000000107
19670824-125451FIN196731967070119670824    3708113589.66    1458911546.62        3.85        3.46        0.39     319987011.57  407875810412.92     375316048.75    379014222    421270745VNUMGRlTCSQKEfjLfhaUANwnlPAHDkoFxyHfydObCUUeDgBa            
19670825-044757FIN196731967070119670825    1902104129.94     847235067.00        3.93        3.89        0.45     747619939.97  238245745613.13    6448206994.85    215706696    2179202500000000026
19670825-214823FIN196731967070119670825    1038270588.96     128685234.89        0.20        0.18        0.12     969339270.05  443603139121.66    5437067249.10    656894162    722662683tbCCeSlfbPHlFTGaIsJfIRszAXkoLScDSGRpHLYgaoMhTWySUrRJATSYOL  
19670825-231256FIN196731967070119670825    2013056103.74    1375697914.57        1.94        1.70        0.68      61147781.47  925415101369.19    5724799873.80    710202286    8081506770000000097
19670826-181606FIN196731967070119670826    4583272521.23     147446783.46        0.15        0.12        0.03     746165241.67  267550452168.27    7013069886.57    997377753   1192860126WIFHmdYSMPHKWkoqPrQTYs                                      
19670827-135934FIN196731967070119670827    8693731038.66    4364255841.25        8.20        7.01        0.50     469718888.14  323694825980.22    3819519996.31    531967712    6227396160000000016
19670827-150158FIN196731967070119670827    9433590653.21    4580462939.09        6.93        6.76        0.49     973992865.97  965827480336.97    4554530559.57    660823602    6771106720000000015
19670828-043455FIN196731967070119670828     562019480.25     115904574.76        0.17        0.17        0.21     952154781.43  526098674819.23    2671181431.56    663787153    6847643950000000087
19670828-084440FIN196731967070119670828    3106601497.76    1062447835.91        6.85        6.58        0.34      78801793.50  833137760454.60    8405656650.95    155167305    1615510500000000086
19670829-020051FIN196731967070119670829    2922392087.16    1386835049.35        1.83        1.56        0.47     164681392.57  226934424945.66    5983426129.57    755937838    890576794bGFUwQXggAZypFjRCphMxBp                                     
19670829-084614FIN196731967070119670829    5641882497.54    1102278644.18        2.69        2.26        0.20      44606638.74  974909863254.71    1789662678.67    409392011    488564272KRtMROFTkhVPydRKxEDtVV                                      
19670829-230353FIN196731967070119670829    7092696012.73     315049985.98        0.73        0.73        0.04     344973167.75  164266844838.05    1698347700.06    428678921    431997059gIOONPxnQUwBdFNEMLBUXdUbFPDWDVOVnWIIMRpOMbaMGipmCAICpjncsHs 
19670830-184344FIN196731967070119670830    7328660273.43    4914208300.87       26.17       23.15        0.67     986349719.39  598645655543.53      56053101.40    187774948    2122552310000000076
19670831-040301FIN196731967070119670831    6145923440.38     357476855.43        0.41        0.41        0.06     926042196.38  649352634315.99    7715431796.66    863653857    8770885510000000075
19670831-232438FIN196731967070119670831    1905818542.60     195567601.80        0.83        0.82        0.10     843122756.10  261358238504.95    5993524314.83    235488780    238776411jlkBZXPcVEbEkvquHcRWHHHVGNQxJWnBWpCCCKENWGMjHFABR           
19670901-092150FIN196731967070119670901    5207796803.56      24293934.21        0.03        0.03        0.00     333930752.03  633501620053.20    3263319801.76    840627965    884940843jUcPVhEyIOUOiGIFCWXeodPfeZnFxPLWfseMUNWsZXXpfHPOtVSQAmN     
19670901-123815FIN196731967070119670901    6726994401.57    1297787307.34        1.37        1.24        0.19     709459902.33   50723040857.90    3321170076.49    947152900   10458076300000000145
19670901-144153FIN196731967070119670901    4813905557.35    3280431248.08        3.55        3.06        0.68     620727483.20  462147849795.39     439476448.38    923053951   1073717497NiBcGbDvQsFXSbRxOUPzUvEKLCXRVlDFrhOUHduBWHC                 
19670901-164450FIN196731967070119670901    8682496309.40    4508344007.20       75.78       66.41        0.52     650283817.02  171181256491.35    3394542345.64     59489716     67884853XDnNdfGcCiNIOwdZoWMTZgVYEOsHLSH                             
19670902-101006FIN196731967070119670902    5242354315.12     880652212.40        6.65        6.39        0.17     161530363.56  237345876167.83    1730292483.43    132435752    1378423650000000063
19670902-163003FIN196731967070119670902    3668376858.21    2278463855.07       22.41       22.29        0.62     671055954.64  726337826485.29    5336129636.36    101675758    102199366TVBaQTDJrwGqJVGCBssskBnDsDMLUWwziNkIsfdVbcTmSYVg            
19670902-183707FIN196731967070119670902    1537124508.74     450528934.31        0.49        0.42        0.29     705900336.90   69188325054.06    1387955861.81    922729883   10836198150000000134
19670902-220718FIN196731967070119670902    7895658144.89    2411076699.67        3.06        2.77        0.31     383047286.69  841454937882.10    5027839810.56    787939187    868976226bDehSFMUUzvBayHEfHPXduNBnPkf                                
19670903-005633FIN196731967070119670903     778391301.17     367359003.48        0.53        0.46        0.47     796805295.63  993970241988.87    9813763726.26    691102695    7907616830000000053
19670903-045924FIN196731967070119670903    3044799354.74    1348664808.76        1.36        1.14        0.44      70622197.30  724395602990.99    9661973006.27    995111955   11800621080000000052
19670903-174855FIN196731967070119670903    5886833207.36     992907217.91        1.17        1.10        0.17     416283891.52  128501212506.29    8259537297.12    846580533    903986431DtsNvBcUYhPGHuGmBaQQIRiXiKlYxUFPHFJtrQploRYBiQoXN           
19670904-034409FIN196731967070119670904    8082831370.54    3829873580.40        7.97        6.85        0.47     235120725.14  893615573885.82    1731315046.19    480633006    5594209790000000123
19670904-184045FIN196731967070119670904     154398277.89      81873333.69        0.18        0.17        0.53     437406661.03  820856897725.03    1069574062.58    452023961    4959488100000000043
19670905-130857FIN196731967070119670905    7309840611.95    2888333167.94       62.41       57.58        0.40     967139524.62  673892848916.65    8254427982.25     46281380     50160342nUSbwozHKnjEMwDGEwifsBDVkWMEUCXcZRAlqaRyXugMDSPCvILEtSe     
19670905-221602FIN196731967070119670905     690632196.27     277853052.16        0.28        0.26        0.40     721666852.02  607333216554.14    8579022256.04    999867745   10633685310000000041
19670906-151855FIN196731967070119670906    4942988739.23    2050333243.41        2.39        2.13        0.41     363045994.05  642477546564.65    8131332696.65    858846994    9605118760000000113
19670906-221106SECAAAAAAAAAAAAAGRCOMMONACTVuaNfPyWhTnoBKilcbgRMiPywnBTJYZbDASNAYXEpdwcacNsFHaONDwaJPFHSMuZPRINRl AMEX  275335173    1865010419420407        1.46LRYKYZXBcxmTSSowQAFUfTJRSoIvPgvimQgPedHDROTgzAImiQMWqxVFPKu 
19670906-222231CMPBBjnRjSGtZjneIEWFBAsWQhyXIByDhVQqgblgSWLNztfSnROkRGWk       0000000189ACTVAPCCC 189706017819 Green Park                                                                                                                                                 V6O 1T9     Sandy                    ND                  United States of AmericaWillenborg                                    rDTNKhACUuMfUOHqTPVTYuZdlRaKgIZDEAUVtnEDEBkKCuFsFqHQBKUjGWFHckUiVLRmukFY VkbZkxugCXGvBkiboCvTRWMJLQgnYzmqmMCLkuAQVjsOGoVSy                            
19670907-123202SECAAAAAAAAAAAAAGVCOMMONACTVdUDfahELjYsdmNgLMgaFWyD                                               AMEX  907910423    1919031419230712        1.520000000088
19670907-221354SECAAAAAAAAAAAAAGZCOMMONACTVrPXzUHcYvQfmFmDiQAjONkFnnXYlnUOinuwyBMsGKfRhpQKdAJPichbPEBXXL         PCX   170238623    1871012618640725        0.05IiHkvFAHjNrDbHaXULOVQWMsfQI                                 
19670908-054826SECAAAAAAAAAAAAAHDCOMMONACTVKtDzhVCDLlKGfZHCeUcqxbLxJaLwvreLmZICYgKlgTFwtXOOPVaHiJWoOlQUBRTuqH    PCX   394899456    1931100918600212        0.12yzVtIWYoRQKKPNbDwXqdBMdFXWIZfiTteG                          
19670908-093852SECAAAAAAAAAAAAAHHCOMMONACTVIJqZkvTRUVQTPeoUjTirvapVqbdyMFupWBzrtINcpcRk                          NASDAQ159082733    1864082519090302        0.34MvFWFxETzIJhdDIyDWMLuczKqULEfmrbdOONwcNWwVTIQWWIHBCDXCXCSEX 
19670909-051759SECAAAAAAAAAAAAAHLPREF_AACTVeDuNDDBObVQJcXSJiVMfkO                                                NASDAQ141200231    1955020618501023        2.320000000146
19670909-071025SECAAAAAAAAAAAAAHPCOMMONACTVckMqEsCLAYthIIGPFfHKLIRkXFKhCMnj NRNjBWBQtBjeyaK UTIXiRiiZ qAv        NASDAQ480465320    1899120319060310        2.420000000073
19670909-113311SECAAAAAAAAAAAAAGGCOMMONACTVVybRpuUUVxhRYENLJni                                                   PCX   560808748    1861022418500824        2.210000000066
19670909-123205CMPPGOaqMuwLDTTjPWrMDussNVHZXubnSmEGOCkVPtNDOsFeobEUHRiVIR     0000000176ACTVCAC   1944052320773 Highland Drive                                                                                                                                            T5B 1J2     Abilene                  AR                  United States of AmericaPannhoff                                      CacyZURCaJdMHFVCP DSjRnmuWcGEa FKUeI eUipHUjsXzsIZmsKLuHWUziIjnJAhLzGxjSCxpLFPpSRCyXVoWEFssZvDwGHRjJGvhweereaPBfJTRXeEqTKHitDkPmFDvLvHLUhmEiVCzbdA    
19670910-010255CMPCPbjomnFaRefNvPPeEHDjAzPjOyYJWrUltlm                        0000000187ACTVTNA   185605242298 Wishek South                                                                                                                                               80047       Lewiston                 NC                  United States of AmericaHaulk                                         VhMOLTxg ixME                                                                                                                                         
19670910-041254SECAAAAAAAAAAAAAGKCOMMONACTVOElngZcNHhfoCjGDvLXpEPHIBCYDKPLiFeDChhLDQ                             AMEX  689086733    1924092419220416        1.790000000099
19670910-153954CMPDCcXpyBmvKqumKDo                                            0000000174ACTVCLB   1898120210856 Summer Street                                                                                                                                             V6V 1T7     Rapid City               KY                  United States of AmericaPolitano                                      NMKWlfqTXssZmLubnqjvtvUGgQOHRlsCrsNpJWPuINguEAMcUAhMToSUCvObqS                                                                                        
19670910-161119CMPXKJikResIVsVDCWGBAYPKUYANPCKOPDtDFVzLoPeIIo                 0000000185ACTVCGngCl186203247787 Ledgestone Court                                                           Apt. 345                                                                        80207       Minneapolis              MD                  United States of AmericaVaneyck                                       drPYsCOEqqyfnHURspBuFQPhuSKxfAGKWFwAaBGohfIaiHxDWmVDRFbEkNiDTU                                                                                        
19670911-051600SECAAAAAAAAAAAAAGOCOMMONACTVTasxXfApcVfWIIEVBYGuwUpdxD                                            AMEX  997772526    1896100519660415        1.31dGTSaPOJMHvtCCHelvrPOQXnY                                   
19670911-214039SECAAAAAAAAAAAAAGSCOMMONACTVgPfWQiqrZPx                                                           AMEX  480494681    1954111119560919        2.68DcSqnNQSIiOKBEchN                                           
19670912-105014SECAAAAAAAAAAAAAGWPREF_BACTVLXadgCaQZCwQpOtveSHZvgGYZi                                            NASDAQ428678719    1902022819140218        1.100000000132
19670912-191951SECAAAAAAAAAAAAAHAPREF_AACTVBsjhgsTJKhXGqMgYBB eLIUZIRwDvRbpRBCfGpESg                             NYSE  145721229    1858100919080928        2.230000000009
19670913-104434CMPPnTWflZzXKMFUzFAa                                           0000000101ACTVFPBBB 193402052867 Buckline West                                                                                                                                              T6D 1J7     Sydney                   NJ                  Canada                  Coppock                                       DzBCxoIstKONkFDohcH                                                                                                                                   
19670913-180223CMPDEHfUUzIhtZXgmgjjNRGVamTsNOUYxFB                            0000000183ACTVMSAA  1945051524701 Pembrook Crescent                                                                                                                                         07513       Saskatoon                IA                  Canada                  Stacey                                        LXNeyWRr vQWDolDelIVVcqPWHbYZgbTXZLaOaVYX                                                                                                             
19670914-021654SECAAAAAAAAAAAAAHECOMMONACTVx HdixPHR QTrG                                                        AMEX  76296505     1966090718970404        2.83bDehSFMUUzvBayHEfHPXduNBnPkf                                
19670914-065055SECAAAAAAAAAAAAAHICOMMONACTVSWGoMWJuRGtCc ORXMCkXbPGxUDUgadZNONYeXLNrfXAqGOgQhOCIo                AMEX  399495775    1887100318800107        0.690000000060
19670914-170347CMPNSYnuORxQIWEOLTFSNDHCLlDKVJAUrTORPSPQpUczVTSRsozuKFRUHPDR   0000000194ACTVRRCCC-1964031218267 Cape Lane                                                                                                                                                 64128       Hilo                     DC                  Canada                  Boyd                                          JrXlJFGCTTGCdOwHcPdNcGjHCODQt ISdZBcvdFpHQlPt jtAGZwEyoHrjXaSRoKOyRRdZuEedCfiGNegLZVxLWQbTVYUtHeLFRBuPEoWjepCkSni AA MpfvDjRcSZ t                     
19670915-082138SECAAAAAAAAAAAAAHMCOMMONACTVCTOTVzPsHCK                                                           PCX   768211392    1909051718720312        0.610000000109
19670915-143859CMPNuOvzuSYOeQYHwiHbx                                          0000000181ACTVPGA+  1876091915260 Selma Court                                                                                                                                               55140       Beaumont                 AZ                  United States of AmericaTeahan                                        WmJSUvH ieFukmzTnFpoXUSKHuFkgSfDTlLXWxMGUHiXUUfMzbnBjuCzHIykVMwMlVmQMEhDADYc                                                                          
19670915-202329SECAAAAAAAAAAAAACACOMMONACTVIXgKigNzEznfGehvHq O CwaMaxaMTrUIsRFEEHtcU                            NASDAQ424790967    1965042118790629        1.130000000001
19670916-160545SECAAAAAAAAAAAAAGHPREF_DACTVvYirsVyAqVjDVhoFIADGrlZTzBFLOhlESe                                    NASDAQ617521937    1947041718660328        2.89ocLGFxFIvpmKvcDUqwdLsRIzqVqOQSmQKDGKkgHNbNoSCBZlC           
19670917-020016SECAAAAAAAAAAAAAGLCOMMONACTVeTyKMFPVoIEefRRQJs                                                    NYSE  884366077    1905051519550205        2.68PnTWflZzXKMFUzFAa                                           
19670917-105111SECAAAAAAAAAAAAAGPCOMMONACTVEIVILLscSDLEQGpgbncUrqSQWRHwNQHEYPBbLK                                NYSE  272426124    1914012818880105        0.200000000103
19670918-031911SECAAAAAAAAAAAAAGTPREF_AACTVyeCMTH   nfCZE                                                        AMEX  147354604    1858081719570805        1.440000000101
19670918-045731SECAAAAAAAAAAAAAGXPREF_BACTVRDTVMfHkMAsdHzBVMOoYVnAbJUJWENBKFIvSZOQdSZR                           NASDAQ128549070    1948051819320210        1.37XCSbLIHwrFuenuhOSByKxXLBgIFHMySpTKhwCpBNFKAUeCzkBgyOOJfH    
19670918-214750SECAAAAAAAAAAAAAHBCOMMONACTVuTgapPaHOpNvMKAuSyMLNAuGJEvLbEQRIeBYTKSMRQZvMCUrWNf eVhamSeJPHC       PCX   854238840    1915031618960216        1.680000000114
19670919-133418CMPZtxVEVwKEuxvbNFcMHAJGycKZxFQFCVjJvhSnNOvDXLCGPNCWnHDRjgsA   0000000192ACTVGSAA- 1893081618798 Ullrich Road                                                                                                                                              13218       San Jose                 Saskatchewan        United States of AmericaMacmahon                                      tHwzVLXEKaDWHwcFMLUmTXTVrLQeF                                                                                                                         
19670919-195608CMPoKOQXOtOpnWSXAiUJMcVtClxnLyRoKeAoBfZ                        0000000179ACTVACAA  1870121623345 King North                                                                Apt. 816                                                                        V6C 1R4     Charlotte                Ontario             United States of AmericaDotson                                        JxTAaBDKRHKsrMYQJOOhhHeYByEaTtLsCYuiQlBYjKkZzglGHoBBaIsFnCwVIyzSIyLMwBNJZfscWdJGKrtC vHTuvWDeeXRMwgPGAHPvrLCDuiET                                     
19670920-152350CMPBTcRMijTonYBrhazpHBBVPDwAoCnJHehvcnyCdyGDsoOYCPKTQBo        0000000190ACTVCMC   185703274498 Covecreek Boulevard                                                                                                                                        M4K 1M5     Montgomery               AR                  United States of AmericaPeirson                                       ogOgzBqPVBqTGRJXvmRmWadNGqxsUfbXOVGKFQMpMXnMHBVKPJEpAOOLhWTvCdBUKnHbKiBHiiDLkDBKtyuDRVxA                                                              
19670920-173804SECAAAAAAAAAAAAAHFCOMMONACTVpXOmkphnHkNNcREBEDlPryRfqKYCWKSDFBjMBVJqIHyJLDEHVCtBjPxCJyPmBswUvGjIT NASDAQ196494162    1915090719470223        1.200000000114
19670921-055735CMPlTKAvpYDQWTHOMqUWKQDSYoOKECz                                0000000177ACTVIVBBB+1861042816068 Cantey Way                                                                Apt. 676                                                                        V5B 1N1     Ann Arbor                NE                  Canada                  Ramoutar                                      rKWJaJBYRbRRMDYQozfFETIRIlFFISyJzgWcLZDwKvSyhiRumkuRvlCaMDIGilpCnEydqVIsdDlvCYTmk                                                                     
19670921-113845SECAAAAAAAAAAAAAHJCOMMONACTVBGorZcMhPzNRKyXZrR                                                    AMEX  274244828    1929102619490121        0.37aTBtUPONgCjynxZSXAXRuyBVRBoIDKCCktKROOHDLIaEPTLYdlVDojMosM  
19670921-122843SECAAAAAAAAAAAAAHNPREF_AACTVjcgoObuufoeoyLixmIUxtDMswiGj NmWMCKqWMJIbQ                            NASDAQ832007373    1958121119320712        0.990000000069
19670922-051443CMPeysebWKLNGxQYYIFsJdhFuWyXwLTDJxAKCaDTVAUBoodItsSQKDEE       0000000188ACTVFLBB  1952080719305 Crystal Hills Lower                                                                                                                                       55415       Dover                    TN                  United States of AmericaStines                                        lVlQNMRoMQlksGpsGvhIHctsOAPScRhRVhUWtgRBDlMvNvtFKVepjdTnqLhySLOOFlBteIGxuniGlygemLOAXNrprQPBYnDnhaaKcEZZqL                                            
19670922-141634SECAAAAAAAAAAAAAEIPREF_AINACNIOSYJhtSDjIggdVJyZlAL                                                NYSE  799904980    1932062519620512        2.150000000087
19670923-034901CMPjClHOCWMwRFQDLmeVIqIBlHCVYexjVDLzNBVHQOYUtI                 0000000175ACTVMFB+  1933072513635 Jarvis South                                                                                                                                              60762       Biloxi                   HI                  Canada                  Mitchell                                      JOYDfseGHyvRQUGiFHPZ QkVVOkhIVZIh NOaKkqJnLCLPBVSgtMaKxer                                                                                             
19670923-104020CMPhCIkVIvJidHWGGsWThefmBCBIpBflWhkDDnl                        0000000186ACTVAPA+  1905122124050 Essington East                                                                                                                                            30362       Mesquite                 VA                  United States of AmericaAlcalde                                       kdTgXrSjGdeYHOJPYplhZnDJZPnBy HITfEqqJJFvDBFqkImuckvHDmJdW                                                                                            
19670923-122155CMPoUEGILgWillOuVWfPhwgMzCTHSIHvObGfPCxxrBYeSUoLXO             0000000127INACTRA+  1872110921182 Keswick West                                                                                                                                              V6L 1S9     El Paso                  Prince Edward IslandUnited States of AmericaScordo                                        NPciwyGFjClhBTFCNEzANNelTGzfSvZMAgnHCXZMhjZmskUHrqcxZM fSL                                                                                            
19670923-203944SECAAAAAAAAAAAAAGIPREF_AACTVwIZEsyHoRpVEtKkDzNPtRVlLCixwayqQicQxYTrzooOKHmMFVhaCVaHwuCbUGm        NYSE  535221939    1965092019111231        0.100000000007
19670924-125650SECAAAAAAAAAAAAAGMPREF_AACTVooHpahSYGxGJcBh                                                       NYSE  448056934    1897072519371205        0.90KCJKxaPQOADwZRgyHQNktTTmwqOFwPjbiFVZIUZJwSKLGIDsVEuGvpOcUta 
19670924-205508CMPNFTuJAFIlmSrWNg                                             0000000184ACTVOWAAA 1901051815414 Alicia Drive                                                                                                                                              E7O 1O3     Pueblo                   WY                  United States of AmericaArrasmith                                     OtwcBGyviwKbkWMakWDeZGLVfbOSdTAApVtFT                                                                                                                 
19670925-134125SECAAAAAAAAAAAAAGQCOMMONACTVrrSOJbOzRiUovqR                                                       AMEX  358597839    1949102418651218        0.440000000075
19670925-191021CMPtbKPxkrjeLPHwZsOByirMVZLpYkXdBHFnKqclXfgQIcMJp              0000000195ACTVFOCCC-1868062419483 Franz Boulevard                                                                                                                                           72215       Worcester                WV                  United States of AmericaLehman                                        WnbEstRkDSlYjXIJhIYsiPCZQaHQyfBfsQHsdYdgyOPxkPmOzqjHDXrQBLl                                                                                           
19670926-114136CMPklFMXmnqXiqaAzvNIJDQvfEPCAGHPKxCDoQIvqNaNlO                 0000000182ACTVPABB-         22639 Addison Road                                                                                                                                              49515       Henderson                RI                  United States of AmericaMccuaig                                       XKCcFTSBzZDNXLjfauNucKXMaTWXSJJUZcUimueUNqNkeVasaxTXdYuRcRWURMOIEMAjsIV                                                                               
19670926-205012SECAAAAAAAAAAAAAGUCOMMONACTVBkNNHslmJfNFgpZjyxDAet                                                NYSE  996750139    1921053118730714        1.42TVBaQTDJrwGqJVGCBssskBnDsDMLUWwziNkIsfdVbcTmSYVg            
19670927-135146CMPdCYFztAzOgCJvPUJLAhPlVpBAicUXKKOTavOzsUvIUjqkUxyxNdUBqZBcdO 0000000193ACTVFLtMs 1884112720215 Nealy Avenue                                                                                                                                              97223       Oxnard                   NH                  United States of AmericaCoburn                                        LnqVQgHvpySUcbYPyfSUqzXCISiYsnsXRscRrPEclBXROwz ThDQWCnsGLzRUzIIQwBaIOG                                                                               
19670928-050304CMPvBBWjIJomMzRujOXjDKiCAEjqhoEFXNfPAzSEX                      0000000180ACTVIAC   1859112313250 Monroe Road                                                               Apt. 720                                                                        01604       Las Vegas                KS                  United States of AmericaBreske                                        NsmhWfbIgBMUEveiOHdWPVkHvSbXIxNIDyrgMROALKgxPaNHSNKPdHqYmTBxUNgIIAFJTOQn atZNVNJQKURjnPFpLQJBIyGHmSGjKPOiqwrLRUEVwqdrjVjecBvbWQlLNjYuPzGLKzuuGEmE mU  
19670928-153255SECAAAAAAAAAAAAAGYPREF_BACTV RqRGaZgyikmPTEqmTBWhPeRjvzIj                                         NASDAQ390438437    1959101418590409        0.930000000085
19670929-012704SECAAAAAAAAAAAAAHCCOMMONACTVjZLZobO GmfKJgVPOWHzjXXRXoEOWbTfRAKVGpqTNjVAfMPP                      NASDAQ511437101    1874032418780809        0.620000000068
19670929-014515CMPjxaIsXvoqNCAPUhTBPHOyhJcQP                                  0000000191ACTVAPBBB-195801256860 Emmonds Drive                                                                                                                                              H2E 1Y9     Omaha                    WI                  Canada                  Vanderlaan                                    UFGfOBpOedXApMP HFsOXuNhboIFSRRQyRCaGzZTAgQMPkJgmmOqRNEbusAaohRRiUHrbCInqtSfqHVW oYy                                                                  
19670929-045939CMPkJTVsPPMjDHFLxKm                                            0000000178ACTVEID           3632 Norwalk East                                                                                                                                               V6F 1V7     Lincoln                  MS                                          Guernsey                                      UPxTLJGrFSMNPSHzjoHGgxcj lGSLIIVexYUXmhTpTxSreGpqMdBZWK                                                                                               
19670929-083129SECAAAAAAAAAAAAAHGCOMMONACTVNPwaSfepftPXxlVCCiQtooSONEQAcMaBDModXWQJhJNQUTpBFNRTBI                AMEX  169497479    1853101118611117        2.890000000028
19670929-130651SECAAAAAAAAAAAAAHKCOMMONACTVEG K FufNITSIVLWMoOIzhwzKAOMPeHkCI SWiNpZsSwCOHsOZFgOA                NYSE  154493527    1876112318750503        1.600000000135
19670930-045729SECAAAAAAAAAAAAAHOCOMMONACTViNdOIURI XLJDHMOpBJdlJwTTxYvksxHGKULNxbRb                             PCX   213828863    1873082219590124        2.17EOMpasJigJVvYQGKVcDPddEniaOUaTojpCAmYQrUeZJEGo              
19670930-135553SECAAAAAAAAAAAAAGFPREF_CACTVUkefzoPumbvQJaqXgw                                                    AMEX  293050606    1883080619201227        0.490000000121
19670930-153318SECAAAAAAAAAAAAAGJCOMMONACTVvRiSZJAlZRAgSmzissJHGaKohGPvbSsXnSrKBNLUlgkHWKKZmIu                   PCX   837414389    1869090219200721        2.560000000136
19670930-235958SECAAAAAAAAAAAAAGNPREF_CACTVJMrlgLcLKTOSwHMYAqOkaWKUJbRTMQ                                        PCX   826926941    1899081619650202        2.350000000055
