19671001-045554FIN196741967100119671001    8517879925.98    3235493855.43        6.57        6.14        0.38     600698425.12  708248939282.69    6604277266.93    492236794    527035445zSzyZVwpMSypTaf                                             
19671001-143229FIN196741967100119671001    8146551443.51    1830893143.17        2.66        2.31        0.22     112553752.96  259427169869.65    2527434223.95    687785469    7920932460000000180
19671001-234231FIN196741967100119671001    4296194619.06    2452710168.60        5.27        5.06        0.57     199359506.53   81043896950.99    9428003510.25    465637362    484647404zPDnCPNaQXkiPtzDLtcrENJONEyAAogVQCkOMhbLThGHBTRtMPVLtKXz    
19671002-130735FIN196741967100119671002    3896269330.83    2428834155.31       18.33       16.25        0.62     454759290.47  909371485142.82    8139352067.55    132522670    1495106840000000165
19671003-055705FIN196741967100119671003    7784945429.73     387741190.97        1.08        1.02        0.05      27953735.96  507519601492.71    8648886878.92    359123486    3809885610000000142
19671003-104229FIN196741967100119671003      27117294.72      17240262.81        0.02        0.02        0.64     475261716.29  613646656462.78    6184832663.22    994113905   10449105230000000047
19671004-024334FIN196741967100119671004    2173116158.38     171195395.44        0.83        0.74        0.08     812519109.48  554342338525.99     201931296.45    207084696    2305886300000000026
19671004-035917FIN196741967100119671004    2748132819.99    1449765534.73        3.70        3.48        0.53     845917038.99  594206102174.01    6521002475.37    392031277    4170407980000000083
19671004-103837FIN196741967100119671004    7334865723.76    2226798133.00        2.85        2.74        0.30     438775848.58  513398169256.26    9201300130.27    780876864    8130329560000000140
19671004-205925FIN196741967100119671004    5152325537.56    3589477889.02      150.30      125.91        0.70     294022905.04  576058225781.61    9896349484.65     23882058     28507575zwqoWSVQjNxEZABesPNTsTeFMDMjahzJEGOmdWsrJGHpLMoVTECfyWEiP   
19671005-123019FIN196741967100119671005    8133634794.44    3191482275.82        5.84        4.93        0.39     606031402.76  138551523886.39     120925026.33    546459066    6477126870000000023
19671006-030924FIN196741967100119671006    1682040657.04     142458683.50        0.15        0.14        0.08     744917284.81  185293543133.32     643074603.66    961099806   1008368243jRhDJJDxLPxUEMMpdhzdZNqRVTuzMCrlMcwMsdHNvIEBwDfErPG         
19671006-184857FIN196741967100119671006    1292829347.53     691485526.65        0.69        0.65        0.53       7194706.06  445430097546.84      66162729.27    995967214   10604316930000000059
19671007-010514FIN196741967100119671007    5673116608.20    1849363098.71        3.35        3.20        0.33     732051627.39  759230797298.52    3086020287.53    551415225    578824454mJmRJtJARsVsPrXR                                            
19671007-165747FIN196741967100119671007     846397912.61     377962339.09        0.53        0.53        0.45     203179752.67  996288277697.33    2150227470.78    708832225    7172525450000000152
19671007-184505FIN196741967100119671007    2179323664.12    1239998662.44        4.17        3.80        0.57       4394000.39  562150593495.39    8488335799.33    297655099    326535152eysebWKLNGxQYYIFsJdhFuWyXwLTDJxAKCaDTVAUBoodItsSQKDEE       
19671008-081828FIN196741967100119671008     805590419.09     210112395.43        0.60        0.53        0.26     467164422.17  630340087688.10    6253394866.70    351775040    3989996290000000130
19671008-182207FIN196741967100119671008     323900144.89      39742169.21        0.31        0.30        0.12     323327646.49  714470240346.14    8294320170.22    128673563    133283230sOinkIiTdaWTBlAuXFDL                                        
19671009-000209FIN196741967100119671009    9008116165.15     883531849.70        2.37        2.05        0.10     218011692.72  353760547143.98    4843120583.12    372267565    431381533FVGmQdOORBhcLfIPiADRHiPNvGlOIkkKoLhHGhaUNUSHWVhKqDfXAFFT    
19671009-151747FIN196741967100119671009    4241040418.42     411350540.92        0.44        0.42        0.10     170054219.51  798056933693.09    2882780283.85    934191065    989274750aTBtUPONgCjynxZSXAXRuyBVRBoIDKCCktKROOHDLIaEPTLYdlVDojMosM  
19671009-181542FIN196741967100119671009    7845450058.83    4951830282.44        4.95        4.63        0.63     358608532.32  374817599220.28    1597906057.88    999967314   10685009480000000177
19671010-030205FIN196741967100119671010    5091477984.82    1846489086.40        3.18        2.68        0.36     700518628.09  500167153524.47    4976853171.89    580491360    688113924vdHVNrdOsIrMwKVkVqSWHZdImDBjZqUdrAJUzFOPrUum                
19671010-033438FIN196741967100119671010    9159895485.59    5667677758.50        7.85        7.10        0.62     981510658.51  542926011263.73    3298773451.09    721732893    797820352gDqcCBxupXLOeBnjyoDuJKKpXXazMTBejzLaoxVkzpfVHbeQYNnEL       
19671010-181955FIN196741967100119671010    9237133427.41    1923394428.27       17.73       15.29        0.21      89420437.48  524938617775.89    2353391195.12    108507830    125828454hUAyAuPbTqDYKLMtyUtVl                                       
19671011-060107FIN196741967100119671011    3709501854.82    1298837631.15       23.46       21.20        0.35     433022938.47  131552802666.20    8399845409.40     55368390     612678000000000125
19671011-124413FIN196741967100119671011    2726030052.25     362940563.84        0.85        0.84        0.13     339689862.41    3947213197.60    8224271507.31    425790073    4321547260000000025
19671011-171616FIN196741967100119671011    9018482627.41    4166113321.07        9.23        8.13        0.46     951382528.83  327075726566.74    9717341982.34    451598139    512348140xyrTpxryTSQNQSeNzhwRP                                       
19671012-065553FIN196741967100119671012    5157170603.64    1219248686.39        1.75        1.64        0.24     882320425.07  662445678036.41    6165661442.18    698496148    745346958IFMKAPsnyffkALrEorEUixamr                                   
19671012-224901FIN196741967100119671012      80209078.34      55146156.26        0.10        0.09        0.69     435329780.98  956074304985.70    7303939477.33    570138447    601693080aoTgMQQOVPapOXWxUW                                          
19671013-043714FIN196741967100119671013    1887704082.65    1196595275.96        2.78        2.42        0.63     128906872.98  164169923182.86    2166148129.10    430993094    494417256PnTWflZzXKMFUzFAa                                           
19671013-143416FIN196741967100119671013    9827251392.48     353234061.60        0.48        0.46        0.04     787557713.57   83354329680.26    4400218464.10    728807949    771258661TGfFOOldnTHLjuAaQqJBgbibktVyiLStkrLCynHAZNCp                
19671014-070332FIN196741967100119671014    6118368092.44    1174849072.79        2.72        2.63        0.19     543209811.54  935521948342.75    8884671523.20    432257201    4462062600000000058
19671014-095436FIN196741967100119671014     579245080.82     141261190.54        0.22        0.21        0.24     638917570.09  147477545383.50    1443928536.61    645310894    685704151pDToWKnnzZZqdQIocIAFPFOfRfwAkprXFizOUUlpONRGUKsXiJIgzGEugKl 
19671015-012929FIN196741967100119671015    3783039927.61    1153689506.23        3.37        3.29        0.30     240196730.99  826132383546.09    2364503565.15    342141010    3506227280000000020
19671015-124012FIN196741967100119671015    8559440540.44    1124485131.99       11.49       10.14        0.13     804190583.26  600979887138.79    4745149065.77     97831929    110877841XKJikResIVsVDCWGBAYPKUYANPCKOPDtDFVzLoPeIIo                 
19671015-143931FIN196741967100119671015    1479375145.29     388938481.94        0.63        0.62        0.26     192308970.81  733044613536.18    2501597545.95    619777031    624168316CdxTUdBhXtFuFIWUAJgQQbBCCyPDDJIUgsEXveWvNOjZPwOYqC          
19671015-192553FIN196741967100119671015    7572016894.29    2956358557.94        5.18        4.54        0.39     528239233.16  745673136174.39    6851971878.59    570629243    651476195yRPdOOYwDRIgGtBTaFzyuaZQ                                    
19671016-035437FIN196741967100119671016     412752015.12      48184206.70        0.05        0.05        0.12     300487446.70  403569903020.87     559125432.02    964535581    9745794290000000091
19671016-104912FIN196741967100119671016    7081789825.31    2443185996.96       71.69       67.38        0.34     643677567.72  641536661223.47    3221910076.65     34081878     362596610000000148
19671016-234410FIN196741967100119671016    8755241474.40    3440923124.75        3.88        3.68        0.39     917281127.94  167468403854.87    5436989268.64    886789683    936126740DCcXpyBmvKqumKDo                                            
19671017-094404FIN196741967100119671017    3249317966.96     798224836.28        1.00        0.96        0.25      29228592.42  393516092603.07    2600628610.94    797433041    8277289280000000153
19671018-023751FIN196741967100119671018    5970159625.98     342183784.90        0.42        0.40        0.06     928834021.41  377804994981.02    8510217346.01    813471688    8492486600000000172
19671018-072705FIN196741967100119671018    7912301195.98     868969015.96        1.17        1.12        0.11     221682282.77  655107258802.56    8815424841.82    745049427    773143324YNouztDEEgVJnWzrV                                           
19671018-201454FIN196741967100119671018    9175383385.36    1105922256.44        3.18        2.70        0.12     139542398.63  891929229425.29    2438403077.61    348109380    4092155810000000124
19671018-202411FIN196741967100119671018    8789488387.07    5211376752.69       34.51       32.65        0.59      32719945.93  916112327385.96     110286584.93    151000623    159632658ocLGFxFIvpmKvcDUqwdLsRIzqVqOQSmQKDGKkgHNbNoSCBZlC           
19671019-132924FIN196741967100119671019     372592227.34     206038788.61        2.38        2.20        0.55     393904817.71  729156979062.88    2276051508.45     86391589     935698430000000008
19671019-173629FIN196741967100119671019    8160645979.36     104378511.24        0.11        0.11        0.01     702270241.64  550989688503.97    4594951682.73    918033955    977369190FSohRMQoHLNVLoGOjVKZKTXbuaIglpWlXbvFqGRh                    
19671020-062040FIN196741967100119671020    4206674013.46    2862282127.75       15.26       13.74        0.68     847902371.03  372381423466.61    6191751591.06    187591160    208289213eyGBByYTpoRbgjJdHtPbQdJTXrTbcWTJkSHlPvDAkK                  
19671020-135850FIN196741967100119671020    1382507067.14     211536980.72        0.22        0.19        0.15     589116308.75  640146582717.33     519649540.92    944972297   1111716886dCYFztAzOgCJvPUJLAhPlVpBAicUXKKOTavOzsUvIUjqkUxyxNdUBqZBcdO 
19671020-213727FIN196741967100119671020     410669546.67     226330435.87        0.34        0.29        0.55     596200211.52  658206708262.77    1185404732.36    661025333    772139770ieIyBwMxVgOHXKQlnyDjuAKXXV                                  
19671021-083608FIN196741967100119671021    3479270160.32    1891284033.47        3.12        2.61        0.54     908140605.99  836401313724.13    5110884039.55    606301994    725648633BVKkCHLPDGgsHNcHspWSOlHUndemQfJeCoVmAJKGcMVMmkIWVRMtZUCGymG 
19671022-011720FIN196741967100119671022    9294001314.53    2515416045.40       73.71       72.82        0.27     857198343.15  525357279307.78    8368248967.87     34126311     34543362UXKSWgGTVwuzWNnUV                                           
19671022-054233FIN196741967100119671022    2855254665.92     122844093.92        0.30        0.26        0.04       8305710.02  602013979544.10    6665262287.42    404390361    471277748henKOtVPuTJpiOrPJXMGBROjQKD                                 
19671022-073602FIN196741967100119671022    1732502615.49    1209066918.42        1.93        1.83        0.70      87327129.06  987541284738.79    5653056002.95    627428035    659686359klFMXmnqXiqaAzvNIJDQvfEPCAGHPKxCDoQIvqNaNlO                 
19671022-125637FIN196741967100119671022    7755012827.67    2085007258.55        2.76        2.40        0.27     352069923.66  230022580168.18     179696217.97    756383464    8673907740000000055
19671023-045528FIN196741967100119671023    4304016648.95    2124333945.83       17.23       14.64        0.49     625327913.68  892141002983.44    2730632381.77    123318489    145130020NrrqCXruCLCAVkwSEhvrBGgjRydDVQjOxy                          
19671023-055151FIN196741967100119671023    6519316799.26    1999426739.55       58.80       57.51        0.31     249802402.80  145973182594.07    3840970421.98     34003151     347663240000000017
19671023-133153FIN196741967100119671023    6162108015.24    3212300096.87        5.24        5.21        0.52     291653369.72   31868784161.12    4781846502.17    613149921    6171014910000000074
19671023-235305FIN196741967100119671023    8123327524.21     131795778.71        0.15        0.14        0.02      32374462.02  178657303935.90    8444528618.20    868903897    9564378540000000126
19671024-131521FIN196741967100119671024    9966273060.07    4473021576.24       10.19        9.69        0.45     264986540.99  660709219162.82    4564686605.15    439080589    4617418660000000031
19671024-215032FIN196741967100119671024    7261586122.19     956822772.11        1.77        1.49        0.13     175529888.05  883772858060.95    4487430368.92    541583466    644292915GCuinPDvwNejloIRTkgEypWMqgYu                                
19671025-124920FIN196741967100119671025    5924079446.33     700459403.43        0.92        0.82        0.12     844209885.08   33059465168.04    4037471665.54    760123454    850054583RxKMPKUYDaeLqGeOBTUQL                                       
19671026-025623FIN196741967100119671026    5566897477.86    3011081665.24        7.07        6.28        0.54     703881898.76  446612150305.10    4017442370.05    425999783    4793590440000000050
19671026-193206FIN196741967100119671026    1196311958.12      54856203.53        0.11        0.10        0.05      95603590.12  484381090682.13    9090463275.10    500578903    5656790650000000102
19671026-225547FIN196741967100119671026    6242152980.20    2775408859.40        6.27        5.28        0.44     489152748.90  382206020658.52    7137022787.38    442351221    525608040JaBRAUCPDCLITNXXrADVCSIopfxogeRFkYFvBVlr                    
19671027-021209FIN196741967100119671027    6956359837.21     163173283.11        3.75        3.24        0.02     527120287.80  249101802395.22    9790322360.50     43472257     504262590000000064
19671027-040534FIN196741967100119671027     882195007.41     481925795.70        0.86        0.76        0.55     340247454.29  915028350681.78    2093515107.00    557864521    6378682640000000121
19671027-164320FIN196741967100119671027    7575176806.46    2998537324.97        5.75        5.71        0.40     300316530.22  677303438887.36     968630236.13    521430607    5250405870000000190
19671027-182819FIN196741967100119671027    3227216277.29    2148028457.27        6.11        5.40        0.67     946026933.14  430045379517.23    4947046960.07    351816055    3979724970000000078
19671027-214618FIN196741967100119671027    2286675532.17     701134588.58        0.84        0.77        0.31     261552226.64  327670658841.66    7045262885.84    834130243    9137109220000000135
19671028-031438FIN196741967100119671028    8943578178.32    5920610195.46       28.43       28.36        0.66     630146735.33  159648926080.78    4693545427.95    208240657    208767013SAFZEJLLiMLuOrGrCmR                                         
19671028-073527FIN196741967100119671028     125607975.49      86155678.70        0.10        0.09        0.69      97648956.97   30124281334.53    9989861345.01    869949836    9718418910000000097
19671028-085840FIN196741967100119671028    2312569885.66     978665923.93        5.67        5.66        0.42     672264752.16  677495199611.89    6971681317.85    172683093    1727782980000000179
19671028-123503FIN196741967100119671028    1361357576.33     489489375.38        1.80        1.64        0.36     631664590.74  370991257911.73    1988159768.92    272460482    2980537840000000054
19671028-235724FIN196741967100119671028    4560450587.56    1091396561.99        1.50        1.41        0.24     735998465.12  805608662389.69    5230833966.21    728018223    772950840oLLXsGlBulNylApqZLPIkB                                      
19671029-012901FIN196741967100119671029    6213634250.57    2578109855.90        7.55        6.68        0.41     197073136.36  821200914403.78    3635750822.19    341688439    386028675BlzKUNpcdbxQGHwUAaQlIXGgyZmHnyRREOKBwpXvXwwWEOWiNJVMXWALS   
19671029-131031FIN196741967100119671029    7287326061.61    1376043725.40        1.97        1.78        0.19     854968105.29  471145513563.93    7917990955.85    700272593    771081506BELJVClFSUDWQNFrxaHxDDEMSOMNqTeWbFtIh                       
19671029-182824FIN196741967100119671029    1234658504.71     794694750.60        2.98        2.84        0.64     263604935.94  304305732596.30    3619913059.61    266369961    279510553VRCqMDchijxAuePBgjywAGgqrVRBEFpiTlAyRVbIdJsaEVtlYWHXc       
19671029-195222FIN196741967100119671029    5484017653.05    1457286766.44        4.57        4.16        0.27     138705265.77  241613913853.47    8043214124.79    318679119    350621478xBnSlRisBhhApLkYYpgKBuKUoOHNYJNUmlLfQFKPFYrDdHMTQlCc        
19671030-011615FIN196741967100119671030    4224542104.08     868659507.11        3.43        3.27        0.21      59498673.49  625683751865.16    4630425218.55    252952683    2657057880000000087
19671030-120005FIN196741967100119671030    8483913781.58     315971838.25        0.69        0.59        0.04     115294411.60  609957742923.54    7729036163.13    455533980    5375110300000000144
19671030-173341FIN196741967100119671030      36208842.89       2345240.58        0.00        0.00        0.06     932507588.60  647857039630.56    4460601047.78    683080232    795128273BzijSDvPCIJvDDDXrPdu                                        
19671030-222648FIN196741967100119671030    3314845779.30    2195111552.11       40.90       36.78        0.66     556692878.78  807758541319.97     651266869.31     53670814     596779520000000028
19671030-233023FIN196741967100119671030    8962098074.42    6247669685.67        8.18        8.16        0.70     327107147.83  461192420170.15    7798970550.80    763953183    765669924bGFUwQXggAZypFjRCphMxBp                                     
19671031-093809FIN196741967100119671031    6444578939.64     762729379.79        2.08        1.90        0.12     192119487.13   10244608273.60    4024684554.04    367246788    4022014370000000163
19671031-212332FIN196741967100119671031    4107798199.34    2544506396.41        6.68        6.47        0.62     585447273.79  645246095136.59    6308754493.79    381169088    3932474220000000120
19671101-023719FIN196741967100119671101    9014082179.98    2620763420.49        4.23        3.58        0.29     828879436.67  610127175971.66    2078123374.15    619182230    732677778CPbjomnFaRefNvPPeEHDjAzPjOyYJWrUltlm                        
19671101-062856FIN196741967100119671101    5771854899.23       2863762.31        0.01        0.01        0.00     601382379.29  460321501308.64    3288688867.26    213411085    2301378370000000004
19671101-075125FIN196741967100119671101    2088278423.18     662861821.02        4.17        3.75        0.32     730298053.42  247741731050.26    9329113278.88    158785326    176685336PTNTHCLWsriUMNBFhDQDGtmBPPNiLOSaNy                          
19671102-003314FIN196741967100119671102    7658553361.97     727119158.13        2.63        2.52        0.09     203797957.56  638106503690.22    8070457482.32    276551602    288231643MvFWFxETzIJhdDIyDWMLuczKqULEfmrbdOONwcNWwVTIQWWIHBCDXCXCSEX 
19671102-021611FIN196741967100119671102    2429205749.72     946891616.63        1.11        0.97        0.39      16329574.01  837222901767.38    1940957529.01    854562936    9807347260000000166
19671102-050826FIN196741967100119671102    6321647183.50    4064675519.35       11.98       11.23        0.64     172421246.46  850799115922.47    4262814829.60    339191792    361972491PGOaqMuwLDTTjPWrMDussNVHZXubnSmEGOCkVPtNDOsFeobEUHRiVIR     
19671102-151008FIN196741967100119671102    6882317831.84    2077892445.11        4.51        3.82        0.30     109932753.43  288396922414.02     706897977.25    460303519    5444807390000000132
19671103-041921FIN196741967100119671103    3545048370.19     989816600.81        1.00        1.00        0.28     201633246.62  617602425817.04    5137405660.57    987828413    991535351PGDBgEZqRneMoLzzQWIWKPqUm                                   
19671103-202631FIN196741967100119671103    8921213527.73    3404000234.44       67.16       66.29        0.38     109099905.67  921639219708.28    3169842180.17     50686089     513528260000000094
19671103-230438FIN196741967100119671103    1089053081.80     676055906.06        2.04        2.03        0.62     235856651.27  612834426645.97    4192511628.02    331371644    3327747130000000151
19671104-053743FIN196741967100119671104      32375923.74      21774794.19        0.02        0.02        0.67     413800140.69  961167826649.24    1623399468.62    961433886   1081171655AChNrBRFTkjZjDXSGVlG                                        
19671104-114529FIN196741967100119671104    7513028692.77    2225012661.75        7.34        6.45        0.30     480337359.80  604655648016.16    8650615295.21    303155534    344837989jsZEGZnyIEvAQcFFRlbgQmiCuyGHaHDzDwGgmCfNAmNhk               
19671104-154650FIN196741967100119671104    4602114652.26     647376523.59        0.67        0.67        0.14     872199291.35  684236559928.90    9954139788.58    968948681    973450845vnbESGDLPDBDVwsKNSXPqRYLGXjuxVJrQDsEcEVAYIyXWMFThaGbMIZNd   
19671104-173623FIN196741967100119671104    1007782334.59     255489368.22        0.92        0.86        0.25      14225858.45  180435051030.28    4838916191.98    278782756    298428622KCkPotwrqSQFGNsyRmfAqMDPgLswKnMFgi                          
19671105-015025FIN196741967100119671105    1035798045.40     570980597.16        3.70        3.31        0.55     640345043.74  930405241206.85    4105792003.40    154313135    172452044tbKPxkrjeLPHwZsOByirMVZLpYkXdBHFnKqclXfgQIcMJp              
19671105-155815FIN196741967100119671105    4532623159.26    2567807551.47        7.05        6.93        0.57     559727899.96  517933607641.35    7887517337.21    364474863    370281943VNUMGRlTCSQKEfjLfhaUANwnlPAHDkoFxyHfydObCUUeDgBa            
19671106-070555FIN196741967100119671106    4687925892.76    2866614959.77        9.79        9.57        0.61     511367942.65  492410447895.64    4936275788.46    292757511    299407720ddSCazOpdJvGoBAzkC                                          
19671106-134909FIN196741967100119671106     116571422.32      46549842.69        0.16        0.14        0.40     808898561.12  295739008084.52    3883745539.49    286537671    325364450ZkoMRNxyXxPFWBJUQZlfnUdXWOFWJ                               
19671107-031949FIN196741967100119671107    2013622749.07     534127079.89        1.50        1.49        0.27     399373520.85   18204336051.76    3291586755.67    356583726    3573348000000000046
19671107-182444FIN196741967100119671107    8954470841.76     620380604.48        1.69        1.60        0.07     587632576.08  103884043291.49    6982370077.64    367096699    3867396790000000184
19671107-204856FIN196741967100119671107    4700050444.34    3235856997.92        8.01        6.86        0.69     204487063.85  227811636796.97    3697369345.91    403974469    471532236RICOfhFDpPHwKRHsmPHYTpTzGDeJMQruPEEdPICrMiweHGwOFQYNoQXZWIjN
19671107-221431FIN196741967100119671107    8444171632.30    3201171248.55        7.33        6.60        0.38     879839773.89  891152184125.89    6398807037.87    436986741    4850528070000000060
19671108-072848FIN196741967100119671108    4335668543.84     265566204.67        0.72        0.62        0.06     757194091.11  178522842989.21     274004302.47    371139717    429254190qTWHBOgEuGnUTcpDWXPStEWt                                    
19671108-141211FIN196741967100119671108    7668953530.72    2415235039.04        8.77        7.32        0.31     821151724.60  292677296793.76    6859034572.00    275404098    3298616240000000022
19671109-071617FIN196741967100119671109    4996700703.47    1800721386.29       24.37       20.52        0.36      84774765.60    9475001517.16    9839534633.31     73885917     87761352EFRGQVNkQlrMBfrFQgzyFSvIGoSmPcPULRqbXjpBElOnGvzHZPaBQRlsvgyc
19671109-185102FIN196741967100119671109    6815576286.90    3623297080.79        4.93        4.22        0.53     650970724.89  229307908525.79    8155636994.37    735482092    8591493950000000131
19671110-042954FIN196741967100119671110    2956347833.53    1741770959.56      201.15      173.60        0.59     423246336.55  644228225432.89     750991456.07      8659270     10033258TzOOKJSXlzetRDAZNOaBGRiAoYkrPjDLzvR                         
19671110-100928FIN196741967100119671110     593567704.19      64264080.28        0.20        0.18        0.11     103240636.25  328935466975.59    9151393067.74    326553962    359757997jLIQIdLrlUATnOXEVHYBHtEqSmUbnKKY                            
19671110-110319FIN196741967100119671110    7499416920.21    4898744676.98        7.27        6.53        0.65     487204678.62  481199153530.69     292090334.35    673553088    7502805240000000150
19671111-030024FIN196741967100119671111    2253511614.59    1292714729.99        1.67        1.66        0.57     229722275.89   73230052392.56    1579148845.38    773557226    7807916520000000129
19671111-150349FIN196741967100119671111    4453924750.57     587148390.70        0.73        0.64        0.13     406488050.06  108320743825.39    4147256515.15    801877642    9118022510000000167
19671112-003007FIN196741967100119671112    6416780119.70    1932799444.87        5.48        5.33        0.30     740784452.81  931767729346.08    3686525895.22    352562065    362617066EOMpasJigJVvYQGKVcDPddEniaOUaTojpCAmYQrUeZJEGo              
19671112-095925FIN196741967100119671112    3284475591.15    1571998113.29        7.63        6.80        0.48     747093620.73  462882395128.52     334561402.62    206088545    231298700GKXARCFbFebKiAlLUJXKJgRjmqXdAQcnJFJAKTzRouxMxMVkXQMjtVZu    
19671112-123632FIN196741967100119671112    3260217815.46    2231948859.82        2.74        2.37        0.68     481376751.98  601429676655.72     142537224.44    815466937    9431847800000000192
19671113-043759FIN196741967100119671113    2504190837.60     336531377.55        0.55        0.53        0.13     709116045.30  984602622118.08    1574816328.33    617216655    6395186870000000105
19671113-101242FIN196741967100119671113    7317970260.89    3498367997.09        8.11        7.53        0.48     241326557.34   80481107917.37    1302556090.65    431152402    464778809rjkmNkyRrYnpSUDcOqIviweufHAQzFKBSXsYPAcKkbMbBVsEUWMNMRKJZK  
19671114-003702FIN196741967100119671114    3373370725.24    1155049313.33        1.16        1.04        0.34     842213000.22  473948847638.57    7880220737.07    998951092   1109985007bWRTyqCBjRtUsuuQWDGpczVBR                                   
19671114-153954FIN196741967100119671114    2178136937.56     204525253.02        0.29        0.27        0.09      46848607.12  146114385123.36    6753423247.17    704097431    758862675MDjVavoVSMeRlCAiXqmFZzvARFaNTAslRoYCUeWRGOXU                
19671115-054704FIN196741967100119671115    7036103634.07     800234764.37        1.46        1.27        0.11     487455132.35  361114777951.53    7483889797.78    549735630    6298707310000000181
19671115-090524FIN196741967100119671115    7327748437.90    1361104001.37        1.48        1.26        0.19     532301810.11  260600926919.11    5346946679.81    921852612   10800928190000000081
19671115-114248FIN196741967100119671115    8976897619.53    3620025454.30        9.85        9.53        0.40     329367567.76   69854351669.14    6586080851.28    367599943    379864787OnJrrBFjnUTCGXLHESAmVOWIRxjOtVtdOCQstAAYLQLkb               
19671116-033814FIN196741967100119671116    6804937955.53    3930255411.35       41.19       40.59        0.58     190164382.89  450913835800.73    7592678360.60     95413162     968306190000000154
19671116-123154FIN196741967100119671116    3290671391.42     963999298.14     1566.23     1438.98        0.29     388033142.89  230293852822.74    6357258862.88       615490       6699180000000173
19671116-160118FIN196741967100119671116    9086344555.75    1025846907.52       13.98       13.24        0.11     255781822.85  437497449407.13    6258395336.30     73374083     77461056kkhSvCsfgbDUvsiZWtPQwjkYPwKrfTUFMGMCWCBXBcOcTkaLSudO        
19671116-191526FIN196741967100119671116      54151671.23      36529007.97        0.06        0.05        0.67     400437049.29   76877015028.40    5833275675.86    579811832    6768442360000000057
19671117-084532FIN196741967100119671117    4204768211.38    1195392521.76        4.07        3.71        0.28     480042784.91  349731667203.93    8935952585.26    293454527    322192793caTSWZAZArGJdoyLThaWQbFTpAgqCWU                             
19671118-002630FIN196741967100119671118    1128194551.01     201759667.01        1.05        0.98        0.18     761574828.93  382551056825.65    5210725300.20    192846692    206200643lSBXSwESnnboFFeSvHxFjlfxrwIZABfGMjiWUbhTmnRHnPFOTMlMAQnZJA  
19671118-035559FIN196741967100119671118    6346271302.64    3608239868.55       17.40       16.37        0.57     200896885.39  659247634731.65    3713923177.46    207385119    220468072bvAjGxHLNzaMyUfsFYwIeWinCSUVBJVoPHqXvwORT                   
19671118-160942FIN196741967100119671118    1354573844.21     100006340.05        0.29        0.25        0.07     464129043.15  305074523834.91    3834606813.53    347205381    396832234tMgSZEBCIXIddwcJTrzDKJaVwaVrpPGg                            
19671118-191156FIN196741967100119671118    9863737064.38    4963748738.37        5.35        4.73        0.50      38953322.63   14802015447.77    9317660635.53    928349414   10500263570000000033
19671118-201908FIN196741967100119671118    9013090308.94    5699904792.48        9.87        9.17        0.63     827597775.33  705897976395.92    4896254616.52    577738529    6218192330000000090
19671119-130624FIN196741967100119671119    7325561268.09     190781602.19        1.65        1.59        0.03     859683406.16   37609223416.69      10698346.31    115596021    120195116GcEHIyRTbWiNnUPa                                            
19671119-143800FIN196741967100119671119    7792463904.67    3386121187.49       25.36       25.02        0.43     717047113.45  592603036427.99    7512242703.92    133522513    1353251280000000189
19671119-171406FIN196741967100119671119    8311103427.61    5463090356.86        5.79        5.46        0.66     776237024.23  922584293610.97    9642963418.50    943574498   10006830200000000104
19671120-004805FIN196741967100119671120    6551667358.95    2553084939.56        2.99        2.97        0.39     295871635.95  479376058589.20    1168682335.34    852711628    8592206190000000009
19671120-030016FIN196741967100119671120    7037094603.79    1358993948.43       15.90       13.90        0.19     672082818.95  680625445327.08    3404428291.15     85492602     977977040000000066
19671120-165715FIN196741967100119671120    7984897613.13    2557873592.18       21.37       21.26        0.32     531047535.00  417700337420.47    8679358813.26    119671239    1203243480000000123
19671120-191041FIN196741967100119671120    7270413389.76    1876627646.36        2.83        2.43        0.26     991897441.55  932245605180.95    7810894176.27    662741809    7711281030000000178
19671120-203806FIN196741967100119671120    2164475718.27     460669223.67        3.40        2.88        0.21     238151281.06  195041627146.38    1703240677.72    135394340    160187723jaaLOswAWNHAAHrSJdoSSzDViOJjUjQtYhYJQkHMYPSJxGEVzPMFi       
19671121-010303FIN196741967100119671121    8368875902.54    1941868253.02        2.27        2.00        0.23     186708622.21  889791816410.89    4541567660.60    855028068    969821111SlPaNtGSguUSBkeCnLDlqiFOAPftmaQ                             
19671121-110745FIN196741967100119671121    5778659998.68    2261241415.66       37.64       35.39        0.39     816353274.77  397794823122.12    2757454004.41     60074411     63899032nUSbwozHKnjEMwDGEwifsBDVkWMEUCXcZRAlqaRyXugMDSPCvILEtSe     
19671121-173435FIN196741967100119671121    4219392511.62    1418573448.35        4.39        3.71        0.34     621402836.91  994413236635.42    8088898203.09    323105110    382465736NAYgyJWLYJBEBsHyewWRGxACUqRMXHbFXaWCEBYtC                   
19671121-205347FIN196741967100119671121    6833807939.69     404866184.56     1938.85     1765.98        0.06     785732896.46  752541062102.03    7248584767.01       208818       2292580000000171
19671122-090934FIN196741967100119671122    4325806027.84    2980201551.99        5.00        4.91        0.69       2487598.65  192992705415.89    9386808917.08    595460862    606864501caOaabgKJQaXSZiUGJIHBtXLntUfKAkQvMDyj                       
19671122-221804FIN196741967100119671122    4643690474.75    3195552262.12       10.42        8.90        0.69     980769386.54  592481460798.37    4777158831.59    306643510    3589447180000000113
19671123-020525FIN196741967100119671123    5321878072.39    1106725158.76       41.59       34.84        0.21     346186301.49  292360120364.20    5567791144.16     26611128     317660570000000018
19671123-105511FIN196741967100119671123     644905685.42     241076719.32        0.44        0.38        0.37     854252227.09  103975363125.35    5126002091.94    552668963    6287818570000000075
19671123-120035FIN196741967100119671123    9312523184.87     343001995.79        0.71        0.64        0.04     385561373.59  379575374836.61    7921602032.00    484188427    532367981PMgDpipjuKrTIpAxZtGGvOYns                                   
19671123-171745FIN196741967100119671123    8587074076.33    5129748721.56       11.41        9.93        0.60     720015957.51  739154821966.87     833324963.92    449556131    516498758WCJJAitQbHnCKfmKEVEELEBjYtHsVGTBpOMMCLXEadMPRGRTA           
19671124-000920FIN196741967100119671124    7436033164.02    2505658267.46        8.36        8.21        0.34     623855269.38  485134015315.39    1650323799.79    299616604    305028161QwnIbVnuGKkXinwkKNLkqFNNlyDxVORxOQbZXbKhdqPCFoPBEWbUnxOfI   
19671124-051628FIN196741967100119671124     579267617.39     172568683.22        0.68        0.62        0.30     748477189.17  849002643514.21    2983917564.18    254788763    278942008jUcPVhEyIOUOiGIFCWXeodPfeZnFxPLWfseMUNWsZXXpfHPOtVSQAmN     
19671124-063355FIN196741967100119671124    4971784201.40    2473597407.27        2.86        2.79        0.50      23520936.87  142837896370.11     159168531.25    865996066    8875723230000000186
19671124-140917FIN196741967100119671124    4634240854.98    2607337068.61       11.11       10.93        0.56     199063453.35  661979061573.00    8531911420.01    234701040    2386520750000000030
19671124-192533FIN196741967100119671124    6564807423.49      77354077.10        0.20        0.20        0.01      59924710.04  488857865473.10    3781009071.74    390446582    393723497mIdEvCjuNdAhXMiSUsSoLTMDFJuXWpAWUSUCLpXJvHQG                
19671125-035125FIN196741967100119671125    9483237469.80    4207030306.90       41.69       36.42        0.44     847568889.91  158473680195.68    5923154189.41    100923037    115514667NiBcGbDvQsFXSbRxOUPzUvEKLCXRVlDFrhOUHduBWHC                 
19671125-194819FIN196741967100119671125    7213963128.91    4097445227.33       10.22        9.80        0.57     208699147.07  943908823888.38    3028603020.06    400928379    4182491620000000122
19671126-063719FIN196741967100119671126    1634961114.15     712002196.72        1.80        1.54        0.44      43249160.08  396671384513.15    7209303545.48    395168633    462208209jClHOCWMwRFQDLmeVIqIBlHCVYexjVDLzNBVHQOYUtI                 
19671126-151932FIN196741967100119671126    6083614592.66     908552554.59        1.96        1.95        0.15     516723907.57  753404871074.12    4693661115.56    463079084    4648841380000000006
19671127-045942FIN196741967100119671127    9513805076.28    4209496425.05       11.18       10.42        0.44     842504808.24  976856908383.70    4516577153.59    376685642    403882291xUJWMEEmEMdIWSDGXW                                          
19671127-204641FIN196741967100119671127    5205860703.76    1184168647.83        2.04        1.74        0.23     228611413.11  902780696801.45    9967812897.47    581136031    6811277740000000161
19671128-082745FIN196741967100119671128    1243010727.62      52150717.80        0.27        0.26        0.04     363467042.94  292069306468.70    9255690140.25    193908298    2038834200000000098
19671128-225747FIN196741967100119671128    1181997395.59     642551209.85        1.97        1.94        0.54     346573170.05  788476216647.52    4826795190.96    325946369    3306287730000000077
19671129-073142FIN196741967100119671129    7979896000.75     951852195.37        5.54        4.94        0.12     946658704.38  459820319554.64    1098094953.29    171836485    1925645340000000134
19671129-211410FIN196741967100119671129    4898877240.69    1666021360.27        9.96        9.80        0.34     393048522.06  432281416679.41    8458662545.37    167219714    1700292350000000039
19671130-014323FIN196741967100119671130    7891061976.64    4856135484.68       10.58       10.17        0.62     821742365.81  948384166063.41    1356833360.93    459153174    4775318800000000096
19671130-130018FIN196741967100119671130    3653741570.32     385495915.45        0.74        0.74        0.11     882398054.18  681215115966.39    3716699595.33    517623818    517692514NSYnuORxQIWEOLTFSNDHCLlDKVJAUrTORPSPQpUczVTSRsozuKFRUHPDR   
19671130-202608FIN196741967100119671130    5051608659.98    3230030691.49       64.84       62.74        0.64     490363491.78  138925033705.62    4013190943.61     49813755     514824840000000053
19671201-111506FIN196741967100119671201    2726837609.40     974733870.02        1.08        0.95        0.36     136311164.98  959765212893.86    7194457214.01    902339366   1024358013GCjVjJdHNLUhgQD                                             
19671201-193509FIN196741967100119671201    8009172258.64     435820958.01        1.25        1.10        0.05      51112295.81  818999204897.10    9425506146.86    349222683    3973535580000000015
19671202-061317FIN196741967100119671202    5652317389.42    3416194065.96      387.14      370.25        0.60     873093150.92  789732418957.60    8072265674.25      8824101      92268060000000072
19671202-222215FIN196741967100119671202    5517586683.92    2118683843.65      105.68       97.46        0.38     339687345.53  797698906752.56    3981288558.78     20047381     21738391DEHfUUzIhtZXgmgjjNRGVamTsNOUYxFB                            
19671203-045410FIN196741967100119671203    5499498230.35    3721923839.73        4.25        3.63        0.68     567365746.74   41016720030.40     616786462.48    875977461   1024776048LRYKYZXBcxmTSSowQAFUfTJRSoIvPgvimQgPedHDROTgzAImiQMWqxVFPKu 
19671203-175604FIN196741967100119671203    7241366328.45    2923634472.81        5.35        4.46        0.40     417895289.55  476383083814.31    2650989734.71    546810448    655488581gZUwQaFFTCVVSnegbXTDEgWjCjDNFMHmaEQQDtfQdxtonNVUp           
19671203-212538FIN196741967100119671203    2167102833.98     647547618.85        1.21        1.16        0.30     524381727.06  860074102223.86    6968450216.32    533816385    5567422210000000143
19671204-071249FIN196741967100119671204    6202768416.58     163709078.04        0.34        0.30        0.03     394120224.69  562817403071.85    9900764693.98    481038382    5518210850000000048
19671204-221608FIN196741967100119671204    3096149639.18     372741136.43        0.40        0.37        0.12     145030342.64  740918684362.78    2727093187.87    940437554   1017400515GBwfXYROsIFGgJnevYXtIlKWqpWBaxUOBLQuBOjIgbnnJiATTAwMElnc    
19671205-145902FIN196741967100119671205    3599276607.92     861332515.22        5.38        5.05        0.24      19992203.93  592279348921.86    7859678398.39    160238210    1704115190000000005
19671205-235907FIN196741967100119671205    2624786759.91    1530645233.20        2.23        2.05        0.58     640710372.21  244170219390.85     230899943.14    685885603    747383413kCGxWShTICEMykTPjwUmen                                      
19671206-153959FIN196741967100119671206    5499954337.91    2576833578.59        6.52        5.93        0.47     944710362.59  409689833997.43    1200642236.45    395474283    434864414RAtXIperFfSBzTNkUHKANNBGDCfGgILLuOMHtQhR                    
19671207-035638FIN196741967100119671207    4071538237.48    1892948676.72        4.79        4.05        0.46         50035.40  131963399454.80    7510893099.86    395003274    4675530190000000024
19671207-044117FIN196741967100119671207    8508557261.79    3928642384.12        5.40        4.93        0.46     953892535.20  630825064418.14    6226364995.96    727827692    7970051900000000076
19671207-155628FIN196741967100119671207    9882387975.05    3401894191.96        4.11        3.50        0.34     453541408.62  866542385966.64    8448904471.80    827240899    9732934540000000133
19671207-172159FIN196741967100119671207    4512408625.06    1344089307.69        4.22        3.64        0.30     300655032.23  662716647477.55    4696969118.11    318793154    3690817420000000038
19671207-195533FIN196741967100119671207    8564177265.86    2712841407.65       14.77       12.90        0.32     392819378.98  852524409277.14    9883882016.09    183622833    2102783540000000095
19671208-011755FIN196741967100119671208    4646488704.83    1822154232.67        2.00        1.71        0.39     222304746.96   63204120949.57    5175121091.15    909095247   1068053054jxaIsXvoqNCAPUhTBPHOyhJcQP                                  
19671208-025456FIN196741967100119671208    4301693504.20    2043163844.33        2.06        1.90        0.47     951329877.46  470155602126.41    8771600612.03    989559356   1075594935RXTUYvNLQVMBtMTxfQTXRjwUDYJWKOLzqNnqilNbAQBtRGO             
19671208-143838FIN196741967100119671208    2517810549.79     936275949.41        2.94        2.72        0.37     398971354.68  415655807668.47    4317247263.93    318926784    343915537IoKUtGXZioegJCNViVxMypETfGzoFpFUrDxdifKVAIZXNIKfuTkc        
19671209-030807FIN196741967100119671209    6602153812.00     201238014.57        0.22        0.19        0.03     477201938.60  557272433832.31    9857208207.43    907744359   1056781071UxwoFfdmLfKmuJCZStrMNOScJQzWthcXUUiyvsPHTsRlAJPOiKyvchxt    
19671209-194914SECAAAAAAAAAAAAAHZCOMMONACTVEopRgeQgqTEwzPDDVNLXetVNNIA YutjANHZ LjhVOcciy                        NASDAQ268013615    1906061519090725        0.400000000095
19671210-022441CMPTGjXhGpvuCeVQjDczEHLXlFWuRNEVWzDFgzLogzEs                   0000000208ACTVACAA  187103089954 Landera Upper                                                              Apt. 524                                                                        59116       New Haven                Prince Edward IslandUnited States of AmericaWineland                                      PItxDotFcTKuIQhvPZujBKsNCFTfwkDGRypgkCqxqTZ KvmSbrwHBKTjcEOHOHQXculkwDuKEyohwRRGlifUGHmEkvBSWAPdNVxMCYbpiJy                                           
19671210-035722SECAAAAAAAAAAAAAIPCOMMONACTVaGzFaPGLbeyoZHiBKRfLQZZgRiCEHlSHCcQPPbxKnbdYsBRsPoFDuNrcbRKFQXSUTM    NASDAQ206110549    1955012419311102        1.470000000187
19671210-114919SECAAAAAAAAAAAAAHSPREF_DACTVOxhiAzoeAWTIijJLCELnhSLDFuLgLPbpRnKEOMmuJjuVxhSuYSOTUZVLDtI           PCX   367629521    1881100718900130        2.450000000042
19671210-231111CMPRbQDcIOWJLczKeATXKOc                                        0000000132INACMEC   186610121053 South West                                                                                                                                                 M8C 1W5     Sandy                    DC                  United States of AmericaRumler                                        DqvsIvCOFAIzNdYxrIsKwpDjZKgkUtlSnoGlboHHZDtSpwUBe                                                                                                     
19671211-113731SECAAAAAAAAAAAAAIIPREF_BACTVvtwQLgMWnbXHvKCmlmYahtAjpadOPFpnPcaCNdD                               NYSE  432578388    1884012519130528        1.470000000163
19671211-125959CMPMWSRfqgCEKzAryF                                             0000000206ACTVOSBB  188711182034 Bissonnet Rue                                                                                                                                              93797       Rochester                Ontario             United States of AmericaPennisi                                       SRcGaNhILDvNTGRNTBQYKrWnBxSMOsCHToooCuQrxPDPsArxFMh                                                                                                   
19671211-174648SECAAAAAAAAAAAAAIYCOMMONACTVLpLyKYbqDYTDFEBpEQ                                                    NYSE  737672799    1938032918720226        1.95EOMpasJigJVvYQGKVcDPddEniaOUaTojpCAmYQrUeZJEGo              
19671211-200412SECAAAAAAAAAAAAAIBCOMMONACTVVKRGzOKLeRJXfrPRblXiUeVlQBhbHrLzZKKPnbOmCYaQRDMJLZeSwdBllpEVKIHkZCo   AMEX  234354374    1932072219160927        0.100000000060
19671212-050351SECAAAAAAAAAAAAAIRPREF_AACTVChjrYpeMZumawKBIEHKfEGTjOnMNmnKQEHLE DOK                              NYSE  97828583     1948121619230608        0.06SlPaNtGSguUSBkeCnLDlqiFOAPftmaQ                             
19671212-110312CMPTwGeQWSZRutslqTfQchhwXliDBoPoiXDLERDLzByqpHVOKJOa           0000000217ACTVACAA+ 1936072911547 Colonial Park                                                                                                                                             80172       Cedar Rapids             DC                  United States of AmericaStodden                                       cSwIq aJOUCESzBQcjuiCWuMSSEOJtnImMPnleRJgBsFF APDeKlwRBHsnRaolYgAFLL AYJEoJHlIxnqHkSNW                                                                
19671212-221559CMPRyGXaaPEwcBQqSesTFzmnVhW                                    0000000204ACTVBDPa  193107129511 Forest Park Way                                                                                                                                            H6D 1Y7     Indianapolis             ME                  United States of AmericaOlsen                                         MQNKpOBOT GZakPIIWzzUERmLkuCmvrESaudLvMsOsSQHTkk                                                                                                      
19671213-104332SECAAAAAAAAAAAAAHUPREF_BACTVOtXHiIwyCnjNWh VQCVcGqVMyxC                                           NASDAQ887858791    1938120218900224        0.460000000167
19671213-145402SECAAAAAAAAAAAAAIKCOMMONACTVATNOQWekQFajqNaLrtBJxFQUP EdbWUSEPDkTLZlNoHkeLEwXVuAOEWszTvjRv        PCX   420554136    1943081619010109        1.400000000109
19671214-033800SECAAAAAAAAAAAAAJACOMMONACTVkvgjlulBLISGqtYZVRsqETrYSJnYUDMe                                      NASDAQ624677997    1946090219001026        0.210000000176
19671214-185546CMPAToJyVSeyYfppHUShGWU                                        0000000215ACTVBSB   194504246667 Regal Bluff Road                                                                                                                                           91185       Cleveland                AK                  Canada                  Misasi                                        ogAxaWQspsLEdlCg RzSlPTOBOrRJJavuMVFqfrYuRwnHXnmGkNgeGoVtEdOOxOJyPHOeHJDqnPzJfkbUQbObKNjcLUvF                                                         
19671214-190107SECAAAAAAAAAAAAAIDCOMMONACTVlTRPWQVsKJxjOcGBrMom                                                  NYSE  781681097    1858010518540417        0.200000000159
19671214-221423SECAAAAAAAAAAAAAITCOMMONACTVCyORmIgADVrPBKJKHGVxWrQrHgIRXFVbD                                     AMEX  327360976    1947093019030203        0.51XKJikResIVsVDCWGBAYPKUYANPCKOPDtDFVzLoPeIIo                 
19671215-095539SECAAAAAAAAAAAAAHWPREF_AACTVQFZGETDInGKTAuUB LgQtGGtIVQAHFraRAlEjFnuqfwoEIUamQLbbTJKOB            NYSE  687807496    1860052519650520        1.370000000076
19671215-233909SECAAAAAAAAAAAAAIMCOMMONACTVCpDyttEDaJtjdDgBNk                                                    NYSE  487430464    1925010119041214        2.660000000069
19671216-043654CMPEMEHaKSGbysKWEjTOBZmjCUC                                    0000000202ACTVAMN   1887122319827 Cherry Ridge Way                                                                                                                                          70804       New Orleans              DE                  United States of AmericaCordia                                        VGJScMJhfRvMkWNFGsQuUXTBNBCiWVFCsBWUNedRFzYWdokDsZvYrii XDxnmPBzBheVAyWKreTNTyeJxfC LmQDPEJcD                                                         
19671216-074138SECAAAAAAAAAAAAAFKPREF_AINACYkAeJttAuZFGdQCsJpQDqurEFQHQwuNyKId                                   AMEX  517872887    1856092219460609        0.29mJmRJtJARsVsPrXR                                            
19671216-193033SECAAAAAAAAAAAAAIFCOMMONACTVoUzMSURvn GCzYq                                                       NASDAQ635945214    1960031619480614        1.18NAYgyJWLYJBEBsHyewWRGxACUqRMXHbFXaWCEBYtC                   
19671217-085304CMPwcKiEmLIRDQYIYGfpItBTEuSFq                                  0000000213ACTVOIA-  189403168438 Century Lane                                                                                                                                               T6D 1E9     New York                 FL                  United States of AmericaFurse                                         KDsT IPbTJGQKvKfwZZRPWnmSnF ayCfAVRCdLKB lUFepTrySUVCyBcLdYlOJEIsmUBzOcmLFzKjMHtuJoRWPhAGGIrkEJlLnYUKXRvdyfMJZIAVmHucqbMSglbeDs                       
19671218-011542CMPGTXcbujiDrVQTNanRXNE                                        0000000200ACTVAPB+  1864052223554 Northland North                                                                                                                                           53752       Idaho Falls              IN                  United States of AmericaQuinalty                                      HQJrBEVgqXLBdklzBGtTnEzPanllIeHSxWyNuDPfQGgqCLjJPmuKwrkSiJnGfHIyuJERqlRguZSoAIjslMOuZJQJuJkgefuShiMDVJIPgWBWdG                                        
19671218-074720SECAAAAAAAAAAAAAIVCOMMONACTVKqJRuZNPGuEjdtMRY                                                     NYSE  841178216    1894022219550627        0.390000000013
19671218-082646SECAAAAAAAAAAAAAHYCOMMONACTVPQhST YFvJlXgE                                                        AMEX  580366725    1862110618860517        1.99TzOOKJSXlzetRDAZNOaBGRiAoYkrPjDLzvR                         
19671218-142909CMPJuoboYklRFiVquZgCguunEPFSWMYO                               0000000211ACTVOEA-  1851110313774 Beale Street                                                                                                                                              43208       Oklahoma City            MD                  Canada                  Zee                                           MkxpyHvLiFErjxSkSXGFdNIgHKIeSTMIViAAqADYSTjJPSOpqhBNwqKJTMCeZnx                                                                                       
19671218-164944SECAAAAAAAAAAAAAIOCOMMONACTVdq RJSSMRxdAtYIPdEhHasTEhAFEaCZTVWoQsVOxJpOiQBzWEDAPCdEKQVtDtIGrb hLC AMEX  632608730    1937090619300527        1.810000000119
19671219-081808SECAAAAAAAAAAAAAHRPREF_AACTVcRQlPrFZVJKS                                                          NASDAQ580613641    1935030718550805        1.10yzVtIWYoRQKKPNbDwXqdBMdFXWIZfiTteG                          
19671219-221749CMPJjvAHUzFzhxIKKUaVgoqAB                                      0000000198ACTVSTAA+ 1956042215338 Hutton Upper                                                                                                                                              36152       Saskatoon                AR                  United States of AmericaFolta                                         IyZwlQSzHBPBpoJvGdiEeeqp                                                                                                                              
19671220-115635SECAAAAAAAAAAAAAIHCOMMONACTVKCQZJSGkZHIsaoHfdgMKdGyaebKmMntwNqNUzDdpBoTwEcEymFSbGfvbXzun          NYSE  95998193     1854062818560131        2.980000000052
19671220-162449CMPPrUOUrQLXqHHkOiKmPkdWAARpnrzHGeYEQPTiDsIqFQXlG              0000000209ACTVBNBBB+1881120819045 Rockhill Road                                                             Suite 300                                                                       38179       San Bernardino           WV                  United States of AmericaLaud                                          HLfmaSBKgoYOkAjsBcvJANvVfTiNakRDxREwDevAGBEADVToUUVHjJnnpOqocxbsIXuPTfVfoMUpgYmKAAPHIhjbBIZjXQrBQTH                                                   
19671220-214724CMPvFiMBJIBDeStTZjdBjUZmkXlKrIgHRFMpHwPpBizHDUuIIRivHNwmSJAa   0000000196ACTVCRBBB-19311213613 Fondren East                                                                                                                                                88001       Santa Clara              FL                  United States of AmericaGottshall                                     FSGGIBHOdKiMSNWSWJdpagfyUSGqcWt qFqFzlxIGjswbyUApUBqvYPVwPMEUeTkYigQCfQxRVPYPxwzaeTOsftTtMbFscDrPaerkAeRLEypjkXggrDLGgXGNzRHdRSELgETdmDxP hdkT        
19671221-135259SECAAAAAAAAAAAAAIXCOMMONACTVVRewHlWSUgANZomBbYDzuwJMUMa                                           NYSE  354175238    1857091018881213        0.150000000194
19671221-210055SECAAAAAAAAAAAAAIACOMMONACTVbkHUVSThMUQYdWMomqWkXGGo                                              NASDAQ894202622    1954030618610726        1.01GCjVjJdHNLUhgQD                                             
19671222-092654SECAAAAAAAAAAAAAIQCOMMONACTVTFIVlRvUPQtwtVWNMJvjHoxhGHjqtGAFCNpVdSNeJvecPtPInKhFGIdq S            AMEX  456949403    1925120618810524        2.480000000101
19671222-111419SECAAAAAAAAAAAAAHTPREF_AACTVUDThlqfoLbBBUZxPLeihBBQUlmqZMulYUrITJrJSTTeUOCoVnTCNslIBaqaCcCYm      NASDAQ489774826    1948040818700417        0.220000000037
19671223-033603SECAAAAAAAAAAAAAIJCOMMONACTVHZYVGMWPnXWCWPzy                                                      AMEX  117413320    1939061019290127        1.35GNPmEJpuhWbXsVlnIW                                          
19671223-055443CMPReMpXiOzRLAKMUzTSaoXogmUnEOqKkaKJoLEKOGIHmVXx               0000000207ACTVATAA  1872031223798 Hill Avenue                                                                                                                                               59111       Houston                  NM                  United States of AmericaHefferon                                      SYNPvlEAxyHUoUdddgYEveFfy                                                                                                                             
19671223-153255CMPDIOKfSfWssQzOdgyxCetm                                       0000000087ACTVRPAA+ 1963100316633 Raymond Road                                                                                                                                              96801       Hamilton                 NY                  United States of AmericaFurnas                                        iSAtVBtrVJEGiTESLsiDfDlcSj FbK VIvVuDHG ZsqmTs                                                                                                        
19671224-021920SECAAAAAAAAAAAAAIZCOMMONACTVeUAFEcBRCWUmbAow ouDMRPQYQln                                          AMEX  288319915    1881041219551120        0.530000000048
19671224-093409SECAAAAAAAAAAAAAICCOMMONACTVCILINQQwMPu BAvsCsTCHVbSgYKLDLMUEqosFNdPRfKYpEUVIlxxgMISAmqXFvRT      NASDAQ735223636    1853072218881216        2.700000000174
19671224-103023SECAAAAAAAAAAAAAISCOMMONACTVMGCSjQFbBhS                                                           AMEX  155215454    1947091318960409        1.82jnhGOQaSGPLzBRc                                             
19671224-193412SECAAAAAAAAAAAAAHVCOMMONACTVHRBnuMMvqRXEaPsncGiXvLWtJ                                             NYSE  918224025    1953072919521002        1.11NrrqCXruCLCAVkwSEhvrBGgjRydDVQjOxy                          
19671225-102443SECAAAAAAAAAAAAAILPREF_AACTVIgIbLGLWPVfNmiMjdk BGoCIpeTdJGPnQHEcBAbCJikqUGbEA MZ                  NYSE  142890022    1909082719660629        1.22QFRbFMIOhFIvNDHHKUIHIwUDsyiGpkDUVMQO                        
19671225-202527CMPwIwqEOGBhJEMMWLLUMyBfS                                      0000000205ACTVCVBB- 1943020420609 Shiner East                                                                                                                                               M5G 1Z2     Fullerton                AZ                  United States of AmericaCongleton                                     CLNYiIabxHEpjlJlVxdcTHcO                                                                                                                              
19671226-102037SECAAAAAAAAAAAAACPCOMMONACTVGIdiRhxQcIYEtgJjeGwePKDNnfGnuxIndFrdVABGUzziJuUtFbdQKSnwNcYDHy        PCX   920659258    1918100818790122        1.120000000158
19671226-180251SECAAAAAAAAAAAAAIECOMMONACTVRzrqIRuJvdrwBOTMYkgH                                                  NASDAQ983882840    1878060818690915        1.10zPDnCPNaQXkiPtzDLtcrENJONEyAAogVQCkOMhbLThGHBTRtMPVLtKXz    
19671227-062756SECAAAAAAAAAAAAAIUCOMMONACTVcitktkmHtLylQEyBeJDyKBtTuQQOVq                                        NYSE  82235548     1914072219110120        2.280000000107
19671227-234202SECAAAAAAAAAAAAAHXCOMMONACTVNGOJtjVVngUrjVkMH                                                     AMEX  93055925     1943041818630623        0.940000000005
19671228-071817CMPnyJDEtyqCUJjMGVYQQRcGwTcUKqEvxBaLCu                         0000000216ACTVWTA   188210239147 Williams Court                                                                                                                                             M5D 1Y1     Warren                   DC                  United States of AmericaLochan                                        pVFaYqeNufTmagBkuBkNMaVwJ STUSoRPsVSqE SSDwDKvUclSJlGzhUxQ                                                                                            
19671228-100756CMPDWgibROHufHHRCuHTULrGMHCVxOFEOdQglNCHs                      0000000203ACTVSCB-  1913012618583 Granbury Street                                                                                                                                           H2G 1X9     Peoria                   AR                  United States of AmericaWilson                                        bJuvHLMIqDwyDWJdfhTlvRzRMOLMEezSGIlDzQQvYwDZEOAqNGOARTPQWzOCCOnzPVxjXvnQyAdvuJXgCFmGXJQJK SJApBjKFT                                                   
19671228-185421SECAAAAAAAAAAAAAINPREF_CACTVwRLYvCqOUTb TXfrUgphifKTTlnFT BBrOcersZzhwBEM                         NASDAQ428575288    1948022019601221        1.13AYrIhMoBIgUBkRdxKABPjIIShjxFyaWTAsK                         
19671229-000518CMPxXOGiEuCcPGNkErzSfwxY                                       0000000214ACTVPPA-  19550821633 Guadalupe Park                                                                                                                                              30368       Stockton                 AK                  Canada                  Peyton                                        zKybzDjOKhuGOUVkOASPAtvAqKujLqxdqoWVBwcNKVhFgzkuBGeCDpyLqGSFKOiUznwjKNFRsGiBCoeb wInTrEM vPFNBdJQ                                                     
19671229-155603SECAAAAAAAAAAAAAHQCOMMONACTVnDPtVSOMoCDzrZdbDtjIRkTlwncgLtTxyMAwQPYAqPISvQmsIZciBxBi              NYSE  916116480    1916020418940320        0.32dCYFztAzOgCJvPUJLAhPlVpBAicUXKKOTavOzsUvIUjqkUxyxNdUBqZBcdO 
19671230-012212CMPWOFtlCxUWNFUBhPDqICgzRXmPJFjQHnAMFPgEkJmjqndJT              0000000201ACTVBSBBB-189705163020 Fox Rue                                                                                                                                                    B1D 1X7     Erie                     WY                  United States of AmericaCity                                          tUWDSXGUMqD qugKlHpwUDFc ilNMpNhCGieNQO ZNXxCBHqcJNAvCRjjZIUsdTGWvNToVZgbaLWCLjSTjXCf                                                                 
19671230-063648SECAAAAAAAAAAAAAIGPREF_AACTVaJgvUhbVSWfE pPpxhRwJDSRNSVwZhUVJEAsORQjoKBBXiKbS                     NASDAQ380523358    1906070119331029        1.130000000014
19671230-112728CMPXUpSUBCBJLqqUFlWoUoPrnAQzteNTcLjiGVnpDUSIFDutaPB            0000000212ACTVCRA   189312258487 South Court                                                                                                                                                H2G 1Z6     Rancho Cucamonga         RI                  Canada                  Alvarado                                      bjryAUxJbSIGzCUPA LYznZXRIKpXQLA YGjmHSAzzzfDomOxPDAyEMxQSXgvzSOrCGCJAcbSVJVDuQStXUkhoFTwCmMGq FfHffkIQuseIXGiRenHi Modl                              
19671231-022937SECAAAAAAAAAAAAAIWPREF_AACTVOfjOBMHiPHWFgHIypzhxrIvLCLOwdPXpDRHTbDCUJs                            NASDAQ629447918    1946082818810705        1.780000000174
19671231-145038CMPuNzELlUuHMLVWRQzcPVofbO                                     0000000199ACTVHIAA- 193704018752 Forest Park East                                                                                                                                           06117       Santa Ana                NE                  Canada                  Ashline                                       NRMoNHFTopCxiSBjvLpmVJmsfLuYqPKDkNgdLnd                                                                                                               
19671231-232635CMPFuhXrJlvsKIZUJaCLegLlrNbqhUb                                0000000210ACTVFWD           9916 Coffey South                                                                                                                                               94090       Lincoln                  WI                  Canada                  Luppino                                       wGgTmQmtSbTMyvBgLyFcKBtleQxWHIITHNefGSgexrDB ksRNdUNJmqqwFGCFkPMpcfpiKGHQ EBPQJwTEENAh PlTIiVeSSZdXbQBmAGQcpQXCJOaNjRQhUvCEQVUJgoQFsmKMn              
19671231-235958CMPUmGSwjCrUkXlhcWjmEhYLkTpDpkNOLLdWRrHITXUFXkMzO              0000000197ACTVCDAA  1860022413345 Nautilus Avenue                                                                                                                                           M6U 1H9     Casper                   NE                  Canada                  Coye                                          yMEdApFCsVLcBuFYoQItGCQLrOvTIUQvczsS                                                                                                                  
