19690101-084507FIN196911969010119690101    2784131260.76    1260037080.48        9.61        8.02        0.45     793088049.78  999243550396.88    9070457057.17    131122991    157123030CNImJfRWPVAdRMNOAHXqBPWKNONdSeZUekvQmYGksPKaFMtxEDxSf       
19690101-164852FIN196911969010119690101    2613642983.91    1194687458.71        4.31        4.02        0.46     364645270.17  270042603677.66    6683021487.54    277122481    297486915gWFpOuNYwfcvPArwjmHWzRgHbmFxHurRpMpoourGEuVNxKmPfR          
19690102-000622FIN196911969010119690102    1210174295.54     120578114.08        0.15        0.13        0.10     724934738.36  254547315273.30    2336870294.26    781535881    918760689TrXVCLKjAPMUhqmJWRPoCbk                                     
19690102-085539FIN196911969010119690102    5117132428.09    3112231896.46        4.01        3.36        0.61      48232857.34   79795611598.47    7067600643.55    776943035    926152043dCYFztAzOgCJvPUJLAhPlVpBAicUXKKOTavOzsUvIUjqkUxyxNdUBqZBcdO 
19690102-103514FIN196911969010119690102    1352749037.47     212122570.97        0.22        0.22        0.16     317269108.58  497096382166.83    1871307973.39    952508533    9860078720000000056
19690102-193453FIN196911969010119690102    4951686159.59    2690838699.80        8.09        6.95        0.54     757255150.76  424961783933.15    4664824362.23    332451586    3873187770000000059
19690102-210023FIN196911969010119690102    6274957366.00    3338963477.86      210.33      194.27        0.53     141589706.08  783368774870.10    8289644762.74     15875105     17186811UrwpdNLBvPyFfWsKNUZBkxBYIFMgONcTckRzWHRkX                   
19690103-062625FIN196911969010119690103    1106195634.26     561030137.54        2.07        1.83        0.51      96326781.21   60307983426.93    9884339219.43    271005834    3071024110000000211
19690103-074133FIN196911969010119690103    2136898029.39      29088455.76        0.03        0.03        0.01     692133158.06  641305201082.83    3728176276.46    848599445    962630223AsIcOhpVbPzObQVeuCVsm                                       
19690103-081215FIN196911969010119690103    5565052691.45     764972675.48        1.75        1.54        0.14     835967226.86   76216379516.63    9189863243.10    436644446    498304254NrrqCXruCLCAVkwSEhvrBGgjRydDVQjOxy                          
19690103-181918FIN196911969010119690103     195735517.69      20379821.65        0.10        0.08        0.10     635067100.92  839739818734.88    1523955570.14    212903946    245763243TzOOKJSXlzetRDAZNOaBGRiAoYkrPjDLzvR                         
19690103-183046FIN196911969010119690103    2079065935.03     258723706.58        0.39        0.39        0.12     563977362.48  893859953610.03    7315751744.28    661517795    6644890060000000141
19690104-005105FIN196911969010119690104    1479510484.98     552930907.21        2.10        2.04        0.37     872932957.06  255401579761.13     101148164.69    263769378    2707586360000000231
19690104-091322FIN196911969010119690104    9247323438.42    3100109567.32       42.74       37.54        0.34     354830023.94  974826436130.03    5230710044.76     72531169     82584861XYBskXbBKdGkRvEStCHIPFqiJyXvXziEXjAwTvvfWRJc                
19690104-155031FIN196911969010119690104    6192131183.97    2464682180.40        4.44        3.89        0.40     801363709.27  518617288721.55    8023510413.37    555354377    633588020WomBVNFABCECNZiiffWyGfSg                                    
19690104-233556FIN196911969010119690104    3151717258.04    1982941376.90        2.04        1.72        0.63     290083813.35  435922870753.12    1599135059.03    971824339   11529761110000000202
19690105-035958FIN196911969010119690105    7429185777.50     482513800.63        3.65        3.20        0.06     393942075.08  589793191925.32    7725587957.60    132306942    150638941uiRYXfIoONrIzCHoJMWlq                                       
19690105-124409FIN196911969010119690105    4070967597.66    1511284822.37        2.64        2.28        0.37     988780418.36  890972569861.61    1472967588.66    571457214    662508378OHEmalBUVhTTeaTVKPRTjiMkfUHxdcHdcwwIZnOwJikM                
19690105-222915FIN196911969010119690105    6336492539.06     780853553.24        0.93        0.78        0.12     726274647.98  286720298981.66    2313519074.36    840747482    995367377CdxTUdBhXtFuFIWUAJgQQbBCCyPDDJIUgsEXveWvNOjZPwOYqC          
19690106-033420FIN196911969010119690106    1767827987.32     320466409.59        0.33        0.31        0.18     753596969.91  481092583007.24    8405300353.92    982889716   1046224321TwGeQWSZRutslqTfQchhwXliDBoPoiXDLERDLzByqpHVOKJOa           
19690106-094346FIN196911969010119690106    6076874614.64    4047827578.03       12.02       11.03        0.67     386690029.47  405520474701.09    2998168594.33    336669521    3669346380000000014
19690106-205744FIN196911969010119690106    2157381271.16     755799317.24        0.83        0.80        0.35     832744102.40  494988029996.40    3986653228.82    915273036    9403878730000000292
19690107-083546FIN196911969010119690107    8216603769.00     475225205.57        1.05        0.95        0.06     221578454.05  933394095003.82    8157851886.39    450919792    4982809890000000131
19690107-120635FIN196911969010119690107    9499386641.16    1849852887.00        2.65        2.35        0.19     130531483.57  715886158863.54    5998694124.64    696864866    7875301230000000134
19690107-201953FIN196911969010119690107    2878497380.75    1145226156.93        3.51        3.13        0.40     892508430.40  801090554019.20    6201829498.39    326406632    366359159CuLyyArqsEtnTUAIkAVGsjGuCbkiesWdqoXGYVbIdkMdRUeOIIkbQtDactaN
19690108-042519FIN196911969010119690108    6311788646.91    3769621065.02        6.16        5.24        0.60      53583886.96  405634022738.19    2980266075.76    611816437    7188881160000000269
19690108-153008FIN196911969010119690108    1143022628.58     650796858.16        1.27        1.21        0.57     627509929.52   96533500395.15    4461182119.56    513107720    5386102810000000240
19690108-184100FIN196911969010119690108    6577194058.09    1867588214.87        3.85        3.35        0.28     482606598.46  974708272385.85    5166212447.81    484667851    557099141TGjXhGpvuCeVQjDczEHLXlFWuRNEVWzDFgzLogzEs                   
19690109-035219FIN196911969010119690109    7026207797.39    1054442419.41        2.88        2.53        0.15     804291607.09  913249143271.20    7201516243.81    365568834    4161589680000000167
19690109-093734FIN196911969010119690109    3321413858.66     483636227.49        0.82        0.76        0.15     654296224.49  777591189678.65    6882517133.37    590103421    6355116830000000094
19690109-183934FIN196911969010119690109    4101010109.69    1101850697.45       33.17       31.59        0.27     473917392.68  403082613347.32    9028202924.56     33220607     348765110000000018
19690110-001159FIN196911969010119690110    7477626942.77    4197963375.54        5.50        5.07        0.56     721343589.08  715637352219.99    9402524621.15    763175888    8279432790000000126
19690110-100255FIN196911969010119690110    6999578302.57    1243714400.46        2.97        2.80        0.18     745251981.88  249632993088.92    7873656768.85    418797793    444539868OKxxoVoQclIoWCiEfutOKeGTjshAudYQPfIEDrfUSJhKHVyfApNYkZUl    
19690110-173426FIN196911969010119690110    1377541170.04     307804050.88        2.70        2.44        0.22     124500934.79  448087343203.47    3260490358.84    113981883    1260671960000000096
19690110-210945FIN196911969010119690110    6209907472.71    4199737888.40       15.80       14.64        0.68     577593341.24   90817436327.56    4936515287.22    265749059    2868615810000000020
19690111-042930FIN196911969010119690111    6068502453.06    1373023190.68        3.74        3.13        0.23     960762841.40  397421159879.04    6805472512.14    366807547    438146076tMgSZEBCIXIddwcJTrzDKJaVwaVrpPGg                            
19690111-131329FIN196911969010119690111    8714958900.16     972065673.29       31.02       26.56        0.11     218421073.30  661902221033.84    2394747280.16     31337523     36604646RXTUYvNLQVMBtMTxfQTXRjwUDYJWKOLzqNnqilNbAQBtRGO             
19690112-005301FIN196911969010119690112    4635841143.88      29856835.24        0.26        0.22        0.01     132600867.39  938835544521.94    8849777443.05    113836434    135121042wIwqEOGBhJEMMWLLUMyBfS                                      
19690112-062132FIN196911969010119690112    2044913055.76     170062800.96        0.21        0.18        0.08     808640541.23  815440442240.87    6716975257.17    802952702    9235458000000000089
19690112-072416FIN196911969010119690112    9521334151.79    3941325507.11        5.41        5.02        0.41     291763972.78  714323538891.56    1476640729.15    728091581    784352699bvAjGxHLNzaMyUfsFYwIeWinCSUVBJVoPHqXvwORT                   
19690112-101924FIN196911969010119690112    3708693996.88    1220282258.46        1.34        1.28        0.33     820641862.66  130205416912.14    3939578913.98    909411583    9500934660000000255
19690112-191013FIN196911969010119690112    2160694530.46    1337285052.14       10.41        9.92        0.62     454507005.85  874879350984.59    2014059230.26    128440723    1347492090000000245
19690113-041432FIN196911969010119690113    4111729832.63    2842031971.89        6.19        5.39        0.69     275356658.64  648218851141.08    6809358450.05    459236049    526954740KCHnVIdKJsAkNiOvWLdJFLZHnuOUsIPqkOat                        
19690113-144358FIN196911969010119690113    2204147573.65     864963395.55       14.31       13.46        0.39      13906054.74  645628848311.10    4428456752.93     60446368     64249909mJmRJtJARsVsPrXR                                            
19690113-223742FIN196911969010119690113    8413941686.98    4469517811.50        9.12        7.76        0.53      48440970.38  982109763197.02    2319444249.45    490048879    576310341MVCKckBWCQkXbqXuPPxiqbioWtLPmVFWPDdIQsbx                    
19690114-091421FIN196911969010119690114    6993592974.73    3660120448.92       17.35       17.00        0.52     679625282.99  496891634548.93    1586606591.49    210977393    2153172680000000196
19690114-161210FIN196911969010119690114    1376077017.81     562505646.89        0.59        0.55        0.41     753131031.42  522059533279.04    2359035245.11    956888295   10313261900000000160
19690114-190609FIN196911969010119690114    5755903728.06    1639093049.39        1.68        1.50        0.28      86240870.61  952171673130.66    7372175092.82    973856325   1091385286JOlePeOMqNiWFtIikbYCtGoucRYkTNggTpiDSTEocDbaMdhzl           
19690115-015509FIN196911969010119690115    5131590419.23    2932303966.62       23.51       20.32        0.57     764235918.82  168581155751.67    5002158926.91    124746555    1442752970000000093
19690115-043038FIN196911969010119690115    9515656352.24    2222990571.50        3.45        2.89        0.23     867131687.56  570238342242.90    5074180589.46    643481782    768123138lTKAvpYDQWTHOMqUWKQDSYoOKECz                                
19690115-045648FIN196911969010119690115    3865852316.08     142005899.61        0.27        0.24        0.04     140717881.40  665524002956.68    5983145485.69    520006154    597273020VRCqMDchijxAuePBgjywAGgqrVRBEFpiTlAyRVbIdJsaEVtlYWHXc       
19690115-090818FIN196911969010119690115    1380032332.94     791851514.97        0.89        0.82        0.57     970162959.66  601437691996.40    6697455516.66    888593097    970107933gZUwQaFFTCVVSnegbXTDEgWjCjDNFMHmaEQQDtfQdxtonNVUp           
19690115-182454FIN196911969010119690115    3547017287.84    1868260600.11        2.80        2.41        0.53     895202118.47  300551893349.93    5387346499.41    666866446    773780312KSoNMtKJWQyAnWxjrBpMADCTAAeWKIdDQIoyXRovOiONJHrODGwVNhs     
19690116-033310FIN196911969010119690116    5204254747.90    1720936678.38       57.57       53.90        0.33     781483794.00   29264139575.11    2544990931.53     29892860     319263790000000291
19690116-105602FIN196911969010119690116     928900919.49      82360159.35        0.36        0.35        0.09     582955306.85  849994583310.45    8242968649.33    226893526    2367766610000000237
19690116-120558FIN196911969010119690116    6322562593.05     404088412.59        0.41        0.40        0.06     781327110.93   74234196179.35    5196584865.91    987153606   10143304480000000110
19690116-175433FIN196911969010119690116    6904744292.26     489446531.04        0.59        0.55        0.07     228322926.80  903109978073.32    3015142095.00    823379320    8971458750000000034
19690117-052510FIN196911969010119690117    5447332869.72    1527572336.61        4.88        4.17        0.28      95195441.43  213195651180.93    2287140648.26    313336023    3662656790000000147
19690117-135042FIN196911969010119690117    7665821266.25    4848741314.69       11.92       11.10        0.63     538192872.88  523810583784.86    5616461788.14    406729906    436637302zSzyZVwpMSypTaf                                             
19690118-010842FIN196911969010119690118    8812128508.01    5296303789.61       19.92       17.42        0.60     265136735.16  442589119251.16    6253189742.46    265819312    304077148OsurtSiBlHPXzsMOcSTdKVCHPQCDhZQCOOuArEAthFHWlKgERESelqQLC   
19690118-091548FIN196911969010119690118    8249082964.17    2482778774.33        4.65        4.34        0.30     993532097.08  477673327028.43    6709123891.83    533516981    571835776UmGSwjCrUkXlhcWjmEhYLkTpDpkNOLLdWRrHITXUFXkMzO              
19690118-145756FIN196911969010119690118    2613560523.24     681432859.86        2.48        2.21        0.26     942398222.21  377999703265.51    8108285135.70    274267525    3078015080000000090
19690118-174711FIN196911969010119690118    7745347762.06    1544149429.87        4.78        4.42        0.20     425883663.92  354625438652.15    4728981698.11    322999426    3490053370000000124
19690119-043235FIN196911969010119690119    5118164942.03     727192373.05        1.50        1.36        0.14     840587206.56  860171456937.83    3532139543.91    483187149    532776064WNRkyaGLpExIGmibKNXHTiWedWuFiObtwUPRHYHI                    
19690119-160308FIN196911969010119690119    9918629387.06    1170904189.82        1.71        1.67        0.12     510759091.78  611819542187.59    8631812531.89    683682878    7011362820000000300
19690119-214309FIN196911969010119690119    5338185064.22    2831055285.00        3.07        2.83        0.53     796543598.67  706055607578.24    8222690713.04    921447352    9994395190000000232
19690120-002900FIN196911969010119690120    5808800124.45    1302869816.44        1.90        1.89        0.22     790552340.36  972646463433.27    6271768096.31    684710062    6877824660000000012
19690120-023136FIN196911969010119690120    6960071330.78    3235523935.76        6.84        5.71        0.46     696421072.15  569075329621.30    7708938893.56    473274761    566752173wtUTIAshgTRlJiCRkCrsvGzSDTTpQWXTsIEaW                       
19690120-053234FIN196911969010119690120    9595941975.66    1809881258.34        9.52        8.20        0.19     972677220.72  132322046603.27    7986422854.01    190140054    220637355zPDnCPNaQXkiPtzDLtcrENJONEyAAogVQCkOMhbLThGHBTRtMPVLtKXz    
19690120-145352FIN196911969010119690120    1833897262.40    1187299755.41        6.66        5.92        0.65     209355350.39  400210531853.10    3116194882.16    178378956    2005865630000000031
19690120-191150FIN196911969010119690120    6163271805.66      81348630.43        0.26        0.23        0.01     365081996.81  256670808664.58    8727993544.94    315869149    357134466mrTMrIHjEBXSOHhlBvKueJPEBTDtcteUgKLO                        
19690121-062841FIN196911969010119690121    7854601120.38     782577372.81        1.78        1.68        0.10     593812974.95  474810594501.31    7812536148.64    439010482    4666604630000000068
19690121-125919FIN196911969010119690121    6714181906.12    3265180753.10       22.43       21.90        0.49     661972418.46  142557985484.57    9188612359.01    145542060    1491228540000000203
19690122-000731FIN196911969010119690122     545001984.61     117979791.27        0.12        0.12        0.22     228936885.70  796640374012.79     378614326.87    951487070    953848862GBwfXYROsIFGgJnevYXtIlKWqpWBaxUOBLQuBOjIgbnnJiATTAwMElnc    
19690122-030554FIN196911969010119690122    9557645993.79    2143323934.60        2.50        2.38        0.22     357186663.59  598709122408.92     377972256.26    857220221    9014002300000000158
19690122-111348FIN196911969010119690122    4672343207.80    3056577306.46     1680.32     1481.19        0.65     962195233.30   72601491779.20    1431967298.03      1819042      2063590hVAaKcPotSMtGHVnWXP                                         
19690122-165817FIN196911969010119690122    3816837441.05    1075935412.58        1.72        1.57        0.28     146527113.46  855028144046.01    1433500927.34    626009808    6859913640000000125
19690123-031545FIN196911969010119690123    8804392509.23    5058414135.16      170.17      153.25        0.57     327008115.54  739033393469.25    1690562870.32     29725772     33007133KwjfmirRqfjJKRClFNxFXRUpUKSpCNxNadkYKRajlaHBFBFgLPbynOng    
19690123-092204FIN196911969010119690123    7857782525.79    4389352727.46        5.29        4.42        0.56     244863855.03   94238843919.41    9808824465.42    829334019    9934463190000000005
19690123-093111FIN196911969010119690123    1574438146.75     427113297.75        0.64        0.62        0.27     950329670.02  245420516448.18    7756021231.92    665780564    690598927NiBcGbDvQsFXSbRxOUPzUvEKLCXRVlDFrhOUHduBWHC                 
19690123-130356FIN196911969010119690123    7932607288.10    4703364164.00       14.11       13.19        0.59     608900092.38  707147887159.65    6809410554.01    333367630    356458023jUVBEwWiTDzHCOTMBImOMnDlPRprVsbzeMukHPFqSIdSBmDItpJLvB      
19690124-004425FIN196911969010119690124    6854938385.40    1571904921.47        1.99        1.98        0.23     641668086.63   60813884418.22    9018461034.19    789125783    794397248rRWSCLIgDQcKoOgUnyO                                         
19690124-090546FIN196911969010119690124    4277424081.30    2222264691.51        5.21        4.68        0.52     476217789.31  693717251335.98    7465083500.20    426198609    474874781IiHkvFAHjNrDbHaXULOVQWMsfQI                                 
19690124-115558FIN196911969010119690124    9385518776.40    3999383932.52      315.73      267.60        0.43     818954869.91  773214483893.08    3899432343.85     12667092     14945613bBrSPifIaInSAkKzVpJPPTGoCxaskRtmBSgXElBoGwDiLnvQRLHRTFps    
19690124-154758FIN196911969010119690124    6177748852.64    2800657228.83       14.83       13.97        0.45      21826987.15  429907743803.70    6984840210.76    188902630    2005271640000000156
19690125-011636FIN196911969010119690125    6323436334.39    1647500881.80        3.35        2.93        0.26     952104149.47  842640004332.35    4102876293.60    492444634    561693041INvkgTARBMdFkQysKCE                                         
19690125-040052FIN196911969010119690125    8122919149.26      48032575.39        0.48        0.42        0.01     108873000.58  854483808243.99    5449369571.88     99192380    1138731420000000216
19690125-064725FIN196911969010119690125     600533224.62     260592668.91        0.57        0.55        0.43     997566165.43  861860265595.99    7509100321.56    456759747    4734865400000000085
19690125-135242FIN196911969010119690125    7937904368.72    3582275882.39        3.61        3.09        0.45      39664758.17  848942319736.83    6672382322.65    993116023   11599613910000000119
19690125-145058FIN196911969010119690125    2103574204.49     693720472.20       19.22       19.21        0.33     711909626.74  816908658144.23     609773150.93     36088786     36105107eyGBByYTpoRbgjJdHtPbQdJTXrTbcWTJkSHlPvDAkK                  
19690125-183626FIN196911969010119690125    9800198334.60    2409482441.10        2.65        2.26        0.25     175030457.38  975674350606.14    9564836829.61    910032498   1065026888QTlJJPTwTIKGjWucWLFdQIFqUFDViLqZHmopzBSaxPctxonmQDYpdPzwRDD 
19690126-032022FIN196911969010119690126    7503705859.18    3679854647.45       19.34       19.18        0.49      55490601.11   16355091751.69    9581575082.88    190275655    191868911jRhDJJDxLPxUEMMpdhzdZNqRVTuzMCrlMcwMsdHNvIEBwDfErPG         
19690126-134321FIN196911969010119690126    1919499667.14    1045797182.18        3.85        3.38        0.54     660495930.98  115745609745.95    1927075650.75    271476613    3097575870000000062
19690126-184327FIN196911969010119690126    3667719492.31     562564586.57        2.61        2.43        0.15       2288160.70  393294987789.79    1607913721.67    215634498    231230248zjoKtxCKSTNWLpRzJEjyVWiVEuzmYUTLdbyRHLSIgDUbYquZsCvOKJvFaWMu
19690126-210335FIN196911969010119690126    9478030891.77    3382157954.45        4.70        4.32        0.36     865424292.53  622654321803.45    2601603572.17    720264373    783772242NAYgyJWLYJBEBsHyewWRGxACUqRMXHbFXaWCEBYtC                   
19690127-053442FIN196911969010119690127    4161448227.12    1845028489.50        7.60        7.11        0.44     893054843.28  699406177411.35    4947845987.67    242732078    259355241zScyndwxOcLUXIwtrdKPFPDeQiYudN                              
19690127-083445FIN196911969010119690127    3952738956.61     301885222.17        0.94        0.84        0.08     507680930.05  618562278318.65    3270432585.75    319555149    360626483PMNYJnJMPCCmaADPAOFKyAxrSKTyUpAeDlVFBpxMZ                   
19690127-160847FIN196911969010119690127    8665972458.67    1163651031.76       64.46       56.26        0.13     455544360.35  198793024339.78    1519692959.56     18051536     206838130000000063
19690128-002510FIN196911969010119690128    2779315405.46    1357202482.92        2.01        1.77        0.49     259828352.85  432910067014.34    5732877300.12    674123774    7681797590000000139
19690128-022351FIN196911969010119690128    6033407597.60    3797237186.03        3.97        3.54        0.63     212941307.67  970630194531.70    4787378758.87    955453130   10714456170000000173
19690128-034207FIN196911969010119690128    5042085131.70     459237636.19        0.99        0.92        0.09     997424482.16  902238071583.78    4650859089.24    464525003    5007502200000000003
19690128-123134FIN196911969010119690128     459324226.59     307510798.13        0.31        0.28        0.67     988749663.01  787707498502.67    4969477906.44    998104764   10817561740000000006
19690128-211831FIN196911969010119690128    1838421431.07     995466639.10        2.73        2.37        0.54     948882251.95  100349688895.75    2236796500.07    364254231    4196768750000000040
19690129-035049FIN196911969010119690129    2369341339.64    1398707556.31        1.80        1.64        0.59     476995414.73  607137770500.99    7197357767.40    775222108    853347279nWCuOsSpGHyPtnWxAYFbZJKRVPYuBpFehsjAEpnscPPBHCmXQTEmjOKB    
19690129-130412FIN196911969010119690129    7194219743.32    2173855616.11        4.45        4.16        0.30     982276507.51  569621205545.77    1716417192.69    488933040    523133831XKJikResIVsVDCWGBAYPKUYANPCKOPDtDFVzLoPeIIo                 
19690129-202634FIN196911969010119690129    1766547436.88    1207669744.77       95.32       81.54        0.68     108722241.41  301688906340.67    1801725000.50     12670239     14809882PGOaqMuwLDTTjPWrMDussNVHZXubnSmEGOCkVPtNDOsFeobEUHRiVIR     
19690130-034257FIN196911969010119690130    9032725622.83    2672496543.60        3.94        3.82        0.30     280751254.97  610157212981.60    6915377104.54    678892000    699660749TVBaQTDJrwGqJVGCBssskBnDsDMLUWwziNkIsfdVbcTmSYVg            
19690130-151924FIN196911969010119690130    9992718771.90    5466021938.28        7.13        6.99        0.55     818768924.15  613024917994.77    5714245653.53    766423501    781760309HRPhstxkLDWAVdzSPsLXGJLcoFvDLVfcNWnxUMaagCQE                
19690130-224951FIN196911969010119690130    8679658440.67     614734044.32        0.77        0.72        0.07     399357608.41  766113511144.09    2288966058.96    794089497    8535825600000000101
19690131-010806FIN196911969010119690131    6190682265.16    3688320727.73        6.18        5.94        0.60     176238193.23  674830698361.48    6314088912.19    597124767    620429778CPbjomnFaRefNvPPeEHDjAzPjOyYJWrUltlm                        
19690131-065410FIN196911969010119690131    9694560708.49    5056121297.89       22.57       22.21        0.52     737681909.99  176249107116.22    9547104488.40    223985232    2276091970000000133
19690131-152144FIN196911969010119690131     158489329.52      65492341.39        0.14        0.13        0.41     761076600.44  558934476700.88    6734385155.97    459298478    4919765290000000136
19690131-213031FIN196911969010119690131    5284938805.56    2535500399.05      209.90      179.49        0.48     616810229.07  251946530756.36    1034447130.11     12079826     14126515aoTgMQQOVPapOXWxUW                                          
19690131-215736FIN196911969010119690131    1310645758.77     474893763.06        0.55        0.52        0.36     145985279.49  304836973593.76    9110731285.25    867987527    9213020700000000152
19690201-013157FIN196911969010119690201    9337315118.60      96631578.60        0.11        0.10        0.01     758067228.89  436294966796.27    2046783555.90    841820290    928410075BUJliDksNtDYNWtXQNvxDqRcgLvBFezlasHGMAKJNGW                 
19690201-093051FIN196911969010119690201     843920423.02     380334634.19       76.88       67.52        0.45     420970054.58  562910141685.59    8353082043.00      4947198      5633234PGDBgEZqRneMoLzzQWIWKPqUm                                   
19690201-104848FIN196911969010119690201    2140342272.40    1278847060.68        1.45        1.33        0.60     864732990.47  877166850409.57    5795309006.58    879935508    9647048960000000113
19690201-195853FIN196911969010119690201    8681843192.21    2982022623.60       56.67       52.40        0.34     775853894.42  180069145807.53    5096854800.86     52621578     56912235rtvXjMZLWyppRKggFIsVfDxWaVaCqEbTFrGyRfGXYUZ                 
19690201-205304FIN196911969010119690201    7979988488.46    3785558350.84        6.86        5.83        0.47     187889394.30  702086773383.56    3184520420.87    552013317    648897974vMkEAwzBRVKHYlXXICHbITBQiEsbfaGUxCi                         
19690202-015522FIN196911969010119690202     664619917.66     298475179.60        0.58        0.51        0.45     681083744.05  857040498944.93    4284956806.67    517567837    5815296830000000266
19690202-112152FIN196911969010119690202    5998466083.99     939001360.04        4.04        3.64        0.16     970570185.95  286006590993.75    3556457113.78    232360097    258173491SlPaNtGSguUSBkeCnLDlqiFOAPftmaQ                             
19690202-152023FIN196911969010119690202    2593304287.67    1455474699.95        4.44        4.29        0.56     674243297.38  803043013850.60    3929948089.12    328020262    3393107740000000214
19690202-183342FIN196911969010119690202    3892379631.05    2368680068.10        2.62        2.55        0.61     120208077.89  154042079582.17    9464785195.31    904146923    930167213nFkXCFIQQcAPOHRuYtieKkGSZpAdCmvxWPuheWUSLiFkN               
19690203-023333FIN196911969010119690203    8617526698.24    4167090070.99       75.75       67.62        0.48     524498965.80  493742934765.75    7315728751.51     55013591     61624663islDxjbYuuioiSBDvEVFXWIdWskRdMJVCqTdMGZHIJYalOLQxlmcyrXl    
19690203-041611FIN196911969010119690203    6425545968.57    4185474705.67        7.01        6.15        0.65     604629759.20  418942249139.80     447485944.32    596701134    680807525bDehSFMUUzvBayHEfHPXduNBnPkf                                
19690203-130925FIN196911969010119690203    1728373861.61     767316370.71        2.49        2.14        0.44     987654191.35  405981724418.37    7307901085.27    308401155    358747896jnhGOQaSGPLzBRc                                             
19690204-002524FIN196911969010119690204    2533162460.13     993032081.23        1.57        1.36        0.39     999053123.21  900500907927.59    5554538095.40    631259772    732746046EfJsxyQXPtapRNKCSPqQITlQBpykYMLBIWPDLpTrHbGMNqVIizY         
19690204-040816FIN196911969010119690204    4343715055.31    1586583387.92       10.68        9.78        0.37      50591743.35  866820481393.39     219984471.17    148571270    162147911eysebWKLNGxQYYIFsJdhFuWyXwLTDJxAKCaDTVAUBoodItsSQKDEE       
19690204-141424FIN196911969010119690204    6491437405.67    2341449557.52        8.18        7.13        0.36     602607618.43  448472974171.38    3850741752.13    286073477    3282405800000000298
19690204-160743FIN196911969010119690204    7282516293.54     448358939.26        2.04        1.94        0.06     886782642.85  833094727773.41    1295871042.42    219851137    2309286720000000111
19690204-174921FIN196911969010119690204    4873871581.13     677288177.75        0.87        0.82        0.14     352428028.71  278707448730.11    9358853020.36    775415280    8306091520000000072
19690205-023018FIN196911969010119690205    8059691194.06    1722893188.74       12.25       10.39        0.21     422943991.13  368030236661.91    7926904279.80    140664182    165821698DLOqrAMsniZCUBVpOTjUgaEEZbqdWYSFFoVQs                       
19690205-105042FIN196911969010119690205    4132476302.20    1420698958.17        1.80        1.70        0.34     326735077.15  586580598697.85    2648341377.35    789003049    833716863gxRDKFSvPlmeIOeEmKDFgLkPgZLTtoGjaHHWZjKtlLUyZjfjUTUOEdaZC   
19690205-124544FIN196911969010119690205    8757186375.17    3304750277.49       11.44        9.59        0.38     940062803.20  651804792812.59    6325849466.07    288886055    344460802PrUOUrQLXqHHkOiKmPkdWAARpnrzHGeYEQPTiDsIqFQXlG              
19690205-130054FIN196911969010119690205    9556964872.02    1302089628.74        4.65        4.05        0.14     145569458.75   43120709084.29    1990716697.06    280027705    3214825700000000015
19690205-182622FIN196911969010119690205    4454256580.12     997515262.03        4.25        3.82        0.22     571303452.44  823636483417.60    7052550744.86    234631789    260793873MJOKmcrjnDCVkCwkujWhFZN                                     
19690205-202040FIN196911969010119690205     376479407.64      76495427.86        0.09        0.07        0.20       8702662.12   30632731324.47    4881968186.84    892201784   10435982580000000275
19690205-230908FIN196911969010119690205    4585167326.96     915454536.30        3.55        3.45        0.20     285797807.64  864869255877.42     326674865.86    257890112    265675777LHnMREWDjDZXCkckgXuhzTJDNNEVGYI                             
19690206-060522FIN196911969010119690206    1770625045.10    1148591251.49      162.20      138.56        0.65     487897916.63    6807669803.35    3655723603.24      7081412      8289395PMgDpipjuKrTIpAxZtGGvOYns                                   
19690206-075439FIN196911969010119690206    6579972876.93    2195380270.69      644.08      538.23        0.33     157034161.85  666055331747.71    8841214570.48      3408566      40788960000000254
19690206-172143FIN196911969010119690206    6982030598.14    3262326007.70        3.30        3.15        0.47     943099305.79  997986018937.54    6410787585.38    989395821   10363446360000000244
19690207-025342FIN196911969010119690207    8813666741.22    2922855848.92        8.89        8.65        0.33     459197330.95  777158250548.82    9580601177.83    328601861    337994560GTXcbujiDrVQTNanRXNE                                        
19690207-114932FIN196911969010119690207    7243168931.03     373192698.31        0.46        0.39        0.05     565347078.67  902388282631.63    8867985164.57    803281220    949573937jsZEGZnyIEvAQcFFRlbgQmiCuyGHaHDzDwGgmCfNAmNhk               
19690207-222726FIN196911969010119690207    6088503547.22     573957489.84        1.00        0.84        0.09     738940809.56  171234647334.96    1927576917.63    573594037    6840324020000000032
19690208-014505FIN196911969010119690208    2380560245.04     192837656.45        7.94        7.19        0.08     464392045.24  445713239951.86    7301315185.87     24299821     268289310000000145
19690208-121622FIN196911969010119690208    5824221741.25    3486043199.12        6.73        6.39        0.60     360977379.60  554554096094.92    3492258965.32    517623913    545127561AToJyVSeyYfppHUShGWU                                        
19690208-143258FIN196911969010119690208    8745835772.11    4277406520.50       10.50        8.97        0.49     753457020.15  825711772859.67    6892011011.73    407198731    477116383yRflLhHvroMJBNHcMIDiQuHspAHUTFVE                            
19690209-020308FIN196911969010119690209    3541554979.49     583753691.90        0.62        0.60        0.16     407388832.13   39636080378.70    6943881098.66    937556580    975517556TenznxCxDNREeghHodWME                                       
19690209-075753FIN196911969010119690209    9588440365.89    2864938854.22        7.05        6.84        0.30     532467582.99  372198334587.60    2040551820.65    406240477    419012387GCuinPDvwNejloIRTkgEypWMqgYu                                
19690209-132116FIN196911969010119690209    4072110089.59    1659846365.76        2.46        2.09        0.41     312987675.22  792885335946.57    9102770613.67    674951149    795951874vZBwOIPtecNjyUIYbxuDSByWKdehmvEaye                          
19690209-172113FIN196911969010119690209    2176137957.93     657840503.51        1.71        1.44        0.30     301591102.30   19146132108.54    2276354753.54    385445981    456655938VrTzIgeTGTFEbFiFBEbMvRuGcG                                  
19690210-040207FIN196911969010119690210    2959675626.71    1927493535.50        4.59        4.26        0.65     309720891.86  216008127291.29    8438786214.69    419613281    452463795nJgDmxalbZMjehwzTKHgRRhEstWQSEDBlRhSmYCUfAPFvuhBBbOwQbNKdVqs
19690210-060155FIN196911969010119690210    3450483991.74     312373664.61        1.66        1.62        0.09     708736601.25  390216380949.34     258356386.82    188687770    1929748270000000241
19690210-083037FIN196911969010119690210    6005103811.44    1311683934.07        4.29        3.93        0.22     975484168.45   19432878863.65    7950791046.78    305915399    3339220950000000206
19690210-170624FIN196911969010119690210    1577099605.73     970866772.84        4.30        3.63        0.62     400578372.41  683208328368.41    3511320331.91    225584208    2677697520000000149
19690211-045046FIN196911969010119690211    3442222016.11       9992417.94        0.11        0.10        0.00     253128589.17  193592997763.57    1260056999.24     91629832     98756373GNPmEJpuhWbXsVlnIW                                          
19690211-134320FIN196911969010119690211    3911981300.62     242373957.95        0.46        0.44        0.06      13284068.81  981907383040.15    6440172723.83    524723363    546698172LRYKYZXBcxmTSSowQAFUfTJRSoIvPgvimQgPedHDROTgzAImiQMWqxVFPKu 
19690211-164155FIN196911969010119690211    8621182228.75    5604224082.14       13.20       12.65        0.65     358575537.27  265338990842.35    6878819347.89    424489745    443084071KCJKxaPQOADwZRgyHQNktTTmwqOFwPjbiFVZIUZJwSKLGIDsVEuGvpOcUta 
19690211-212634FIN196911969010119690211    4860015847.97     450559341.97        0.74        0.62        0.09     753282898.41  847709899060.13    6330447952.19    608582389    728110576LoSyvUwXvGnKexKhSbbtArGnpUcArarLDzSDOEMMZBwKPwRuADFxSFJ     
19690212-065213FIN196911969010119690212    2947311016.34     994308881.43        1.95        1.82        0.34     817683807.31  574106827480.65    6347333777.82    509419510    5476292640000000192
19690212-110520FIN196911969010119690212    8893405520.72    5476644077.88       16.87       14.63        0.62     255846662.20  839391051299.91     631758126.76    324586109    3743740230000000297
19690212-154846FIN196911969010119690212    6824457690.39    2668141317.87        3.41        3.09        0.39     372664503.90  584253892247.78    3025488869.10    781307461    864539725sOinkIiTdaWTBlAuXFDL                                        
19690212-171922FIN196911969010119690212    9922973075.05    1430328891.01        6.93        6.70        0.14     387046560.86  405519549301.66    7921184398.96    206408505    213403163ZbIHkwpuyIoPKgDJb                                           
19690212-193515FIN196911969010119690212    8603265881.48    5247261463.27       26.79       23.08        0.61     537271326.60  915467769913.36    9607869299.04    195867043    2273832630000000248
19690212-211449FIN196911969010119690212    1878754093.80     404418517.37        1.47        1.31        0.22     897698888.45  868120318548.27    9969232697.69    276021055    3095554130000000195
19690213-010229FIN196911969010119690213    2249086456.10    1266804786.17        7.35        6.67        0.56     775714519.20  177320494383.45    2862723992.71    172403331    1900184550000000212
19690213-082240FIN196911969010119690213    3886377229.19    1085956520.41        1.70        1.45        0.28     680448553.44  357888307586.32      45227577.72    639506488    7465781780000000007
19690213-162514FIN196911969010119690213    7326931120.26     492460303.94        0.50        0.49        0.07     842528884.89  298726470802.06    1334012106.91    980638018   1013119109YNouztDEEgVJnWzrV                                           
19690214-034723FIN196911969010119690214    8789088471.54    2982240951.80        3.18        3.10        0.34     263744879.49  973258632306.15    6692781421.73    939004997    9614518630000000207
19690214-041218FIN196911969010119690214    4123249718.76    1357290671.72        4.44        3.81        0.33     170026451.82  255321347286.19    9290997948.41    305463382    3561807150000000026
19690214-065755FIN196911969010119690214    9732631010.82     720037431.50        1.17        1.10        0.07     392568226.62  869699110209.08    2997686107.88    614034490    6516416140000000102
19690214-101212FIN196911969010119690214    1195260641.22     588336738.11        0.71        0.62        0.49     229294403.34  669796892138.39    3483611051.84    832129122    949627796GKXARCFbFebKiAlLUJXKJgRjmqXdAQcnJFJAKTzRouxMxMVkXQMjtVZu    
19690214-162258FIN196911969010119690214    6455051132.56     463592508.45        0.50        0.44        0.07      30680190.37  986471855556.56    8082709807.06    933793429   1045087191JBVGSITqKIBgMsApVRYnGNZpUBBPdFAEAS                          
19690214-201421FIN196911969010119690214    4928607752.18    2183864137.84        6.04        6.04        0.44     957807924.25  658503090197.64    5460928213.96    361456138    361684726VELaUQOdSXNyTHhDamJSbUBYvHwFfMqwEXvpFQ                      
19690215-054051FIN196911969010119690215    9650460623.75    4736170822.30        7.27        6.50        0.49     678375140.70  401698321592.80    1265594232.61    651291375    7286184240000000273
19690215-112303FIN196911969010119690215    5927646731.22    1860480055.88       19.78       16.94        0.31      90941167.98  485937902485.52    8255810969.08     94058887    1098254620000000265
19690215-131742FIN196911969010119690215    4340690797.65     880953509.94        2.46        2.09        0.20     551449882.29  518255472791.78    3331599468.63    358430683    420963959OlslxTufUjgVqUKlDwLYJDtrIxgvIYycycdzidIpeTImioCYDZ          
19690215-180221FIN196911969010119690215    4022158134.33     680797996.81        1.64        1.48        0.17     358923068.52  866736485791.87    7025535675.02    415367300    4598631500000000045
19690216-013249FIN196911969010119690216    5482267512.86    1403577320.26        7.04        6.56        0.26     259257411.44  914677949548.43    8094295912.57    199378887    2141124090000000048
19690216-034647FIN196911969010119690216     602372726.84     365423218.89        0.93        0.86        0.61      35849849.06  895250139564.36    9191046155.26    393370807    423128723gIOONPxnQUwBdFNEMLBUXdUbFPDWDVOVnWIIMRpOMbaMGipmCAICpjncsHs 
19690216-063812FIN196911969010119690216    4078312203.87    1575271330.44       35.75       34.93        0.39     810215180.26  718647009984.30    7109217798.14     44058249     451020690000000213
19690216-100930FIN196911969010119690216    8754159775.16    3464979284.79        5.59        5.15        0.40     622778071.99  844188774609.34    1785928652.94    619712971    6728988630000000287
19690216-202549FIN196911969010119690216    5500401238.84    1045528567.37        1.37        1.15        0.19     934940980.39  129020939311.54    8082011947.04    762250704    9102029530000000050
19690217-032400FIN196911969010119690217    8934694865.75    2357257768.17        2.93        2.64        0.26     650605350.20  840611324144.01    8797239818.03    803288373    892956728AfDkGRBIGgPbCvgzXEwBmooWPMDGXDMALYcTFCMBMksSbHCKZoGe        
19690217-141224FIN196911969010119690217    7780519159.94    3177460035.23        7.50        7.14        0.41     838968050.25  790526054616.35    7864722905.57    423874140    4449072330000000082
19690217-192857FIN196911969010119690217     513473967.20     123709598.42        0.16        0.13        0.24     145638717.88  622875858599.92    1212234012.02    794534494    9307024600000000142
19690218-054205FIN196911969010119690218    7558172681.93    5077694174.24       13.34       12.63        0.67     175132760.53  983665689157.62    7238636114.25    380680278    402158331NFTuJAFIlmSrWNg                                             
19690218-145109FIN196911969010119690218    6181586826.09    1120632633.19       28.23       24.27        0.18     423195229.49  399693703636.54     248091099.56     39703216     46170846jClHOCWMwRFQDLmeVIqIBlHCVYexjVDLzNBVHQOYUtI                 
19690218-193111FIN196911969010119690218    8111155735.99     606319230.95        0.61        0.55        0.07     705757792.61  225562655017.06    5932106684.90    995713396   1105770448HoXPnLomKQvtWTYKNrIhTKpwlT                                  
19690219-023131FIN196911969010119690219    7832599014.51      47629843.55        1.00        0.97        0.01     687547225.56  632279191374.81    4957917668.70     47734057     491680920000000260
19690219-094444FIN196911969010119690219    8022799384.75    1041699612.69        7.90        7.19        0.13     786851689.55  123783769026.56    5830652203.00    131848173    1447846560000000250
19690219-104209FIN196911969010119690219    4003581255.97     803228179.20       17.49       17.09        0.20     378967041.92  499605389436.68    5480370022.60     45922816     470007020000000282
19690219-142952FIN196911969010119690219    1108074888.26     619996485.21        0.75        0.68        0.56      32346469.72  292993452056.14    5734883510.43    828607157    907396603rIjKQBcuJJFJEHvMVNtVHWeJQexomKDiRtcXSLqgAxd                 
19690219-174404FIN196911969010119690219    8932914384.05    1416019580.38        5.51        5.07        0.16     584140514.90  432465761621.12    5533706929.79    256956821    279474268rjkmNkyRrYnpSUDcOqIviweufHAQzFKBSXsYPAcKkbMbBVsEUWMNMRKJZK  
19690219-234909FIN196911969010119690219    9972547325.63     889437327.68        1.52        1.43        0.09     986947538.40  591088129345.84    4850479674.02    586159464    619957217THVJKcSJVNsCshDziTFfMUfvDnfDXOVOgpxvKDj                     
19690220-082247FIN196911969010119690220    3695671429.21     815923812.95        2.98        2.73        0.22     412194597.06  554827796365.52    3959875083.06    273713567    298954317DRNHqMCixoAPPUXBkC                                          
19690220-141539FIN196911969010119690220    9234311934.47    1859349506.45        7.74        7.59        0.20     781521730.63  886200824289.49    7278786292.77    240345268    2450801790000000123
19690220-173201FIN196911969010119690220    7370362250.33    3980676622.68        4.18        3.80        0.54     839455913.85  603736902676.06    4941608128.17    952943592   1048701423ieIyBwMxVgOHXKQlnyDjuAKXXV                                  
19690221-013145FIN196911969010119690221    6738704386.37     700687298.55        0.80        0.69        0.10     834560561.89  849564382556.07    2383654215.77    876678450   1008470610WOFtlCxUWNFUBhPDqICgzRXmPJFjQHnAMFPgEkJmjqndJT              
19690221-022210FIN196911969010119690221    4800412054.67    2105420979.36        6.18        5.26        0.44      52782093.07  535359945457.92    7321006066.63    340624890    400078077rRUOtDMrYJJyXVuWMQpcxWklhjonfrKAyqNIkAVJ                    
19690221-114323FIN196911969010119690221     867698230.85     476776820.40        0.58        0.55        0.55     731265753.93  161827192388.56    8116900365.16    816254277    873610583rqMbvwSCBGYCGMEPKQeELcTKYUzuwRMWTqYPIirIgRbOCStxEXLeiAEZJCb 
19690221-160120FIN196911969010119690221    5596720081.86    1874051727.48        2.24        2.03        0.33     157101419.73  399988656370.33    6204938239.08    836810496    9211631640000000257
19690221-182633FIN196911969010119690221    3046591791.68    1408378144.13        1.43        1.37        0.46     653932091.88  420218107818.86    7507591651.85    986373589   10250222730000000247
19690221-233750FIN196911969010119690221    5004799448.83     236194100.35       50.81       49.89        0.05     137803106.03  578873183541.64    2760508037.34      4648209      47340080000000305
19690222-081225FIN196911969010119690222      84090485.79      57343284.56        0.08        0.07        0.68     876002978.08  251303629253.21    6111985737.21    725223142    799614621XDnNdfGcCiNIOwdZoWMTZgVYEOsHLSH                             
19690222-091650FIN196911969010119690222    8734768361.63    1033917747.36        1.10        1.09        0.12     983470625.75  262710639838.66     787186492.60    942587199    9476412780000000098
19690222-191547FIN196911969010119690222    5267357627.80     659005793.19        0.84        0.84        0.13     709767997.61   98823304857.65    6379226852.47    781131599    783454627jaaLOswAWNHAAHrSJdoSSzDViOJjUjQtYhYJQkHMYPSJxGEVzPMFi       
19690222-235636FIN196911969010119690222    2274290483.16     451805385.75        1.36        1.25        0.20     985811053.11  790216843216.61    6167950289.61    331832576    3621687340000000083
19690223-061755FIN196911969010119690223    7908699747.52    5408830107.81        7.46        6.28        0.68     417414321.82  930117772997.82    6931370307.08    724599540    8605952240000000117
19690223-113239FIN196911969010119690223    4831502448.36    1830553937.34        7.97        7.32        0.38     947954289.98  738100724039.13    4194519555.57    229737253    2500330910000000161
19690223-213212FIN196911969010119690223    3715222912.89    2093986088.19       15.90       13.91        0.56      58577370.32   96434393139.47     980721029.32    131703780    1505554650000000179
19690224-053838FIN196911969010119690224    7145412285.73    3784175892.62        7.01        6.83        0.53     800511802.31  177049200792.85    9897892815.35    540206265    554316032kkhSvCsfgbDUvsiZWtPQwjkYPwKrfTUFMGMCWCBXBcOcTkaLSudO        
19690224-081104FIN196911969010119690224      45415330.13      13479740.47        0.05        0.05        0.30     854775007.86  815513169852.34    6455963999.17    269663278    273405830dGTSaPOJMHvtCCHelvrPOQXnY                                   
19690224-140654FIN196911969010119690224    8099470789.49    1323464546.40       12.65       11.58        0.16     407339757.19  414740795262.59    5716490615.33    104582310    1143067370000000286
19690224-230441FIN196911969010119690224    2296750548.57     532076082.79        0.64        0.60        0.23      23183838.91  319426219567.12    2869949220.77    834820003    892317358BTcRMijTonYBrhazpHBBVPDwAoCnJHehvcnyCdyGDsoOYCPKTQBo        
19690225-025426FIN196911969010119690225    5870819659.67    2607946901.52        4.78        4.77        0.44     509001867.96  765407751914.40    7342102544.93    545788603    5463589690000000181
19690225-082525FIN196911969010119690225    1149954533.85      85280606.71        0.09        0.09        0.07     713833714.62  370410369825.17    5007312783.26    938623025    9787022400000000058
19690225-171540FIN196911969010119690225    4559038542.10     343756057.25        0.96        0.86        0.08     175112232.24  650835355728.69    8630741138.26    358569769    398251404PTNTHCLWsriUMNBFhDQDGtmBPPNiLOSaNy                          
19690225-184524FIN196911969010119690225    1128764559.32     494907292.77        0.74        0.65        0.44     108519966.78  551507652954.74      80095612.48    670608795    762108936JjvAHUzFzhxIKKUaVgoqAB                                      
19690225-214839FIN196911969010119690225    9305824183.95     964423801.23        1.64        1.57        0.10     941708360.12  557537893553.79    7958318778.13    587927654    6134476470000000159
19690226-091027FIN196911969010119690226    3108577640.41    1524973309.66        2.33        2.26        0.49     325695499.90  603501068178.21    7789541947.31    654431983    6758600230000000001
19690226-144323FIN196911969010119690226    3099802924.18    1182230020.37        3.68        3.19        0.38     398485466.17    3569602783.41    3488563177.07    321544068    371050683caTSWZAZArGJdoyLThaWQbFTpAgqCWU                             
19690226-194316FIN196911969010119690226     902857769.58     202119762.84        2.48        2.39        0.22     204596705.17  929708625811.37    3960281201.51     81489327     84559006PozAgYtmghzwqacMhOFSFF                                      
19690227-053340FIN196911969010119690227    2832009168.44     989676076.07        5.11        4.81        0.35     875100649.37  771748178209.92    6066654068.61    193730025    205689822UXKSWgGTVwuzWNnUV                                           
19690227-104057FIN196911969010119690227    3625925913.24    1457083739.61        1.78        1.75        0.40     984148115.32  248375528523.38    9024397398.74    816787808    8303468170000000295
19690227-131409FIN196911969010119690227    6060708962.86      23528665.17        0.03        0.02        0.00     287267094.65  310984605574.21    5929021366.87    902104455   1053353389mzNoQBeBzrOEMnrTNGzsEZAXnVmRqtERRLjwkZcXjeCqBOyaoBeBJv      
19690227-143724FIN196911969010119690227    8139003290.86    4892815159.68        8.98        7.49        0.60      40670984.42  875071846351.01    5249070396.83    544589353    6531956790000000019
19690227-230122FIN196911969010119690227    7012526164.54     629739817.28        3.80        3.53        0.09     176246550.81   22479791249.31    4503389071.73    165617598    1784824240000000095
19690228-052922FIN196911969010119690228    3761381447.51     663231717.61       12.49       11.07        0.18     606543241.13  152449443581.87    2146910049.61     53097932     599323590000000051
19690228-074532FIN196911969010119690228    7622688153.15    4007167287.63        9.73        9.14        0.53     313377795.78  764978160430.92    5703037307.02    412009170    4382047380000000280
19690228-112248FIN196911969010119690228    4195667073.30    1342780884.02        9.17        8.81        0.32     122119091.09  553021573649.06    4425341639.91    146404238    152485957RpRNXSNCaINbvfILmr                                          
19690228-122347FIN196911969010119690228    1908087092.51     937886841.39        3.98        3.94        0.49     780441331.33  371271179850.11     427078342.39    235699325    2382375660000000264
19690228-185849FIN196911969010119690228    6619557719.51    1564118493.89        7.88        7.66        0.24     254154526.14   10347836474.31    1964336621.82    198599465    204288150BlzKUNpcdbxQGHwUAaQlIXGgyZmHnyRREOKBwpXvXwwWEOWiNJVMXWALS   
19690301-000018FIN196911969010119690301    8585147885.46     783700078.38       22.26       18.83        0.09      51530261.66   89355459033.29    5007101119.59     35204474     416133670000000199
19690301-094342FIN196911969010119690301    2747906273.91     218405688.60        0.56        0.52        0.08     742277018.46  603190524879.80    3749691881.52    391536703    4232299790000000164
19690301-132009FIN196911969010119690301    5454539283.38    2817686319.62       14.78       13.35        0.52     422917588.35  294641871345.81    8547284697.84    190605201    2109878990000000304
19690301-154637FIN196911969010119690301    9520484335.75    3930567293.69        4.55        4.39        0.41     528914340.48  120914818849.07    7847109372.52    863002686    8947800060000000225
19690301-194924FIN196911969010119690301     598576450.99     379548826.91        0.63        0.53        0.63     478487874.43   13403180289.37    4491517556.36    604940247    716970809BELJVClFSUDWQNFrxaHxDDEMSOMNqTeWbFtIh                       
19690301-230405FIN196911969010119690301    6660517250.65    2197131304.79        7.73        6.79        0.33     524896035.73  772918430076.44    7876699204.01    284155265    323491948CVRXvUkWOxdMcWRMhABiVpiKwSnFEzHzbbeQ                        
19690302-033335FIN196911969010119690302    2960340244.43    1989331615.75        6.00        5.61        0.67     155563191.76   54024092492.58    1803622612.58    331333149    354862552FTdnKnXaMJFAYPMbDwkeJWXaRWJUQxtKKejCzvGmFmE                 
19690302-090649FIN196911969010119690302    7353780505.72    1913797881.71        5.11        4.89        0.26     373058247.69  933667364970.04    6929132537.28    374365602    3915511330000000092
19690302-184716FIN196911969010119690302    4041630238.66     369739129.61        0.43        0.43        0.09     688325685.65  336803739573.52    9603304265.09    851341323    8614992460000000227
19690302-203255FIN196911969010119690302    2889460311.75      29000289.10        0.09        0.08        0.01     980928897.10  403026224902.44     958613920.22    337287005    362984809DEHfUUzIhtZXgmgjjNRGVamTsNOUYxFB                            
19690302-233839FIN196911969010119690302    5311586662.50    2480780716.82        4.11        3.74        0.47     741125653.35  316074450803.11    8183377178.80    603662258    6632493910000000174
19690303-073544FIN196911969010119690303    2071213020.13     107999259.68        0.26        0.24        0.05     128675087.44  601331403717.70    5254376775.46    411149847    4547923400000000009
19690303-075517FIN196911969010119690303    5150586192.60    1882297908.49        3.92        3.59        0.37     756652092.81   38821946884.15    7784049142.43    480724843    5241155190000000285
19690303-183058FIN196911969010119690303    5139349193.35     470758225.15        0.49        0.48        0.09     651943890.01  128685035932.77    8882777159.95    964717723    9707821180000000194
19690303-184958FIN196911969010119690303    6134737451.54    1871023759.50      167.72      159.67        0.30     858725002.33  780203347221.09    8181968586.74     11155655     117183230000000220
19690303-232138FIN196911969010119690303    2065559634.58     240280982.35        0.24        0.21        0.12     701725587.93  242200091455.33    7539334033.39    987430042   11481873810000000033
19690304-092231FIN196911969010119690304    8469925963.37    3942798654.61        4.67        4.05        0.47     410233812.24  256111070710.47    5036602958.93    844861785    9733100140000000109
19690304-183814FIN196911969010119690304    7672385649.69    2052790596.52       10.38        8.82        0.27     408562327.91  779191107648.06    9682080004.92    197715610    232850880KCkPotwrqSQFGNsyRmfAqMDPgLswKnMFgi                          
19690305-021708FIN196911969010119690305    7631851677.91     915531784.65        2.48        2.12        0.12     474861255.67  990793269163.20    2898734517.32    369472882    4324144540000000146
19690305-021722FIN196911969010119690305    9055420266.86    3764897050.57        5.29        4.77        0.42     451432153.93  825646738410.11    3520641495.27    712303498    789779702XPYWwREHirMADmROBXocGdqVwGpRbYAxjALISGHgWvZCVIyLoOVQDVLf    
19690305-102303FIN196911969010119690305    9302831266.93    3623715900.52        5.44        4.95        0.39      42481546.92  675825954840.59    7395775148.39    666551826    7326659500000000172
19690305-145822FIN196911969010119690305    5982460728.54    1394864683.00        1.46        1.31        0.23     772389617.78  193866677928.16    7243342637.98    956858016   1065397952vnbESGDLPDBDVwsKNSXPqRYLGXjuxVJrQDsEcEVAYIyXWMFThaGbMIZNd   
19690305-163617FIN196911969010119690305    2204621603.95     258972367.52        0.61        0.58        0.12     319440118.17  797295289629.68    8466159197.54    422341383    446891188qzuJbEnLbLOlOtyvsWNfYJGAxriKRxn                             
19690305-195634FIN196911969010119690305    7927229086.26    4967916279.80        5.50        4.76        0.63     215981877.21  722438199969.75    5170325393.10    903957646   1042782841HGWXWbILzcchjkkPJiLFhFtRiU                                  
19690306-064922FIN196911969010119690306    1931996157.72     149341108.73        0.17        0.16        0.08     958076733.96  902375515260.99    9942353432.91    893285251    941522916XCSbLIHwrFuenuhOSByKxXLBgIFHMySpTKhwCpBNFKAUeCzkBgyOOJfH    
19690306-143339FIN196911969010119690306    7387755751.93    3688035935.75        3.94        3.84        0.50      82213722.63  996018763402.22    4213415240.90    935735033    960324483gDqcCBxupXLOeBnjyoDuJKKpXXazMTBejzLaoxVkzpfVHbeQYNnEL       
19690306-144617FIN196911969010119690306    1512436294.83     235602613.90        0.29        0.28        0.16     591090406.54  173772799637.75    9448688861.02    824867784    8406563100000000087
19690306-234558FIN196911969010119690306    7455802190.55     721234786.35        4.55        3.94        0.10      43349882.78  973794137377.95    2363103287.00    158376782    183097784jlkBZXPcVEbEkvquHcRWHHHVGNQxJWnBWpCCCKENWGMjHFABR           
19690307-054757FIN196911969010119690307    9317179340.10    5815145728.78        6.66        6.52        0.62     936995380.77  167699681020.65    7820990222.03    872971132    891622556GQgODZYcTEajaEMYDrWGoMdiJOENBaMGcnwYwuNTRPoOXXVjWD          
19690307-121053FIN196911969010119690307    2300731744.22     912206675.77        2.18        2.00        0.40     580873964.93  274955588181.19    7371008502.47    418774431    456324642vdHVNrdOsIrMwKVkVqSWHZdImDBjZqUdrAJUzFOPrUum                
19690307-125310FIN196911969010119690307    6893097211.07    1302607238.37        2.19        1.92        0.19     832017449.69   54015222547.50    7518719652.07    595218217    6783113670000000170
19690308-002221FIN196911969010119690308    9507278285.69    5574303039.47        8.56        8.39        0.59     805620686.74  469539258661.42    4362408690.59    650833864    6642540850000000143
19690308-044925FIN196911969010119690308    6540599520.43    3674424230.27       12.78       12.20        0.56      46265438.80  640560729485.86    1507372946.16    287535489    301265029hCIkVIvJidHWGGsWThefmBCBIpBflWhkDDnl                        
19690308-090916FIN196911969010119690308    3204007856.70    1164647490.62       11.02        9.46        0.36     161065790.14  673584472975.15     319851613.52    105659278    123129133kJTVsPPMjDHFLxKm                                            
19690308-171323FIN196911969010119690308    3059365550.69    1032268543.00        1.31        1.12        0.34     500412750.92  890966167448.44    7541916271.20    785704874    9186611220000000303
19690308-193116FIN196911969010119690308    1249363167.54     433881045.77        0.55        0.50        0.35     359293838.63  855355070609.81    5816290973.61    783923061    869121987VyLBLWJZWFSSHQOpVgOdCcrmUztQMuIKDzfn                        
19690309-054834FIN196911969010119690309    4765398445.77    2096475391.36        3.37        2.88        0.44     342175084.85  291557072044.08    8464226710.03    621533292    7284698780000000262
19690309-172552FIN196911969010119690309     532164273.82     124174459.60        0.14        0.12        0.23       9858751.88  395553251269.26    9027741679.79    866083751   1027924721BBjnRjSGtZjneIEWFBAsWQhyXIByDhVQqgblgSWLNztfSnROkRGWk       
19690309-192603FIN196911969010119690309      69883854.48      41080771.79        0.09        0.07        0.59     365954727.79  946122516490.16    6714312202.42    481342735    5600207100000000180
19690310-002508FIN196911969010119690310     376940674.56     228686848.50        0.89        0.82        0.61     889629924.38   48390384657.06    9133200092.44    256794783    2783271260000000084
19690310-083235FIN196911969010119690310    7486835069.40    4250889143.76      117.15      114.11        0.57      97871891.49  652746056681.07     235751382.37     36286678     372514220000000144
19690310-135809FIN196911969010119690310    3836730196.27     123973057.24        0.14        0.13        0.03     364953476.96  719658163964.85    1316604118.65    914764050    955977858PGyStCWXuTMNSmMcKBrfVUQWskEFHeKXCHmNquHGGLzFUUDwJPEAiv      
19690311-014820FIN196911969010119690311    3008546499.47    1702146417.50        2.34        2.05        0.57     712107171.69  210167446534.61    8345376065.49    727792452    8319670880000000103
19690311-050605FIN196911969010119690311    8223507943.86     520979971.66        6.27        6.21        0.06      51229462.98   63683782653.10    4342043980.84     83141446     83855306VNUMGRlTCSQKEfjLfhaUANwnlPAHDkoFxyHfydObCUUeDgBa            
19690311-163643FIN196911969010119690311    2097848699.95    1064269940.12        1.24        1.08        0.51     879561313.62  256678393811.66     864816722.62    857897322    9849312030000000284
19690311-180055FIN196911969010119690311    1261290884.90     557480754.18        3.09        2.88        0.44     808199700.74   10691485762.65    9142434850.62    180509169    193753023QUnhNVCAxKIJrXubzRSkXhIWpAHLRQrVAkeSFefRGVHTMDbDJDayXa      
19690312-030446FIN196911969010119690312    6832114531.77    2432520300.12        4.15        3.52        0.36     288765537.32  349910093770.69     900040834.34    585825210    6909351490000000204
19690312-094046FIN196911969010119690312    8659796551.71    3885743789.97       15.63       14.05        0.45     263415450.84  892529452575.96    7446420201.48    248529455    276504276AYrIhMoBIgUBkRdxKABPjIIShjxFyaWTAsK                         
19690312-194630FIN196911969010119690312    6783289372.90     705546243.08        1.32        1.26        0.10     990449203.57  427439329549.96    8575521018.98    534506188    5581305810000000042
19690313-020350FIN196911969010119690313    3008105378.37     292893202.45        0.44        0.41        0.10      66523473.38  529970362510.37    7354596868.74    662246992    707993807zwqoWSVQjNxEZABesPNTsTeFMDMjahzJEGOmdWsrJGHpLMoVTECfyWEiP   
19690313-134335FIN196911969010119690313     548344866.13      55675424.53        0.10        0.09        0.10     706184141.39   77968727823.02    1806079626.39    536145175    5961949630000000233
19690313-174022FIN196911969010119690313    9504976504.03    2071776652.40        7.97        7.44        0.22     355962547.99  994490206241.72    6135096441.79    259915854    2783542210000000077
19690314-031554FIN196911969010119690314    1829499253.93     678156751.08        8.76        7.60        0.37     743729023.97  222182845913.92    9624821698.85     77407034     89286518zpXnOFSNOeFTFofuNYRFwMNOEKM                                 
19690314-080012FIN196911969010119690314     135446409.36      84784566.60        0.17        0.15        0.63     549208938.55  796274477069.29    8480193175.55    490899738    5607210160000000271
19690314-173545FIN196911969010119690314    8695049407.70     445157221.96        0.65        0.58        0.05     544631738.34  253716049694.03    2128963917.41    682301022    7719392600000000263
19690314-235731FIN196911969010119690314    5955725466.27     611663078.71        2.14        2.13        0.10     185794024.08  749397463779.51    2911306624.30    285946063    2873185470000000293
19690315-031553FIN196911969010119690315    4938469183.93    3089090161.90        6.99        6.12        0.63     556185270.32  499186570133.29    7864017001.30    441822003    504600393ZhIdRbKPWAgVuLWwGjiSzfUwYjCcbBxBFSBRUTWUrlOaeUrUYxllZN      
19690315-042337FIN196911969010119690315    6262897374.79     792317400.30        0.81        0.68        0.13     462094051.11  198626561691.54    5736329630.40    980245145   11709192220000000138
19690315-062340FIN196911969010119690315    4990347469.88     120789683.92        0.12        0.12        0.02     106452758.87   11169285385.08     351688943.64    986425390   10219038150000000210
19690315-071812FIN196911969010119690315    5246562307.21    1632525277.64       47.97       43.77        0.31     710609422.45  837015439403.48    8942615077.63     34028867     372973390000000166
19690315-160530FIN196911969010119690315    5971162713.02    3265290504.21       72.50       62.89        0.55     580801836.05  426343617676.61    3586091456.91     45036508     51920559kHtGiuFfPHTrsLQCQMHgHEIaeKArhp                              
19690316-001627FIN196911969010119690316    5917784932.88     418734518.56        0.52        0.46        0.07     212155437.02   23828927506.15    5011179669.87    804835670    9037262820000000228
19690316-090437FIN196911969010119690316    2633341084.34     793133067.08        1.05        0.97        0.30     671170663.61  980863216678.56    4968446618.27    756011815    818127477pDToWKnnzZZqdQIocIAFPFOfRfwAkprXFizOUUlpONRGUKsXiJIgzGEugKl 
19690316-124019FIN196911969010119690316    5191314989.35    3335688563.03       36.54       30.72        0.64     426155285.66  939660261500.07    4355385580.65     91296848    108590323MvFWFxETzIJhdDIyDWMLuczKqULEfmrbdOONwcNWwVTIQWWIHBCDXCXCSEX 
19690316-231938FIN196911969010119690316    5152210896.57    2526742417.86       10.15        9.89        0.49     608259587.47  374839892471.87     114602153.08    248998879    2554547860000000191
19690317-070406FIN196911969010119690317    5859525815.65     553377183.15        7.50        6.67        0.09     108109966.30  871380853953.40    9161289984.91     73825885     82927204klFMXmnqXiqaAzvNIJDQvfEPCAGHPKxCDoQIvqNaNlO                 
19690317-084926SECAAAAAAAAAAAAAQBCOMMONACTVNiDQWYhArOteZiQDPQbwOBdIVFVkmXhIZ tROFFUZPbAJTIRbNuOIHjiyMnsec        NASDAQ749346213    1860072719490202        0.680000000166
19690317-091629CMPFHWXSlrAsqsDyCasNxRwSLQ                                     0000000318ACTVCRzKp 1886021020635 Belladonna West                                                                                                                                           X1G 1S4     Orlando                  IA                  Canada                  Mccuaig                                       BJLdQsOMjenGhbusTpBUKwEFtOOYdIngtLHEhAbKOSrBGKPTSCbNvUUnJYCrnnGAnNwHLcRyQQjQZaGnMhLAHxsCibfPMjNNBQXuTTMHFJSGrbLwYIJRFNcPwQU                           
19690317-095024CMPGELfnxYTyVJqIPnyIWQHPQOyLJKYNHDGBxDbNCZtyDuhWINU            0000000319ACTVOEB-  1938031511883 Concho Avenue                                                                                                                                             77025       Huntington Beach         British Columbia    Canada                  Olesen                                        MYFCzAMqJisXIsNJAMwbEVnLnRdf acUObdfrTHHPnaJmhPUSKHseQqBFoxwotdBzjIdRISKiIsShGXvBCEprBNseQndqdKhBGJCYkRfhTyuuVeEL                                     
19690317-155954SECAAAAAAAAAAAAAPUCOMMONACTVXwDGpuDgoFdrHKtgAWARibBpZDUEEa dvKdOLfFOnOHqdFJYERzJwHbFJXh           PCX   744482799    1881031519040723        2.61jUVBEwWiTDzHCOTMBImOMnDlPRprVsbzeMukHPFqSIdSBmDItpJLvB      
19690317-231655SECAAAAAAAAAAAAAPNCOMMONACTViqdRhdpycHEvUBU                                                       NASDAQ883360682    1893112619670107        1.20IiHkvFAHjNrDbHaXULOVQWMsfQI                                 
19690318-005721SECAAAAAAAAAAAAAPGPREF_BACTVHiEwWZSDQVRJMQGqUAMQGBN EAEJunAmgQVf ELNKTeQBYtbO KhOuk               NYSE  193758865    1875031119100215        0.840000000070
19690318-080403CMPtXFpeJkYTDFcGYoVeQMjTEUJmwIQSTa                             0000000320ACTVDRB+          590 Cedar Crescent                                                                                                                                              60820       Topeka                   MA                                          Laperouse                                     JdKTgAruvTgGuPTNOvAfHvnPVzgEHccKIcnRaW                                                                                                                
19690318-121314SECAAAAAAAAAAAAAOZCOMMONACTVQe KpJfRHYjDSyPcOm                                                    NASDAQ694749301    1878032318560515        2.760000000028
19690318-151036SECAAAAAAAAAAAAAIGPREF_AINACaJgvUhbVSWfE pPpxhRwJDSRNSVwZhUVJEAsORQjoKBBXiKbS                     NASDAQ380523358    1907013119340912        1.130000000014
19690318-233915SECAAAAAAAAAAAAAPYCOMMONACTVPSJbboHcVgII                                                          NYSE  814998078    1884100619190608        2.420000000175
19690318-234228SECAAAAAAAAAAAAAPRCOMMONACTVl xEqLHjFHdOaPmnwszJEaogqjVZefKhOhQARRncMuZTtFHWeiVhFxRGWHdq          NASDAQ371007179    1932063019580724        1.75KwjfmirRqfjJKRClFNxFXRUpUKSpCNxNadkYKRajlaHBFBFgLPbynOng    
19690319-085123SECAAAAAAAAAAAAAPKCOMMONACTVLHtwhopTfsjuNLkAXbDNGlFzSUmrCycDaQFDCK J GqGswjCJBXFoAw               PCX   128503514    1918071219120203        2.140000000190
19690319-165732CMPMkMwxNfUNrOGgpwbu                                           0000000321ACTVIAA+  1938031410884 Ryan Avenue                                                                                                                                               33124       Dover                    New Brunswick       Canada                  Leopard                                       vXYdqlFgTzWVBgH jutuzVSWayVDzTKKmxcQUwVyIMsECztDGpzOeSuWfERoPwzJcnvpVGGQaQVW xVTrzXuBP uxVhrKSVwrD                                                    
19690319-182440CMPzAAnRrPwUWnCFUMVL                                           0000000322ACTVHFBB- 1957033011993 Knowles West                                                                                                                                              95170       Lexington                Quebec              United States of AmericaMaltbie                                       ZnPnCzifeJRbisQSbOsCfpgpkRpRagnqIAeFxFNgJRrOlKQKufLtRzkNT                                                                                             
19690319-220953SECAAAAAAAAAAAAAPDCOMMONACTVHUNAlLMNRPK                                                           NYSE  864114334    1870121118660402        0.60mrTMrIHjEBXSOHhlBvKueJPEBTDtcteUgKLO                        
19690320-072257CMPLEVQdbxKkFyvFAjbAZXsGULlTQqkAabqwNRTEKWAEuYxqUuXdEMYdjI     0000000323ACTVCPBB+ 1961061112530 Westerley Crescent                                                                                                                                        90163       Philadelphia             VA                  United States of AmericaMinerd                                        sAdJDIAuHPcEEVNemCA kiwBKNAiEcjZYHFtUmzxNMTTJRTuUDNHYlAVmgBGjiBUkUAVBVhDJABpFluxlFVKQQddBDTKTdAHbaHiTUKZA MuhwDihIEyvnniHZOkIZSBBqZcVRLKXYK           
19690320-154224CMPnuDRqCTsQiEWoOyEckxKDIQLKwAZxnQRPFUFujwPA                   0000000324ACTVPGBBB-1951082810906 Runyan East                                                               Apt. 350                                                                        10038       Houston                  Alberta             Canada                  Imperato                                      VpAVbzTYqUSxCyGuVglCRNqFeVCWyRAgKkaBuwPJxZvPiChEkzeSkVwpPrycanqYBmUhyceFVlhlozYDdKCYpRLsXUjMVvRNCqEJxwyWVGdH                                          
19690320-172625SECAAAAAAAAAAAAAOWPREF_AACTVQvXIQFESKlUoyBCSVRGQyoRV                                              NYSE  981371413    1951101419090520        0.640000000200
19690320-235422SECAAAAAAAAAAAAAQCCOMMONACTVxKctbKJMLMkuRDpJNlXNgmMEGfRrmROaURRmaA                                PCX   689439689    1855080119250228        0.99hCIkVIvJidHWGGsWThefmBCBIpBflWhkDDnl                        
19690321-025204CMPFklVRmTtgOMSAEXKvtKbJyuWzcgkqiVoPiAnVNDEqhHAqgZZlrMOzHHwWs  0000000325ACTVRPAA- 188612208294 Burrell Court                                                                                                                                              V5A 1O3     Portland                 IA                  United States of AmericaInfield                                       fKKeAMClmzxPLxqdQtOpBUeTUCqGzOoBmIzXyNEe oGgHQruRAzXsxruScMfDIGZgWLFXZdgFIoPoIoLtHMBOAqVhviwgKXTBCFwDQiQkXPCdLkASucMrrWEoGDBNzbqHfVfGEeOBTUuiDEDQgV   
19690321-045621SECAAAAAAAAAAAAAPVCOMMONACTVjxPFvJavMSaFKkQMXeJAsHMycEKyMHMgVOOcHHuIGKRKzIdardtbzLWwLeENQrUowCZlgKNASDAQ623810591    1862011219241208        0.410000000138
19690321-135406SECAAAAAAAAAAAAAPOCOMMONACTVFZBSuVbwGhUYzVbMtdQDDKNoOiPJAbwAO                                     PCX   566855433    1943030919520515        1.15YNouztDEEgVJnWzrV                                           
19690321-152530CMPzjkOUEfSQSzOOOcYOjeOwydmqCrpMzWHxiGbwRzgSUEtVBnTE           0000000326ACTVRNBRmS        19853 Overton Ridge Lower                                                                                                                                       M5E 1X3     Lewiston                 SD                  United States of AmericaKuder                                         HLGyAFctYQAiQZFTjliEK UuFBayEmsMsOoxKeKBeOqICGkJEoSToKGydLJLLtLmGkiQwSLIbTIJ kqmmflSz bM XnkJlKRhjhKauQcWKsNpfXpoPTbXReLdthX TOSQwOqaKCqrn            
19690322-011027SECAAAAAAAAAAAAAPHPREF_AACTVXBRJJDqbQDITZAMSUImZiiCUdMu                                           AMEX  55448980     1917021519130823        2.460000000264
19690322-074955CMPwfMNkEgHZLLGnMfSMNwnv                                       0000000327ACTVEUBBB-1851040618664 Bledsoe Lane                                                                                                                                              93766       Calgary                  RI                  United States of AmericaLawrence                                      CefNWd SFSHINhipNSZTwoYIUDNZUNwF KyxuiiPrJUGpPgqyLCJXyFmoQSE                                                                                          
19690322-095911CMPyjlhQKIALCdxqRI                                             0000000113ACTVFLAA+ 186809266072 Wesleyan Lower                                                             Apt. 630                                                                        V6I 1V2     Toronto                  DE                  United States of AmericaHagens                                        PLENRCvYvSJsSwZooAMbdBbOTybOEOShxoPgxGLhBYidJUBvcKAoSHmVVGVmtzwcNewdH sCDMaWrvrWPJk                                                                   
19690322-161743CMPiAJNmDakgxlQcGOiloFqkXDmRxJezUSKSBPCvqFfSbAlV               0000000018INACCDBBB 1867101716775 Pike East                                                                                                                                                 50309       Hull                     Ontario             Canada                  Beverley                                       FWnrIwwvUgVGwQCooZxqRBqAqhqUpvHuNJwBjwsImTuBCMUdAqMIVpoChkLKEzLVOBMjBxPeEYAjKYQpBOGVTIhOZxtUYX jIpZTMXYTmwbGVIdRuFjKzJwPZV                           
19690322-203325SECAAAAAAAAAAAAAPACOMMONACTVmJRWCFlcezxVu                                                         PCX   923985557    1923031318540708        1.170000000179
19690323-003300CMPZTuwjLRpbOQNdiaeWQXzXoWxMzARIDSSPDxLlmbVvOHikKpGKBDGy       0000000306ACTVPRBB  192605087787 Ledgestone Court                                                                                                                                           T6A 1H2     Bridgeport               AZ                  United States of AmericaVicente                                       LELRpBPTMEVXhptBarlg yzHrITuuhRLnESSYxecyTOEBzDrQyqCLwGAc NvxbGFvyTyJmLQQCDFCYGaNpbiCqcEsU hYNGi                                                      
19690323-123023SECAAAAAAAAAAAAAOTCOMMONACTV QvSoOkrXaWuUdqaTQgpoJotNpAFrWeeGWAkSggwvPPzPjMUVAhYNJPto             AMEX  339027538    1957091218820517        0.280000000060
19690323-130208CMPcqtTGgpJBEDkrCnFLcqRTyAJtjnUsNgLLZTNKgTGaVWy                0000000307ACTVATBBB+185205185668 Watts Crescent                                                             Suite 74                                                                        75218       McAllen                  MD                  Canada                  Bahoora                                       CGosJxsGGGukFeeafPHRrXQHovACQTyjSTTjtGnybTlHpjBrOIjDwBIJbrCHzGUSlrYHZYKWLWghFfhEMFNvMLqMcWhIVuqgRYtdFGHEibwTvcnl                                      
19690323-230146SECAAAAAAAAAAAAAPZCOMMONACTVoJIJWvHHscGepuPbNxdhZlTAwyOOhzqoUdLVEoGKHnSgYAJgPwSoCgAnqy QxTMQBfGE  NYSE  539487073    1944072919190306        0.01UPZWHSNuLWPZUVEJWUieOUiMgRwIHRrJ                            
19690324-055729SECAAAAAAAAAAAAAPSCOMMONACTVfCZmRoXgPyenZKsEHfJGCZwRKiMuZwEBRKeEBPOFBZOKvhCMSeXOkQJc              NYSE  816398486    1872011319321116        2.980000000024
19690324-161038CMPSDPqOSKmlXBDdeaJMGhFMaFHiSHWdBWSCJlXGuBlNJIrvQxWAxAPF       0000000308ACTVCGH   1911112513246 Bonneville Lane                                                                                                                                           85774       Indianapolis             Nova Scotia         United States of AmericaCarlon                                        FPKtmNEQhhBGOnENC BuvBYJedchTMWnRaIOSEmMvymSItwSXpaDbzB QYmTFbUcEOSmHHfWIYvFXDmYHNNAYGEJLHKIcxKWhHD cB MnvfyNaBBmtPEo                                 
19690325-004231SECAAAAAAAAAAAAAPLCOMMONACTVOPnRuCJPjTBERHUeXeIeSBTFyadP                                          NASDAQ428340419    1966032218510703        1.70sasJsAiQXBqARxyjKdDOVsBHZKXCJfpqRNOO                        
19690325-020230SECAAAAAAAAAAAAAPECOMMONACTVfYijSsTRXvoBorPIdKYQaKkekvPUcKeqGwiJQuj                               NASDAQ449771493    1905030519391231        2.67WomBVNFABCECNZiiffWyGfSg                                    
19690325-114206SECAAAAAAAAAAAAAOXCOMMONACTV LLCpcnrzYF                                                           NASDAQ584516807    1950120219600730        0.79DEHfUUzIhtZXgmgjjNRGVamTsNOUYxFB                            
19690325-223316SECAAAAAAAAAAAAAQDCOMMONACTVInEiLTYGIOEzMISBABPvmFIndxClf                                         AMEX  970297706    1949021719090328        2.96LoSyvUwXvGnKexKhSbbtArGnpUcArarLDzSDOEMMZBwKPwRuADFxSFJ     
19690325-231953CMPwuOIWxAYPRhhIPeZdtvOFzqgYIcwvhVRDSuNftFdxjfSZCWcRrAmtBSe    0000000309ACTVBSBB+ 1929070211103 Bissonnet West                                                                                                                                            H2D 1Z7     Jersey City              OK                  United States of AmericaNalepka                                        mxkOEdCwWRTsYERCnw                                                                                                                                   
19690326-004359CMPWztpXKHKTqFLxOSeLnZkTlNRYtPAzkEPGrKXFRNQn                   0000000310ACTVARBBB 185405032725 Elmendorf Way                                                                                                                                              90330       West Valley              LA                  Canada                  Deller                                        xHDmJxSJhGKlPyxliSNsAnhN hWum is HHvQSMsydlYqxQMSbGdfGBZvc NIJ                                                                                        
19690326-095212SECAAAAAAAAAAAAAPWPREF_AACTVRRuDLI etb U LRcdLOZHJWyIOcuBKQSMelqamDhcPWHVZdQqMHqHlj               AMEX  401424109    1890072718910103        0.73eysebWKLNGxQYYIFsJdhFuWyXwLTDJxAKCaDTVAUBoodItsSQKDEE       
19690326-163249SECAAAAAAAAAAAAAPPCOMMONACTVtBVBIPOPtUOskDKnVrIqNWHrHWCkUDs                                       AMEX  672158830    1953122619250904        0.19wusPbEHCRIEzEwJUAqKHIUWBxfFvRBthBexyXHrFr                   
19690326-184139CMPnjEcNBACADlSzXpBzTsaOb                                      0000000311ACTVSPD   1931060123274 Beatty Park                                                                                                                                               M6T 1G5     Overland Park            FL                  United States of AmericaJannusch                                      OVvMyQsgUWJqpFchOFIiK                                                                                                                                 
19690326-201427SECAAAAAAAAAAAAAPICOMMONACTVDGRLJLgpcdbvFprXmUYFgAkgGSrTKOBHBUgOSpIy                              NASDAQ532424711    1917091518931119        0.680000000079
19690326-232558SECAAAAAAAAAAAAAPBCOMMONACTVLYCZTqCTuUJm GSEdWqRTLNVLNFnoLRHiJxQS                                 NYSE  227415850    1870072218960106        2.09OcwnlsUKBGOSCsFxQmFoskcRzgKRQGryM                           
19690327-011013SECAAAAAAAAAAAAAOUPREF_CACTVzAHMppJHjMVEVWWCyNkFTd                                                NASDAQ377333810    1926112418670218        0.67hVAaKcPotSMtGHVnWXP                                         
19690327-125658SECAAAAAAAAAAAAAQACOMMONACTVbdmWCgFRakeTjOGlGKGeKhJhDMnZampIHRQeStmHqP                            PCX   187271467    1880090219230326        1.020000000237
19690327-224851SECAAAAAAAAAAAAAPTCOMMONACTV fyGeLTEFDMUbElJHuAvifPXZIgIQnmIQbRotIDpWo fHWEQsQl kvOcNdWQMbJ       NASDAQ854494860    1962042419330927        1.140000000290
19690328-083027SECAAAAAAAAAAAAAPMCOMMONACTVTNVqfAdYCrPddozxTLvJAtRi                                              NYSE  792950602    1859092718540819        1.680000000231
19690328-194737SECAAAAAAAAAAAAAPFCOMMONACTVtLEBJtaCMShPEzAmWoo YVSRDwMiDXOU                                      PCX   401377470    1932032018920201        0.700000000250
19690328-231524CMPLpHQgrpKyRzkYsIEOwvIcIJDTztJOzZQICONVCOpEGRKSuVXlwSnvXUqd   0000000312ACTVBCBB+ 1896120915868 Dewdrop Park                                                                                                                                              98406       Fort Worth               DE                  United States of AmericaWichrowski                                    hpOMcRNSJZlvjaxLLsXkeLwDHpnANPOQaFMpdyvbbJQBwzIJTneJBKTrADNeCxTPCCwPGGmQHmwPGREcsfcToERIXvscWMMCnopyyEJxcbJJTKQommsVLsil                              
19690329-080119CMPKFPLrhpMtZtYzPeVwIOEaEiZfvfcQNZB                            0000000313ACTVPGBBB         24187 Western West                                                                                                                                              19167       Dawson City              Manitoba            Canada                  Smolic                                        NBSRnXroIQGzQskZiPgKtgIYExmUOXVLrLi ZUpbDcNpOKkQkQkqHSLRuNEkzJOJ                                                                                      
19690329-115022SECAAAAAAAAAAAAAOYPREF_BACTVxm BSVAGONYEMaxFGfFUPZBNucMTemqeFKMWJCojuywVmVkYBFSKRtQUwOViPrU       NASDAQ824860171    1879122119130526        2.750000000139
19690329-134715SECAAAAAAAAAAAAADWCOMMONACTVudANjPbhQYOOGEAeYD                                                    PCX   788438113    1948090419600128        0.95GQgODZYcTEajaEMYDrWGoMdiJOENBaMGcnwYwuNTRPoOXXVjWD          
19690329-165657CMPkFPSUHVUAnRUmcKzaleQvTfgllZGKhNEmYDZkSvpYSVp                0000000314ACTVBSBe  190605306094 Alonzo Lane                                                                                                                                                H5I 1O8     Toledo                   CO                  United States of AmericaVigueras                                      hEuTHPYIHlqpjnmAKYAueTaXkEIHiQ                                                                                                                        
19690329-214004SECAAAAAAAAAAAAAPXCOMMONACTVfkiAqyFbiFkCvCcxHIlTGagmHsaxSRcPKy CllaHZubtSGaCiWQH wf               AMEX  292407707    1927021218720310        1.67WNRkyaGLpExIGmibKNXHTiWedWuFiObtwUPRHYHI                    
19690330-024840CMPBESEgnljIvuUwSAPiGnKKofCwpqJzowezBLouSXnGlDLiqtwCgjER       0000000315ACTVADBB  187510288601 Kempner Lane                                                                                                                                               38113       St. Catharines           DE                  United States of AmericaMcelvaine                                     UOuALPutYTV                                                                                                                                           
19690330-113446CMPUWMSDBzHKXdXPCg                                             0000000316ACTVMHB   1874092218951 Camden Court                                                                                                                                              H2F 1V1     Laredo                   ME                  United States of AmericaOdums                                         YQKOORKZpFvMoU HZQELkh srqAYsAWZczSJnRFXbeauyqBxfYnTLxjNYglHuKSSZTFwVCVgVUVZIclgNWsGJQWrOVqySBDJJmKUacpoXqBQBrjvCJuPIrNnG                             
19690330-131612SECAAAAAAAAAAAAAPQCOMMONACTVHdsjdHOozAodIVvbGo                                                    PCX   589070925    1939120318600702        2.880000000081
19690330-205044SECAAAAAAAAAAAAAPJCOMMONACTVJvvKEKCOMMCuXq thMUwUCivFLN                                           NASDAQ615354524    1950060419370303        2.060000000229
19690331-022429CMPkAUQPlOAdjsIdNMNjMoH                                        0000000317ACTVDDAA- 193511171758 Seip Way                                                                                                                                                   02131       Brownsville              MO                  Canada                  Stuckey                                       qMkRobfIPKUpwBokEuHDFmJGLhBeuhLDBONDdmDO TURXKklCpFOZgOlDfRoZufwPCshINBrPVWwZtsEEdsySxjWQTATActUHbUeURtCcwqJbfpdObJLNjSJBrEBwJ WJREkKCOraXNeHJ BK     
19690331-130826SECAAAAAAAAAAAAAPCCOMMONACTVtCogLtfAVFiHpAaI                                                      AMEX  291063142    1940042618780604        2.73PLFvBRDnWxmtwNhdkGpUFvbStpeKYhbtuRxTSKanfZHDnUrLoR          
19690331-235958SECAAAAAAAAAAAAAOVCOMMONACTVSjfwyJpUqSHIKqyNKrwCnmgZOwQIcEGYBjZFHnAzYlHveagKS                     NASDAQ68376086     1866020618990730        2.35WuEsEeTHHeQtREuFESSWoNBHdsJWXpHWy                           
