19670401-052645FIN196721967040119670401    9288741181.53    2284183075.45       13.18       12.44        0.25     805819257.50  135871569610.30    4339544932.47    173262702    1836200100000000052
19670401-123734FIN196721967040119670401    6180062158.62    3870918066.36       27.51       25.95        0.63     225547996.46  174302701349.82    8350170177.49    140721620    1491775720000000095
19670401-194509FIN196721967040119670401     818531132.95      58474715.36        0.08        0.07        0.07     824152305.30  194087106761.06    9410296886.56    772792212    8834078650000000138
19670402-054032FIN196721967040119670402    3590297685.26    1065247779.10        1.44        1.41        0.30     741598208.74   20158411187.26    5514394222.25    741861776    7529475450000000029
19670402-173042FIN196721967040119670402    6457225458.20     956946792.81        0.98        0.94        0.15     894982267.07  264641884763.66    7380292627.82    978068284   10185055710000000072
19670403-044448FIN196721967040119670403    6692110400.58    3366564295.46        7.78        6.72        0.50     896056308.01  528241560261.80    1696325205.27    432974015    501026396pDToWKnnzZZqdQIocIAFPFOfRfwAkprXFizOUUlpONRGUKsXiJIgzGEugKl 
19670403-090555FIN196721967040119670403    5352107617.02    1199791159.85        2.07        1.85        0.22      97608479.22  903094430914.67    2702197533.45    580017229    6480824760000000006
19670403-100247FIN196721967040119670403    7901643237.63     783652773.29        1.93        1.86        0.10      66614800.85  842006167345.76    3420136662.47    406155349    421657467BzijSDvPCIJvDDDXrPdu                                        
19670403-135428FIN196721967040119670403    8417454305.68    1105871146.51        1.31        1.26        0.13      90785851.02  783057230554.36    6137946820.78    845765551    874306192FVGmQdOORBhcLfIPiADRHiPNvGlOIkkKoLhHGhaUNUSHWVhKqDfXAFFT    
19670403-184652FIN196721967040119670403    5765969709.68    3647971367.60        4.70        4.09        0.63     939958745.46  210739146671.58    2367703049.49    776070666    892260095TVBaQTDJrwGqJVGCBssskBnDsDMLUWwziNkIsfdVbcTmSYVg            
19670404-011246FIN196721967040119670404     241315914.66      75702436.75        0.17        0.16        0.31     947743190.50  444645489662.88    4811273743.28    444161616    480719933yzVtIWYoRQKKPNbDwXqdBMdFXWIZfiTteG                          
19670404-043931FIN196721967040119670404    3405402798.64    2138495659.66        2.23        2.12        0.63     892726756.98  575845020182.17    9948173548.59    958110235   1011068652GKXARCFbFebKiAlLUJXKJgRjmqXdAQcnJFJAKTzRouxMxMVkXQMjtVZu    
19670404-080134FIN196721967040119670404    5617922572.18    2106021689.70        2.18        2.17        0.37     647841310.92  455549303785.51     268101703.29    968261206    969410852NrrqCXruCLCAVkwSEhvrBGgjRydDVQjOxy                          
19670404-142645FIN196721967040119670404    7225789710.20    4674509803.72        7.82        6.60        0.65     640540123.15  699414200874.92    6073786957.99    597897106    7084704980000000003
19670404-183446FIN196721967040119670404    2159323685.57     110360527.85        0.66        0.56        0.05      49430723.98  539231782550.72    8143911737.16    168416906    1985899940000000046
19670405-040257FIN196721967040119670405    5276081027.48     383415349.02        0.51        0.47        0.07     423662523.33  782479361403.13    3949254911.30    756149732    816029785QwnIbVnuGKkXinwkKNLkqFNNlyDxVORxOQbZXbKhdqPCFoPBEWbUnxOfI   
19670405-094949FIN196721967040119670405    4775492676.03     133771756.21        0.41        0.36        0.03     303785578.36  232082505687.06    1733881978.55    324841500    371435675RbQDcIOWJLczKeATXKOc                                        
19670405-141101FIN196721967040119670405    1149876329.33     132261139.27        0.17        0.15        0.12     323739422.84  443440166086.26    2193625710.72    785202151    900248980zScyndwxOcLUXIwtrdKPFPDeQiYudN                              
19670406-004448FIN196721967040119670406    5572661182.94    1350360003.47        3.30        3.17        0.24     539782963.02  314233188058.99    4897717229.29    409041852    4261500870000000066
19670406-111302FIN196721967040119670406    1932374014.75     941640967.65        1.86        1.74        0.49     921261861.03  402741197682.09    6611879705.16    507589304    542683106IoKUtGXZioegJCNViVxMypETfGzoFpFUrDxdifKVAIZXNIKfuTkc        
19670406-122952FIN196721967040119670406     887107061.73     254817613.98        0.91        0.89        0.29     141853142.92  188365633904.88    9344759915.90    280398908    286669957kkhSvCsfgbDUvsiZWtPQwjkYPwKrfTUFMGMCWCBXBcOcTkaLSudO        
19670406-132515FIN196721967040119670406    7034782496.32    4194211435.66       62.29       51.97        0.60     800459778.07  196235716136.99    3888824981.14     67331680     80703114eyGBByYTpoRbgjJdHtPbQdJTXrTbcWTJkSHlPvDAkK                  
19670406-232611FIN196721967040119670406     781453590.80     496637486.22        0.84        0.71        0.64      76161829.22  178661921310.54    2955842536.48    593151369    6974167860000000086
19670407-082052FIN196721967040119670407     839406037.47     290841298.06        0.44        0.43        0.35     592452170.31  476351068211.53    3169627847.94    660401237    675174879XCSbLIHwrFuenuhOSByKxXLBgIFHMySpTKhwCpBNFKAUeCzkBgyOOJfH    
19670407-142134FIN196721967040119670407    3666127912.65     527343390.44        1.01        0.84        0.14     848473590.33  827996864238.33      11592307.04    524012027    6247707830000000020
19670407-194854FIN196721967040119670407    1725803318.54    1060813254.43        8.96        8.52        0.61     769309164.92  524567012289.94    4012374668.77    118346496    1245531260000000063
19670408-075253FIN196721967040119670408    9035107741.06      62371206.94        0.09        0.08        0.01     714792384.53  151069262916.77    5697851101.96    679689890    790137838vdHVNrdOsIrMwKVkVqSWHZdImDBjZqUdrAJUzFOPrUum                
19670408-164744FIN196721967040119670408    3919278792.27    1443301172.21        2.01        1.83        0.37     493098300.17   14437201919.43    9910875869.41    718668445    7891394220000000149
19670409-044128FIN196721967040119670409    5221734422.67     294361175.71        0.48        0.48        0.06     766833212.11  318586825827.57    1911601051.11    610857116    613381416SAFZEJLLiMLuOrGrCmR                                         
19670409-161602FIN196721967040119670409    1170142226.36     213044562.03        0.25        0.21        0.18     182932324.91  226478992499.36    6316207366.58    863871872    995366748OzjqKuNwhkyhggnIcbOUTzPkHmlLHjqBIaSPMTDPDgJNJNaJSWg         
19670410-031544FIN196721967040119670410    7511026918.15    3315323863.77        3.76        3.20        0.44     307941387.31  985975913907.26    9562516170.20    882770067   10365510300000000126
19670410-034202FIN196721967040119670410     627470820.62      24974302.80        0.04        0.03        0.04     109117975.66  192165975111.53    6331233025.84    679296775    742880222JOlePeOMqNiWFtIikbYCtGoucRYkTNggTpiDSTEocDbaMdhzl           
19670410-074803FIN196721967040119670410    3874114476.95     708337448.71        7.47        6.31        0.18     461797699.26  651207079964.39    7801745304.35     94831635    1122816980000000060
19670410-082524FIN196721967040119670410    5085423579.54     215822977.83        0.27        0.23        0.04     406552064.67  335878364897.40    1820070801.89    795002526    9299197870000000103
19670410-153032FIN196721967040119670410    7143970764.04    1439580310.40        2.19        2.17        0.20     305785908.58  331341957982.11    6362393225.94    658258657    6627715850000000146
19670410-190100FIN196721967040119670410    8571966243.13    2593684845.90       18.51       15.68        0.30     440493555.25  365611147033.67    4826135802.13    140120278    1653673250000000037
19670410-200110FIN196721967040119670410    1934831189.69    1017214424.65        1.43        1.31        0.53      20694991.06  454886793741.59    2459567683.28    712026884    776019263jaaLOswAWNHAAHrSJdoSSzDViOJjUjQtYhYJQkHMYPSJxGEVzPMFi       
19670411-015404FIN196721967040119670411    8855103882.57    5179202206.34        7.55        7.02        0.58     674260797.43  672778859792.70    6132804359.64    686357192    7380441590000000123
19670411-070946FIN196721967040119670411    1000246336.61     385277854.52        0.39        0.34        0.39     627264835.07  143633152738.51     486596388.24    988426457   1143011767UxwoFfdmLfKmuJCZStrMNOScJQzWthcXUUiyvsPHTsRlAJPOiKyvchxt    
19670411-131059FIN196721967040119670411    8517749649.17    3480635584.33        4.11        3.79        0.41     125878191.15  208786065278.42    1300382756.01    846587329    9173696290000000057
19670411-223550FIN196721967040119670411     971739724.09     576595194.28        0.97        0.85        0.59     607845628.79  615002885438.15    9176353988.41    592707826    6818069790000000100
19670412-031822FIN196721967040119670412    4886815647.53    1588367738.97        2.40        2.02        0.33     533432307.14  960097041347.02    4161397034.15    661152468    7849574810000000143
19670412-124238FIN196721967040119670412    2687840751.63     811310917.47        0.97        0.86        0.30      37046867.46  233790213929.94    8580948763.24    839017301    948516129yRPdOOYwDRIgGtBTaFzyuaZQ                                    
19670412-172759FIN196721967040119670412    2882406118.36     552824042.93        0.86        0.75        0.19     853224114.72  195847973844.73    8681615948.30    642020263    7370385360000000077
19670412-193508FIN196721967040119670412    3347080876.86    2041773933.73       18.88       17.45        0.61     456247754.82   70992214445.86    7813190627.66    108155713    116977099DRNHqMCixoAPPUXBkC                                          
19670413-050811FIN196721967040119670413      87257854.16      14908040.18        0.02        0.02        0.17     151701976.14  207976150096.08     556309133.10    791280303    8104438560000000011
19670413-064002FIN196721967040119670413    4947621092.85    2899632731.37        3.87        3.65        0.59     640960656.92  506248312385.44    1430125670.90    750117144    7947025860000000054
19670413-144222FIN196721967040119670413     982363069.29     500765997.45        1.47        1.32        0.51     568375792.75  156650302013.19    3497922612.61    341385672    380601736uiRYXfIoONrIzCHoJMWlq                                       
19670414-004434FIN196721967040119670414    5723934383.27    2044135240.42        9.70        8.51        0.36     707438722.91  595625549621.17    7081465336.88    210829520    2401082540000000140
19670414-062049FIN196721967040119670414    6595374016.00    1840589236.37        2.32        2.08        0.28     270149037.07  673075748403.63     588503530.33    792853413    883749410BCRRYMzpoAimKRITzLWLsoomeKjnZvguJDE                         
19670414-172932FIN196721967040119670414    1219321683.66     299343281.26        0.67        0.58        0.25     153730869.18  368958075061.18    5225548108.56    444786459    5119054900000000074
19670414-230757FIN196721967040119670414    3534953536.42     654048792.34        1.17        1.00        0.19      20405903.58  171538995101.26    3781988194.54    557478697    654499971qTWHBOgEuGnUTcpDWXPStEWt                                    
19670415-075827FIN196721967040119670415    6327992989.47    1329512917.83        4.07        3.53        0.21      75880164.45  186737495061.50    9984576303.70    326439180    376416884AYrIhMoBIgUBkRdxKABPjIIShjxFyaWTAsK                         
19670415-120702FIN196721967040119670415    7289928280.81    1759321822.27        5.21        4.90        0.24     444901530.84  716781456329.67     692535342.50    337359572    358953875AChNrBRFTkjZjDXSGVlG                                        
19670415-170317FIN196721967040119670415    1423922228.82     821541412.54        3.69        3.41        0.58     461572926.35   11144866886.14    6916570559.41    222422548    2412737110000000094
19670415-204554FIN196721967040119670415    3350588571.96     653529253.60        0.75        0.65        0.20     860481887.01  298765078690.40    3748977244.19    870657665    997989865SlPaNtGSguUSBkeCnLDlqiFOAPftmaQ                             
19670416-002634FIN196721967040119670416    9219210980.51    1894613013.35        2.91        2.88        0.21     251363203.97  327128638029.74    5343970204.23    650931676    657508741IiHkvFAHjNrDbHaXULOVQWMsfQI                                 
19670416-010612FIN196721967040119670416    9619023846.74    2979816987.44        6.98        6.83        0.31     418789935.79  532869994752.07     916368140.94    426657145    4360329520000000071
19670416-073803FIN196721967040119670416    5952036953.28     114271457.37        0.25        0.23        0.02     305602957.51  812506631223.49    2239767273.06    456632856    499427455caTSWZAZArGJdoyLThaWQbFTpAgqCWU                             
19670416-083609FIN196721967040119670416    3647209327.04    1273095124.03        1.58        1.53        0.35     222306440.98  771818536181.96    4287138108.35    804534769    832589122KRtMROFTkhVPydRKxEDtVV                                      
19670416-083805FIN196721967040119670416    4354619332.13     199194269.13        0.36        0.30        0.05     682812669.38  470540945459.08    3981716327.06    548069507    6562454350000000048
19670416-121716FIN196721967040119670416    8558637239.27    4340036112.73      181.89      153.89        0.51     932556304.30  700435570068.62    7221842650.04     23860241     282028640000000091
19670416-181913FIN196721967040119670416    1326834013.91       1044385.58        0.00        0.00        0.00     725730637.11  994139490116.52    2013792616.05    701706041    761330407lRJmPfbJUpmORFMRnbyTADExGTDJQlwShQPpHDysIlizHSnZz           
19670416-233913FIN196721967040119670416    4012828579.37      10453621.56        0.02        0.01        0.00     778055636.85  499232231608.56    9441295596.94    692601015    731184995yRflLhHvroMJBNHcMIDiQuHspAHUTFVE                            
19670417-005226FIN196721967040119670417    7234779413.60    2246866289.64       12.00       10.39        0.31     477191920.71  188114466574.75    3012549328.79    187179343    2161713060000000068
19670417-042219FIN196721967040119670417    3874866980.26    1004986112.75        1.14        1.04        0.26     701355898.89  485785355537.36     782362350.32    881816863    9699782530000000111
19670417-131638FIN196721967040119670417    5055197089.92     670301012.26        1.50        1.34        0.13     234115914.39  995199844665.68    7307918913.64    447129831    5002255210000000002
19670417-182544FIN196721967040119670417     377567049.52     122975833.59       17.00       14.28        0.33     372276920.89  792236785175.66     909381484.61      7231827      86135340000000045
19670418-035502FIN196721967040119670418    1967210801.69    1215942735.38        3.36        3.13        0.62     749505824.30  595046738574.46     260338394.57    361467371    388325833GCuinPDvwNejloIRTkgEypWMqgYu                                
19670418-072617FIN196721967040119670418    1550035650.78     980420761.54        1.15        1.05        0.63     544672658.68  890722561070.32     950004141.54    849377986    930917731ITIBXSnyIwDHJQhzM                                           
19670418-193758FIN196721967040119670418    7045076478.99    4779868874.53        5.07        4.25        0.68     128539978.00  122075098692.43    5114416559.41    941956932   1123899601nFkXCFIQQcAPOHRuYtieKkGSZpAdCmvxWPuheWUSLiFkN               
19670418-214044FIN196721967040119670418    3239968021.17     516289514.68        1.16        1.08        0.16     971348044.77  466739764522.26    8582417467.56    444234256    4799430610000000065
19670418-225142FIN196721967040119670418     404617119.13     128880401.42        0.68        0.58        0.32     645816047.02  865007179678.50    7843147399.64    190511023    2241359720000000108
19670419-084355FIN196721967040119670419    6968553737.12    4558982577.05        9.72        8.65        0.65     394577071.93  380260644831.52    7298040294.31    468860962    526846526wtUTIAshgTRlJiCRkCrsvGzSDTTpQWXTsIEaW                       
19670419-111251FIN196721967040119670419    7126514047.09    3733208296.39       24.94       22.92        0.52     970532296.86  732201394791.42    8712493671.45    149710881    1629024140000000042
19670419-132442FIN196721967040119670419    7748032463.25    4558121227.91        8.36        8.13        0.59      40959038.95  703550060005.48    1585092239.91    545379564    5607798850000000085
19670419-232458FIN196721967040119670419     361774854.16      85255334.44        0.15        0.14        0.24     895302060.40  541955224816.17    8806419232.13    576384647    6018997860000000128
19670420-015806FIN196721967040119670420    6115317638.61     271358726.15        0.40        0.33        0.04      87612700.78  873459743886.90    1341074163.63    683414943    811798871lSBXSwESnnboFFeSvHxFjlfxrwIZABfGMjiWUbhTmnRHnPFOTMlMAQnZJA  
19670420-130237FIN196721967040119670420    6750473828.93    2088367732.45        3.87        3.57        0.31     278543605.98  762464241367.70    1788416169.64    539937260    5847036880000000062
19670420-214925FIN196721967040119670420    5496011513.04     305869953.20        1.13        1.10        0.06     505501090.64  268240829072.96    6911471708.48    269812896    2769767550000000105
19670421-071444FIN196721967040119670421    6191236386.78    3032959908.56       14.33       14.18        0.49     607324736.87  362797385806.98    1324515091.09    211723966    2139133440000000148
19670421-121349FIN196721967040119670421    9116671840.80    4504885245.48        9.22        8.99        0.49     182764928.04  739496905500.44    9257633023.36    488349021    501067869zjoKtxCKSTNWLpRzJEjyVWiVEuzmYUTLdbyRHLSIgDUbYquZsCvOKJvFaWMu
19670421-175028FIN196721967040119670421    9390746339.41    3264411481.20        4.26        3.74        0.35      87012613.33  197350540014.98    2848952756.38    766595614    8724789920000000082
19670421-212619FIN196721967040119670421    4912070395.48     978806238.00        2.51        2.42        0.20     649480900.11  363862617928.48     212034775.48    390608049    405292748pwYDWdejKmsIdjXONAJBDcYuwSUgSGSdnjgguxYVlHvEBzvkzoOzQ       
19670422-064745FIN196721967040119670422     380266194.72      94750307.19        0.14        0.12        0.25     975635172.04   77295759795.29    5853146799.78    683423894    790021501BlzKUNpcdbxQGHwUAaQlIXGgyZmHnyRREOKBwpXvXwwWEOWiNJVMXWALS   
19670422-154900FIN196721967040119670422     359711196.64     106925101.84        0.19        0.19        0.30      31784913.48  520880926714.85    6245718298.97    554402836    5567534930000000059
19670422-224914FIN196721967040119670422     800188492.74     405020518.13        2.20        1.87        0.51     440327283.13  554245207140.87    1965450690.46    184123301    2161798900000000102
19670423-060810FIN196721967040119670423    1567406800.45     794476822.88        1.12        0.95        0.51     655319628.53  659897380832.92     742404274.02    709159290    836089968RxKMPKUYDaeLqGeOBTUQL                                       
19670423-162950FIN196721967040119670423    5788720353.03     701248549.11        1.21        1.15        0.12     742075002.01  491348364331.39    9298245156.31    577774761    611941038TzOOKJSXlzetRDAZNOaBGRiAoYkrPjDLzvR                         
19670424-034328FIN196721967040119670424    8758869161.70    1797741889.38        3.72        3.39        0.21     728554459.80  691819547020.27    8102479907.57    483461999    5295384260000000079
19670424-140659FIN196721967040119670424    3119150767.38     969913808.29        3.58        3.08        0.31     686011336.40  429236353781.35    2472939503.78    271234124    3149621580000000122
19670425-003212FIN196721967040119670425    5887604544.84    1855686682.79        2.32        2.28        0.32       8417845.78  859894009217.95    2507980571.96    800686033    8146341190000000013
19670425-043605FIN196721967040119670425    7840344354.50     122570990.72        0.23        0.22        0.02     279366368.64  254101912905.73     408763343.74    540483284    551248839caOaabgKJQaXSZiUGJIHBtXLntUfKAkQvMDyj                       
19670425-101653FIN196721967040119670425    7229323322.53    4420833563.49       38.15       33.43        0.61     290950507.25  264458376964.91     824853428.58    115895266    1322555230000000099
19670425-194850FIN196721967040119670425     932735645.54      43730343.41        0.28        0.25        0.05     468037337.75  557101075351.56    6848409653.07    155307376    172639494PGqAyQmapxLimPeECtNpWH                                      
19670425-225249FIN196721967040119670425    6626172253.62    4124386549.70       21.19       21.09        0.62     767791028.45  537954617276.48    7499578405.42    194618509    1955256060000000033
19670426-102542FIN196721967040119670426    2000316092.70     219576966.28        0.52        0.45        0.11     845174967.03  681897967041.14     699831073.82    422646190    492628940BUJliDksNtDYNWtXQNvxDqRcgLvBFezlasHGMAKJNGW                 
19670426-212156FIN196721967040119670426    9917345305.04    3617219885.46        5.76        5.23        0.36     665573072.35  454367297718.42    1774397277.50    627940227    691260490RAtXIperFfSBzTNkUHKANNBGDCfGgILLuOMHtQhR                    
19670427-063919FIN196721967040119670427     798325726.60      48597371.49        0.05        0.05        0.06     374593258.95  142655315944.42    9903397456.69    957286073    9729476360000000010
19670427-161850FIN196721967040119670427    9346844921.22    1563976868.58        1.83        1.64        0.17     854762562.92  496718000644.12    7432389879.67    855696339    9549476200000000053
19670428-011212FIN196721967040119670428    7914066045.17     304823043.59        0.44        0.37        0.04     706997384.30  536673666226.27    1166707722.53    693027613    8204025930000000096
19670428-070031FIN196721967040119670428    3838060047.00    1657311460.67        1.84        1.58        0.43     559568137.19  106881266981.49    3130619342.49    898911490   10460276300000000139
19670428-181535FIN196721967040119670428    5096639204.92     901899210.57        0.94        0.83        0.18      14685763.07  150871621333.74    4848464149.62    956236597   1090322768GQgODZYcTEajaEMYDrWGoMdiJOENBaMGcnwYwuNTRPoOXXVjWD          
19670428-185437FIN196721967040119670428    4862221594.43     369107173.74        0.82        0.68        0.08     951409395.79  457242470572.18     910738560.28    451839564    540151014BELJVClFSUDWQNFrxaHxDDEMSOMNqTeWbFtIh                       
19670429-002022FIN196721967040119670429    5496061349.37    2032389355.89        4.63        4.02        0.37     878780864.44   45643448161.89    9722935286.46    438741893    5060412950000000116
19670429-055151FIN196721967040119670429    6402482494.92     327815299.74        0.42        0.40        0.05     200417039.92   36154997862.31    3999310287.95    785036071    829566547JaBRAUCPDCLITNXXrADVCSIopfxogeRFkYFvBVlr                    
19670429-082022FIN196721967040119670429    9043304795.59    1545673800.76        2.21        1.91        0.17     865464158.95  422573010442.70    3568434314.90    700268850    8080462330000000050
19670429-112211FIN196721967040119670429     143236273.27      36616651.34        0.05        0.04        0.26     105192208.62  671377233391.62    6739695545.68    789056923    889189038jLIQIdLrlUATnOXEVHYBHtEqSmUbnKKY                            
19670429-134336FIN196721967040119670429    7809063101.96    3276726354.24        3.49        3.05        0.42     840989314.78  579700033366.91    5257744673.34    939037612   10745815900000000136
19670429-173650FIN196721967040119670429    2839549418.68     442076623.53        2.33        2.11        0.16     297519539.87  599840979897.11    9844602694.26    190120984    2091996330000000027
19670430-012545FIN196721967040119670430    9388141820.87     544249765.07        0.59        0.56        0.06     420077718.76  279438621804.29    7296248297.54    918138269    963874882KCkPotwrqSQFGNsyRmfAqMDPgLswKnMFgi                          
19670430-021142FIN196721967040119670430    7594105789.16    3683436636.76       10.73        9.26        0.49     522724065.20  341707614446.09    9290014286.63    343275200    397851178yjlhQKIALCdxqRI                                             
19670430-040611FIN196721967040119670430    1653633795.68     431934800.89        1.02        0.87        0.26     894923617.29  737131322184.16    2659596424.17    422044439    4948522620000000004
19670430-114456FIN196721967040119670430    6184311266.74    1969890680.02       49.74       46.84        0.32     740275284.39  508745444392.84    3662934373.08     39601942     42059401qzuJbEnLbLOlOtyvsWNfYJGAxriKRxn                             
19670430-191526FIN196721967040119670430    9613561039.90    4593555924.89        8.96        8.58        0.48      92041226.56  329464276264.58    2127437545.48    512675895    5356256380000000090
19670501-064258FIN196721967040119670501    9863172489.43    6729691516.22       13.80       12.85        0.68     972184603.88  569765818618.64    1609236555.58    487762664    5238204650000000133
19670501-172638FIN196721967040119670501     781762252.01     137219697.30        0.17        0.16        0.18     104285046.37  877995104632.87    9289425215.70    796188868    884672490rqMbvwSCBGYCGMEPKQeELcTKYUzuwRMWTqYPIirIgRbOCStxEXLeiAEZJCb 
19670502-024522FIN196721967040119670502     737427756.74     142079485.09        1.08        1.02        0.19     478034744.87  279704629030.01    1862354289.52    131683593    1387287070000000067
19670502-112558FIN196721967040119670502    2524716515.23    1459537170.75        5.81        4.86        0.58     723983173.27  994216289626.86    5743871090.48    250997579    300182983GCjVjJdHNLUhgQD                                             
19670502-203048FIN196721967040119670502     394034501.51      31076276.25        0.04        0.03        0.08     962634854.52  882212106103.08    9643410124.96    834982321    9192365390000000001
19670503-052744FIN196721967040119670503    7900873201.53    3547045568.98        3.93        3.47        0.45     784861623.49  594912824883.67    3187761809.64    902002851   1020985133aoTgMQQOVPapOXWxUW                                          
19670503-102254FIN196721967040119670503    7956054437.78     391511021.59        0.61        0.53        0.05     589653091.10  182605109713.35    6733851559.52    643463189    739187016DIOKfSfWssQzOdgyxCetm                                       
19670503-221149FIN196721967040119670503    1710240371.04    1108276352.04        1.20        1.11        0.65     792095423.71  377834165400.96    2798545528.75    923830108   10014896970000000130
19670504-050053FIN196721967040119670504    8686304906.13    2418700374.60       18.13       15.22        0.28     124294429.80  845265450699.81    3940908382.63    133440211    1589158980000000021
19670504-073520FIN196721967040119670504    2773427651.16    1800944880.24        3.39        3.09        0.65     464749163.52  329514947991.51    3527823144.61    531895834    5836102880000000064
19670504-094120FIN196721967040119670504    6779325613.26    1658537530.79        3.25        3.21        0.24     752330049.95  526591322693.30    2019699993.87    511047234    516184738zPDnCPNaQXkiPtzDLtcrENJONEyAAogVQCkOMhbLThGHBTRtMPVLtKXz    
19670504-112746FIN196721967040119670504    2159205607.41    1432354187.19        1.69        1.52        0.66     311762456.65  504385525171.91    2085274602.14    848001086    939462275MVCKckBWCQkXbqXuPPxiqbioWtLPmVFWPDdIQsbx                    
19670504-161914FIN196721967040119670504    7044958836.04     630212624.34        0.87        0.73        0.09     498405554.81  371134424065.48    9143820926.37    720426566    8635085310000000041
19670504-224800FIN196721967040119670504    5877885190.70     197900960.63        0.28        0.26        0.03      23411361.97  939792121338.75    1657006734.78    700223268    750085708ddSCazOpdJvGoBAzkC                                          
19670505-012229FIN196721967040119670505     191318615.51     130356128.27        0.17        0.15        0.68     530674176.01  844682632230.48    9998884121.85    775460227    887549559oUEGILgWillOuVWfPhwgMzCTHSIHvObGfPCxxrBYeSUoLXO             
19670505-082833FIN196721967040119670505    2894734789.38     600423342.56        0.65        0.62        0.21     959370331.44  624399511407.46    8737875526.19    926644326    9682469790000000018
19670505-203510FIN196721967040119670505    3609642722.90    1806782362.30        2.93        2.58        0.50     585345431.28  141191072068.69    5264846652.80    617065488    7007678920000000061
19670506-080746FIN196721967040119670506    9959844147.43    1685162746.70        1.78        1.61        0.17     901414190.38  390933984459.49     598714006.88    944308664   10494148330000000104
19670506-131231FIN196721967040119670506    3818646738.39    1581466574.78        2.09        1.96        0.41     214385950.85  398956153505.71    8885099308.78    755210526    807599096GcEHIyRTbWiNnUPa                                            
19670506-223106FIN196721967040119670506    1949027284.52     703524678.45        0.91        0.82        0.36     490802505.84  789561379425.72    5024913124.10    770726198    859742659PozAgYtmghzwqacMhOFSFF                                      
19670507-050355FIN196721967040119670507    3045691159.56     126558040.97        0.23        0.22        0.04     323142952.85  944259204864.26    6527098066.79    552039156    579335363KwjfmirRqfjJKRClFNxFXRUpUKSpCNxNadkYKRajlaHBFBFgLPbynOng    
19670507-061503FIN196721967040119670507    8231616312.97    4785254454.88       10.28        9.08        0.58     649614858.44  830164347838.98    9433096868.19    465668075    5267533550000000124
19670507-171035FIN196721967040119670507    5007900650.52    1767897613.69        3.47        3.46        0.35     287432016.88  875187822932.87    8990770649.82    508869754    5113178020000000015
19670507-193949FIN196721967040119670507     382514292.84     105605191.73        0.15        0.14        0.28     660495734.27  282322912793.70    2298984384.75    689310418    7790311520000000058
19670508-065030FIN196721967040119670508    3776831821.49     177698629.97        0.21        0.20        0.05     788047529.44  919975099520.78    3106790292.96    842390851    8878023470000000101
19670508-185129FIN196721967040119670508    5009501636.01    2328776618.94        3.79        3.43        0.46      25227520.03  589438465794.63    5745492746.67    614475303    678789775WyCTXCnMptryHhCwGFfCFMwhjCXqccIKE                           
19670509-021909FIN196721967040119670509    8303059721.92    4243333879.22      258.43      240.57        0.51     801829504.14  909919729549.38    8958683571.21     16419502     176389510000000035
19670509-070546FIN196721967040119670509    1108507998.86     443931539.43        0.72        0.71        0.40     533722293.37  601061675143.83      92918270.50    614277903    6209324080000000078
19670509-141004FIN196721967040119670509    9972284887.92    5121030104.69        5.87        4.91        0.51     877021674.06  564064216724.98    8536369809.83    872686004   10430074180000000121
19670509-220821FIN196721967040119670509     960645666.90     568675334.37        1.79        1.73        0.59     712833329.75  235948373288.24    7755155959.45    317290426    328083694EOMpasJigJVvYQGKVcDPddEniaOUaTojpCAmYQrUeZJEGo              
19670510-074739FIN196721967040119670510     378013453.52     173862351.75        0.47        0.45        0.46     370969278.32   59275287766.04     279057311.07    367556931    3829800550000000055
19670510-111649FIN196721967040119670510    3143006080.44     618352583.45        0.64        0.62        0.20     632626650.89  945302760985.78    6287178440.10    968475006   10030517210000000098
19670510-190436FIN196721967040119670510    2407249144.68     963323476.56        1.02        0.89        0.40     593910291.34  569636139810.77    8696067346.03    940811009   1087523968ZkoMRNxyXxPFWBJUQZlfnUdXWOFWJ                               
19670511-034609FIN196721967040119670511    3647772936.54     632533105.36        9.49        8.79        0.17      51513489.25  960482660384.53    6242965887.32     66681720     719801450000000032
19670511-095912FIN196721967040119670511    3961645316.89    1392562652.22        2.00        1.90        0.35     588646652.19  628693316073.43    4257925816.67    697138132    7320947640000000075
19670511-160517FIN196721967040119670511    1265673786.44     681243307.76        4.20        3.77        0.54     458354892.36  506944575703.54     526477847.51    162112399    180879135MvFWFxETzIJhdDIyDWMLuczKqULEfmrbdOONwcNWwVTIQWWIHBCDXCXCSEX 
19670511-173323FIN196721967040119670511     338741868.85      69474915.02        0.08        0.08        0.21     449075851.40  291457146151.67    7611944181.95    845308322    873838928zZCyFkqieiPsUGvBJwvhXNW                                     
19670512-040532CMPFSohRMQoHLNVLoGOjVKZKTXbuaIglpWlXbvFqGRh                    0000000156ACTVBDCCC 1960092522151 Bluff Road                                                                Apt. 746                                                                        V6Y 1R7     Corpus Christi           LA                  Canada                  Strauf                                        xPPgJioQqmkYoZqi                                                                                                                                      
19670512-143249SECAAAAAAAAAAAAAAACOMMONACTVDiIPnSJHqplAHTPKTGIhStBRNgEpVZYuRSRDlerURQYDcFPMaJ                    NASDAQ652346051    1905061719660317        1.850000000009
19670512-202442SECAAAAAAAAAAAAAABCOMMONACTVhLGaxijgkBZAvvYVHVMmOFN fMsFAbbAYlYRHEeYVAkDrIhJMkgIDB                NYSE  720090211    1871110119490624        0.510000000103
19670513-063237SECAAAAAAAAAAAAAACPREF_AACTVUilVUTKRECLSDpP DaKlJUMCQMeiZFugwSvUCGkEEiTI                          NASDAQ999528317    1916122618541113        1.730000000025
19670513-072920SECAAAAAAAAAAAAAADCOMMONACTVOc uthVrNPBEPGSFS mhGwYBMopUrBRKEgsleLHIJXfdyDSP                      NYSE  130160579    1923060718980610        1.580000000139
19670513-084121SECAAAAAAAAAAAAAAECOMMONACTVPNxdeTc yFBNHYcFQppSVqKyGWFL                                          NYSE  413206204    1943052518601104        1.230000000090
19670513-165243SECAAAAAAAAAAAAAAFCOMMONACTVScFEiCjIVZPCoRjRomREgzaZdyAPPETyBSOKBNfUa                             NYSE  926518720    1856100818820721        2.690000000096
19670513-170548CMPjmClCXBcZwINVyetRxHbWYRbsYBIFkuIGtecXWIN                    0000000021INACRSCCC+1860101819932 Clower Street                                                                                                                                             43623       Macon                    IA                  United States of AmericaCascio                                        YCaFAYUiNzTMf brahQDhkmJBBDYZZNVEsNKhhXDlIEZbQ UrvozWyERX CAFjLNLgdPiyDcXEVxCIRF                                                                      
19670513-191747CMPbWRTyqCBjRtUsuuQWDGpczVBR                                   0000000170ACTVPSCCC+1931101011414 Jay Street                                                                                                                                                15212       Bridgeport               UT                  United States of AmericaMartin                                        oelzqqIOUPNHPGJaepDFPEMmPQBKIDvBpFLrhfNTPCVxTQHccllSI RbuxOhDUXdV bWVfTBorOcUuDfBXb                                                                   
19670514-045316SECAAAAAAAAAAAAAAGCOMMONACTVoMnowvRnDbUeCCZLnUmKj                                                 NYSE  791193180    1929050619450703        2.31BELJVClFSUDWQNFrxaHxDDEMSOMNqTeWbFtIh                       
19670514-091457SECAAAAAAAAAAAAAAHCOMMONACTVjwNYEvuWTkLqhW                                                        PCX   488190951    1852010718620219        1.150000000094
19670514-193402SECAAAAAAAAAAAAAAICOMMONACTVBAYTcsczJxyrSrBsAWPPTR RpoM aEfuSiEswCEa                              AMEX  217201226    1965080419560709        2.020000000072
19670514-203735SECAAAAAAAAAAAAAAJCOMMONACTVvRSUHaAFtjpjrHGzDrClEIXysvFdwzThy NcecHGEayAYJdHLbLJGOEGHXQttz        AMEX  759652546    1903070718750620        0.81jsZEGZnyIEvAQcFFRlbgQmiCuyGHaHDzDwGgmCfNAmNhk               
19670515-061027SECAAAAAAAAAAAAAAKCOMMONACTVoSdwaF IZnEsEAvygPZJPGzFjDEMDJXRZKitjdgzKyNCrGHHuEVQjOPjLEhfJHeNAQEN  NASDAQ648069445    1852060819591222        2.64jLIQIdLrlUATnOXEVHYBHtEqSmUbnKKY                            
19670515-153458CMPTenznxCxDNREeghHodWME                                       0000000165ACTVMCD   1857060311447 Bernard South                                                                                                                                             H5J 1P6     Springfield              HI                  Canada                  Klawiter                                      kliGBUNcoIRjnMOLWnFSPlLLPjmvxwTepZmSpjldsDGILbFFAEBAEpFpThQsHDqkMNjEUfJhLPCEGNkgGfqEMzGUOjFou                                                         
19670515-194259SECAAAAAAAAAAAAAALCOMMONACTVXFGINYTPvkklDkUaEsztUWmHwDtyAMNkbxCFzmDHpHdGwFTBIk                    NYSE  31190556     1855040218550729        1.440000000099
19670516-021125SECAAAAAAAAAAAAAAMCOMMONACTVRtRqATRvhCCgKkdLCVheUywWyPOhIgOvSZwEadJvUjXDHvkKyIXxpAbCYkcYW         AMEX  134129471    1856092518550819        0.29GcEHIyRTbWiNnUPa                                            
19670516-125541SECAAAAAAAAAAAAAANCOMMONACTVVETyvTrYDKiunKuVWLJYuONehXTRBuNDpctCSxjYHJcWTPxBYNCP                  AMEX  275387340    1884101219160214        0.87XDnNdfGcCiNIOwdZoWMTZgVYEOsHLSH                             
19670516-194030SECAAAAAAAAAAAAAAOCOMMONACTVgxObucQGwYQdiiYAuAFnYpZIymDFEHpjUWblQBmdFfOhD                         PCX   864232739    1902070818981024        1.250000000147
19670517-061540SECAAAAAAAAAAAAAAPCOMMONACTVCmizLWHYciVME tCUzaBJM CAVbdVKNcCefYCEUbTPTNvPCuyWTxJrOPd             AMEX  680074044    1858072818560520        2.36DIOKfSfWssQzOdgyxCetm                                       
19670517-132017SECAAAAAAAAAAAAAAQCOMMONACTVVDlgRzzJUFTdNJSVhKMWzLMdlkyDBxkabuJoQbnPE                             NASDAQ726363817    1867110219601110        2.87zZCyFkqieiPsUGvBJwvhXNW                                     
19670518-010129SECAAAAAAAAAAAAAARCOMMONACTVVYFDAE JMKWSLfhOoOSFDXqTWNSCZNtLRAgLunBNM RJVLeJIKhATTHYnuKSCVCDYFIPASNYSE  19702344     1895060618510907        2.96diqlqOsDpYaNQhSPBbXhMXocCDXEfNMfLDMDHOdpovsklTN             
19670518-123039SECAAAAAAAAAAAAAASPREF_AACTVTrHEldPATEJNSN AJMDEKXBiwMtQf EKWaNpahbVkdSSPdoOloroCmJQa             PCX   250773393    1966021118850814        0.380000000130
19670518-233246SECAAAAAAAAAAAAAATCOMMONACTVMrZPGICaDBtOzENjSpLWbPeayXVPDVkRoz CVvCeTbLDIoQmcMwA                  NYSE  345977805    1876111119620918        1.410000000136
19670519-061434SECAAAAAAAAAAAAAAUPREF_BACTVzLGgTBgtlrQSFCYVOkyOBTaUVEDrnmSJBNAOMOGEgUqIYhtMD                     NASDAQ123937703    1912061919200707        2.86QTlJJPTwTIKGjWucWLFdQIFqUFDViLqZHmopzBSaxPctxonmQDYpdPzwRDD 
19670519-171327SECAAAAAAAAAAAAAAVCOMMONACTVjLQDiV gYkI                                                           AMEX  136995638    1916072718630705        0.930000000013
19670520-001231SECAAAAAAAAAAAAAAWPREF_BACTVNxdwYSNOyAAVu                                                         NASDAQ995012090    1904060719570228        2.980000000104
19670520-070429SECAAAAAAAAAAAAAAXCOMMONACTVTVaBQJTNUPgjQjZJjaNhfJuogfpRCzIhqIDaFPFyGxQIpMhNtiDmLgg J             NASDAQ356243901    1952011918501009        2.00UfSHWSCITBCAOZQunWBPoRwGIRuCUoPSdEQARTADOJmAyACdfM          
19670520-104015SECAAAAAAAAAAAAAAYPREF_AACTVDSjRQzkxwlHKA                                                         PCX   29406108     1882012519011229        0.630000000083
19670520-224947CMPxBnSlRisBhhApLkYYpgKBuKUoOHNYJNUmlLfQFKPFYrDdHMTQlCc        0000000160ACTVCNAA  1932061919737 Broad South                                                                                                                                               72903       San Jose                 OH                  United States of AmericaRumler                                        vbgUPqsVzexTwhMGEvOxngLRNqRpKWGTUU gSJtkIblJSarMbLgbRhTAAsKFEAwiIqJhHYUPGRCnHGIJHAVOmWbU                                                              
19670520-225349SECAAAAAAAAAAAAAAZCOMMONACTViTuxyMPdSDEyYoKanUVEkDkFgtHOTamEGDXRTOyJDtaMD ZYZQoAELwgJDf           PCX   858332918    1924041919590327        2.36vdHVNrdOsIrMwKVkVqSWHZdImDBjZqUdrAJUzFOPrUum                
19670521-110015CMPPMgDpipjuKrTIpAxZtGGvOYns                                   0000000155ACTVNMC   1887101613198 Imperial Boulevard                                                                                                                                        V6W 1P1     Hayward                  KS                  Canada                  Lime                                          DieblHOGqOKZQRLFSIL                                                                                                                                   
19670521-225644SECAAAAAAAAAAAAABACOMMONACTVEadZaOznViEwAIKZRwGkjHYSoloibrcMKLneMF                                NYSE  751290189    1959031819390815        2.07IiHkvFAHjNrDbHaXULOVQWMsfQI                                 
19670522-052514SECAAAAAAAAAAAAABBCOMMONACTVZxKiMHzlpX Vq HGrphqTSIlQRF                                           NYSE  866794275    1943030519530218        0.370000000052
19670522-111255SECAAAAAAAAAAAAABCPREF_AACTVDKZTuPGRjypYEBPVCZynIMAzkjAvFtHAKPGgWQ fEnetF                         AMEX  384046438    1896081518790424        2.56GBwfXYROsIFGgJnevYXtIlKWqpWBaxUOBLQuBOjIgbnnJiATTAwMElnc    
19670522-231901SECAAAAAAAAAAAAABDPREF_BACTVPRhxAPBRQJTQDlQANEeQSwztSPzlFUuSOqtKMOcZu                             NYSE  71000207     1855102419260105        2.24UxwoFfdmLfKmuJCZStrMNOScJQzWthcXUUiyvsPHTsRlAJPOiKyvchxt    
19670523-052631SECAAAAAAAAAAAAABECOMMONACTVvyLKgRHwDGGULKEHFIVkWETDIUDwxBK oAfYhf zVwKp                          AMEX  423455935    1965040719420401        0.630000000057
19670523-155036SECAAAAAAAAAAAAABFCOMMONACTVVJqrbyGt BGdHZhaySgtHHX                                               AMEX  467463611    1956100419490410        2.030000000039
19670523-222710SECAAAAAAAAAAAAABGPREF_CACTVnSUOJKJCFJZVyolNEFyY GADZtSSOZGHxzcqfMNFHKbSvxUYhrAzDqghiD            PCX   254460681    1889022319350912        0.37FVGmQdOORBhcLfIPiADRHiPNvGlOIkkKoLhHGhaUNUSHWVhKqDfXAFFT    
19670524-023307SECAAAAAAAAAAAAABHPREF_AACTV KdpIDri Aun                                                          NYSE  444306778    1884080619230316        0.63KCkPotwrqSQFGNsyRmfAqMDPgLswKnMFgi                          
19670524-050852SECAAAAAAAAAAAAABICOMMONACTVNZUBULNTfJMTFoEUarvynPiwI whwReQkDNKlFBRjoMwRjkylDOZqkpLo             NASDAQ581301705    1920030918760622        2.640000000149
19670524-151154CMPWCJJAitQbHnCKfmKEVEELEBjYtHsVGTBpOMMCLXEadMPRGRTA           0000000032ACTVEIBBB+190304242061 Congress Park                                                                                                                                              T6A 1D4     Vallejo                  WY                  United States of AmericaClemence                                      gLGjJgEPgDmYKXcKORXoGvCTarEskGPFALWprHYzqirEESSMuhewvIAUWfbIQaNOBNtozHRaACQpiKHNwDWFIJuDfHZtqrERSNipMnVqYrwWsCRpJFLhpCKOdAotUQU                       
19670524-155655SECAAAAAAAAAAAAABJCOMMONACTVCWkQv CVHflkKOYGzSEGRtfO iAQgMPKOjCBjVVketX                           PCX   416091002    1928041719240213        0.270000000096
19670524-171923SECAAAAAAAAAAAAABKCOMMONACTVAhpuLWcqubVBEGTB HUHQkGLuQTxn                                         NASDAQ236769972    1866051519500118        0.880000000137
19670524-233015SECAAAAAAAAAAAAABLPREF_BACTVNiCUPtADZazCucJvfWBWJkmPPMUZOvKfjDThHCiCdkppkJIkbnIOlFEGGPQuPMUSL     PCX   885559893    1882043019450621        2.77qTWHBOgEuGnUTcpDWXPStEWt                                    
19670525-091356SECAAAAAAAAAAAAABMCOMMONACTVwRPVdUcLkkLEoknoXoETSCwKKpOgtKo                                       NYSE  469003956    1857091918510512        2.08zjoKtxCKSTNWLpRzJEjyVWiVEuzmYUTLdbyRHLSIgDUbYquZsCvOKJvFaWMu
19670525-141944CMPCdxTUdBhXtFuFIWUAJgQQbBCCyPDDJIUgsEXveWvNOjZPwOYqC          0000000169ACTVPGB-  191110299177 Wishek Park                                                                Apt. 791                                                                        X5F 1V9     Arlington                MO                  United States of AmericaOliverio                                      IEHHbsClVBURtyfuAFipjULaVxObTuSHxoIABHTtoO                                                                                                            
19670525-181747SECAAAAAAAAAAAAABNPREF_AACTVbsTUBRJPHznPOSQXClKUHHBtVhHfS NzlVkdUIfEjLfm                          NASDAQ641678655    1901020218661027        3.000000000095
19670526-023513SECAAAAAAAAAAAAABOPREF_BACTVFICJvwAfXhPvpOgvVgbSFHTTaWJtAuANPX                                    PCX   640374415    1865062619530131        1.560000000026
19670526-061227SECAAAAAAAAAAAAABPCOMMONACTVMEWFWSjxLkv                                                           PCX   840520035    1938061418960817        1.98NAYgyJWLYJBEBsHyewWRGxACUqRMXHbFXaWCEBYtC                   
19670526-101825SECAAAAAAAAAAAAABQPREF_AACTVFboArSQdJAIybScSQFfeyYZtNaJMQPROjsPjUVXmGEHiQKKSqpCyTUYUFIUH          NYSE  155418674    1960101619231210        0.630000000027
19670526-213449SECAAAAAAAAAAAAABRCOMMONACTVbGUIcXh ASpzItAOZXuPDi t                                              AMEX  758047030    1862081718520426        0.49BCRRYMzpoAimKRITzLWLsoomeKjnZvguJDE                         
19670527-024315SECAAAAAAAAAAAAABSPREF_CACTVHiKgKFhP E                                                            PCX   544290590    1898052819161227        2.190000000045
19670527-131645SECAAAAAAAAAAAAABTPREF_AACTVRCIJETDPMASvaGqJxOWvTISXQGOWJVK JphmfZEQqTaoprLGKUILJTzO              NASDAQ221729517    1916042418680204        0.280000000142
19670527-182432SECAAAAAAAAAAAAABUPREF_BACTVTTLeMXMuzDOnmwtZouVgTATfEPUfqooBsVKaxvnfcCBqQIOk                      PCX   103654241    1860102318520506        2.08GBwfXYROsIFGgJnevYXtIlKWqpWBaxUOBLQuBOjIgbnnJiATTAwMElnc    
19670528-015143SECAAAAAAAAAAAAABVPREF_BACTVyPjoNkePCMafzYWRFBf LkanJeF                                           PCX   938248691    1903052718540525        1.650000000026
19670528-055113SECAAAAAAAAAAAAABWCOMMONACTV xcRJBBDJCjXmLkGNsHbmY                                                NASDAQ328610404    1962090118760706        0.46qzuJbEnLbLOlOtyvsWNfYJGAxriKRxn                             
19670528-055736SECAAAAAAAAAAAAABXPREF_CACTVVs pXBVpAAuMsxiLLxUTDLBnExKPPxxL                                      AMEX  562210840    1951050118730117        0.920000000021
19670528-110723SECAAAAAAAAAAAAABYCOMMONACTVpXkNVnOqNDTPNXjaxzRIamtDFiPOLFCQACQxeErK OkGao                        AMEX  783161469    1898091219110528        0.750000000044
19670528-180111SECAAAAAAAAAAAAABZCOMMONACTVVNwLEZzrGahvFPczINOELdFDSjIDBqOBDcXKFsChxAzlXMoouR                    NYSE  534843063    1864121418850430        2.85DRNHqMCixoAPPUXBkC                                          
19670528-213812SECAAAAAAAAAAAAACACOMMONACTVedeTCNNzZJraMhWVNuTmlIAWkPONL QBZyOt                                  PCX   466063202    1935021419470924        0.630000000130
19670528-232408SECAAAAAAAAAAAAACBCOMMONACTVTXQUbZojavPJHKizgQIEVoLlKztRYcktSAZNCfuPTakRPBFSNLUU                  NASDAQ46291090     1914072918830619        1.87qzuJbEnLbLOlOtyvsWNfYJGAxriKRxn                             
19670529-045352SECAAAAAAAAAAAAACCCOMMONACTViZRzCURRbFaVTkIgohCgZeKRvqHaUgqHUCtSeCYRpQgCnMeDP                     NASDAQ671877871    1920120918990708        2.520000000134
19670529-065154SECAAAAAAAAAAAAACDCOMMONACTVKnfwLIXRocGucgJZHSVgKiBnopNrdSwBnYrYPYthmrSe                          NYSE  222126202    1906072519380205        2.03qNBRLBcNHRMNCOGgoLutSmLjluU                                 
19670529-120229SECAAAAAAAAAAAAACECOMMONACTVUTTGegIUvVsNfGxNouuQnySJb                                             NYSE  663323466    1914090919180219        2.030000000115
19670529-175536SECAAAAAAAAAAAAACFCOMMONACTVqogYORdhIElCPRugsDnOCAxkGlGRQIevFDnbckRaUhEBFIYjGCLRTVO               AMEX  996597274    1875032218610714        2.71YtvHEQBjudJlIIctWcFxmnzyLLXwZIjQbTYYSJjShQPPW               
19670529-225545SECAAAAAAAAAAAAACGPREF_CACTVHOrHPhltuykbHAKAirZTKJrZBMfID                                         PCX   496195827    1963062419650726        2.930000000026
19670530-002907SECAAAAAAAAAAAAACHCOMMONACTVyVhDMAeVbLfLNuDCREhhnLV GcmYBAIQmiYDmxWNYbByqP                        AMEX  180250065    1900031719481231        0.27PFoTZYECEjQHItKmWAtfTOMK                                    
19670530-030338SECAAAAAAAAAAAAACICOMMONACTVZXHrTLqKopCqIUNBlk                                                    AMEX  728376451    1897121319481004        0.61jsZEGZnyIEvAQcFFRlbgQmiCuyGHaHDzDwGgmCfNAmNhk               
19670530-144024SECAAAAAAAAAAAAACJCOMMONACTVVlMaBtCZEFGGbAozNwWuKFKisHNCxRMvkcHGSRKkeimGYGxeiToJ qXMFTTICbXU      NASDAQ383619886    1881120518730627        1.640000000007
19670530-231528SECAAAAAAAAAAAAACKCOMMONACTVPwFNJpiJiPm QfsqTNGKnjxeArhkVaECMZcHAuIMBjuGTNLuN                     NYSE  616094359    1894090318690219        0.950000000087
19670531-111310SECAAAAAAAAAAAAACLCOMMONACTVpZScccpJTfDwcYkGmifDqNA                                               NASDAQ403154629    1896091718671003        0.880000000010
19670531-131259SECAAAAAAAAAAAAACMCOMMONACTVyPDTMVLEOVfPpEUEQEHXFjZZHLHL                                          AMEX  6465898      1890052219140628        1.87JaBRAUCPDCLITNXXrADVCSIopfxogeRFkYFvBVlr                    
19670601-003142CMPEFRGQVNkQlrMBfrFQgzyFSvIGoSmPcPULRqbXjpBElOnGvzHZPaBQRlsvgyc0000000164ACTVCMCCC+1906090616165 Ottley North                                                                                                                                              E7O 1K7     Kitchener                OK                                          Rabner                                        ONpORdWmFhwSFGObPgVnfVWTMlnFFLTpCBpkFlBRMVommQhnLYBDSiACLHkrtcifIABQUfFFbGVEZQfRLAjizNuxHciTrgNGaJAUjRHVIm YjwLMsaJKBxPBDVtbBCIIpcbMEVXDRdimfUKQWR    
19670601-102003SECAAAAAAAAAAAAACNCOMMONACTVAURBcMEpSKrntqBWutMwKNlEDdIMDNygMHAsDsGUrAstLoIbSURRLpEBjNEpBhjeeixTp NASDAQ742593551    1950122718641015        2.68gxRDKFSvPlmeIOeEmKDFgLkPgZLTtoGjaHHWZjKtlLUyZjfjUTUOEdaZC   
19670601-131409SECAAAAAAAAAAAAACOCOMMONACTVuCgbKCFOBdWduiRTVuUAUODUnbqflBrFqRxRqIfItkIZRdCOvRWLNmNrVRMDGNG       PCX   307110221    1879090418511113        2.41gZUwQaFFTCVVSnegbXTDEgWjCjDNFMHmaEQQDtfQdxtonNVUp           
19670602-004336SECAAAAAAAAAAAAACPPREF_BACTVaPKdlEKzyRMYUqNqBdunRiPOAFVABrXvyEQPKuOJeSaXlGOAZbEgny                NYSE  799841233    1936090219190818        1.690000000020
19670602-012544SECAAAAAAAAAAAAACQCOMMONACTVnlJfUkwMvOywZGLSVqCfoPmEGDNwgEoyNyZuwEFTUDZAPaEJAoyJU                 NASDAQ772170308    1925052518900128        0.11VRCqMDchijxAuePBgjywAGgqrVRBEFpiTlAyRVbIdJsaEVtlYWHXc       
19670602-053649SECAAAAAAAAAAAAACRCOMMONACTVJkGdQMJNxPUodltLtZbJeMbfBEHNjEsXJqyCOajvcz BDoklOqI                   AMEX  992758631    1964110118620720        1.140000000136
19670602-153240SECAAAAAAAAAAAAACSCOMMONACTVfbqhpcOPLVguKAbcJpJMUdQiEmHMuZBhQPrzQplUVitFsZFOlChmaAJNKUAvCYjp      NYSE  238822754    1936061518971230        2.38PFoTZYECEjQHItKmWAtfTOMK                                    
19670602-160444SECAAAAAAAAAAAAACTCOMMONACTVdqaSEsLRziQlgayTIaocAGODiLIAbQUdDmLCaKAEHwPyRooDAAUuGCHJ              PCX   554653419    1933121619090621        2.48uiRYXfIoONrIzCHoJMWlq                                       
19670602-195917SECAAAAAAAAAAAAACUCOMMONACTVQbCPjmsFcEcgpKWPAUEMMfzOiZyWIFeeHMLGRTSpYGSQIYPZJ                     NASDAQ695062051    1910010918841109        0.76jUcPVhEyIOUOiGIFCWXeodPfeZnFxPLWfseMUNWsZXXpfHPOtVSQAmN     
19670603-065929SECAAAAAAAAAAAAACVCOMMONACTVNDRNKrDngsjb WVhfm uAGDkZzqHDaWsjmMLhwWOhSgEXGNfir                    NYSE  106280456    1858090119380509        0.270000000003
19670603-164003SECAAAAAAAAAAAAACWCOMMONACTVHuVFGJNUGrmMkgzHAHgPjfuLXSHPapdlIVDabNocQQBYH CjPcnpHaPHMZKGYFVyXDrTgINYSE  681233900    1928112419350630        1.980000000036
19670604-021432SECAAAAAAAAAAAAACXPREF_AACTVSSTSDcPCPCEYpAwcaCGlXv LSGbn                                          NASDAQ38824552     1885031819631219        2.590000000068
19670604-073345SECAAAAAAAAAAAAACYPREF_CACTVhVTNOPgYqSlRSatPJCTDuTVSkDQoUNH aLITrbIPGVPLDKabzIyxOJQj              PCX   923704108    1889092919010929        1.150000000063
19670604-141950SECAAAAAAAAAAAAACZPREF_AACTVCUGIvLbJCoTPdkebEDcTFHLCSkMDpdWFjhEoN giTA                            NYSE  626870793    1851010219090118        0.180000000140
19670604-211240SECAAAAAAAAAAAAADACOMMONACTVBqqMYYvVWduTXjiEqUqp lJghbaIzWOqVeiBbPVAQmazvOlK PV                   AMEX  747536344    1892081219221106        1.760000000140
19670605-051310SECAAAAAAAAAAAAADBCOMMONACTVVXqReRsMoGKCVIbPnLQKNzKLEVIQAuIEGklHbfCzObJabervCIwaLuwbMphE          AMEX  37363833     1903030918720725        0.280000000063
19670605-152013SECAAAAAAAAAAAAADCCOMMONACTVLQYNiQKJb UFLPjQQbIDDyYVnORFJGjbCRjTUkNklKAYSAua x                    NASDAQ16538767     1958100518621008        0.22VRCqMDchijxAuePBgjywAGgqrVRBEFpiTlAyRVbIdJsaEVtlYWHXc       
19670605-221333SECAAAAAAAAAAAAADDPREF_AACTVZVXNqHSlTIVAlEzomCm                                                   AMEX  517065853    1933020318530702        1.78zScyndwxOcLUXIwtrdKPFPDeQiYudN                              
19670606-043340SECAAAAAAAAAAAAADECOMMONACTVOxucBsKRrwErNUHERhoZmysmcRg                                           AMEX  338863306    1871010419591123        1.02caTSWZAZArGJdoyLThaWQbFTpAgqCWU                             
19670606-063950SECAAAAAAAAAAAAADFCOMMONACTVVggeEkcloKgvwjLOBtPSqNMfKiEHslXJUMfKUbTBavhwOCn                       NASDAQ350739172    1904071518780531        0.390000000055
19670606-150528SECAAAAAAAAAAAAADGCOMMONACTVrbHOEAFDWLr hsimVXNoCyqJjmm ipVxhEqH                                  AMEX  507644774    1890091619000726        2.840000000053
19670606-201732SECAAAAAAAAAAAAADHCOMMONACTVUGiFsmgXGImlzQcPVSJwiQv                                               AMEX  650388733    1889033019660128        0.53mJmRJtJARsVsPrXR                                            
19670606-202355SECAAAAAAAAAAAAADICOMMONACTVQndRyu GpiprGpBQRdQNUNEHVDXtMcdr                                      AMEX  239222983    1851101619210923        2.61diqlqOsDpYaNQhSPBbXhMXocCDXEfNMfLDMDHOdpovsklTN             
19670606-210233SECAAAAAAAAAAAAADJCOMMONACTVklPEzPcxPEiMELdaqgiXnGTpiSfLGhmdhINTUb yC                             PCX   803840572    1952072019341105        1.32ddSCazOpdJvGoBAzkC                                          
19670606-222817SECAAAAAAAAAAAAADKPREF_AACTVPgLEFXLPxUMjiNyTFgEJeLpWwQeXzkf OwzTQScMhkYgPSOeJAVNQdmRHcyNAOYTmWvsuAAMEX  503661009    1879021518640807        1.040000000108
19670607-002057CMPhenKOtVPuTJpiOrPJXMGBROjQKD                                 0000000159ACTVCGAA  190203263214 Minot Boulevard                                                                                                                                            46224       Huntsville               DC                  United States of AmericaFugitt                                        DSEzFMnGQyGfBTBBvQUwtDtOdrPuqLWkbJCphdZSOIIULBljmRuBkAVejBUNdXDBDUJgFphWPTQGDvZHWGIEzmEiNmuqhqDGvjCSPlGWQUKUSnMZy                                     
19670607-014921SECAAAAAAAAAAAAADLCOMMONACTVFoN THQLKkzsANJrHhmcUOwFQ                                             PCX   244307236    1858052318890530        2.520000000043
19670607-120614SECAAAAAAAAAAAAADMCOMMONACTVmfTGLAorpQbWaDsUyQIVON                                                PCX   545429854    1910041918740401        0.030000000043
19670607-133838SECAAAAAAAAAAAAADNCOMMONACTVpNTIHBlBJZaRFPAHkHFXynMLTbvUvqdRVJzATpCz                              AMEX  121669336    1936021619140823        1.00kHtGiuFfPHTrsLQCQMHgHEIaeKArhp                              
19670607-225048SECAAAAAAAAAAAAADOCOMMONACTVQGAMZngQJGWQFDBUBRicc                                                 NYSE  730071543    1964073018991005        0.730000000112
19670608-064520SECAAAAAAAAAAAAADPCOMMONACTVFvxVEYZshpqtfOwOLOoInQBhoSifPGeL MKuOULsAtYOJvOoSBIMrU                PCX   788027199    1924051918521119        2.02FVGmQdOORBhcLfIPiADRHiPNvGlOIkkKoLhHGhaUNUSHWVhKqDfXAFFT    
19670608-082553SECAAAAAAAAAAAAADQPREF_CACTVIcQOaHeSLqSShfStIfMXyTvMlqGnAejEKqUXQwARPDgzv VQvQQ                   PCX   35232540     1898031319381226        2.550000000013
19670608-151319CMPnWCuOsSpGHyPtnWxAYFbZJKRVPYuBpFehsjAEpnscPPBHCmXQTEmjOKB    0000000154ACTVMHblxN1862011717286 Harvard Park                                                                                                                                              V6E 1S6     Dayton                   MI                  United States of AmericaHolyfield                                     vIkGAObLBIgUbfTRzTjFaRYEIqYMzGPJxJIGQcUFqhxmIWKcFLRGxJSaHiBOEMTolDveuSahgAFIZGdXIAljxKhQNRzrDsfQhDQuNwUWGXbQfE nfUrNUnMaZQku                          
19670608-161353SECAAAAAAAAAAAAADRPREF_BACTVOICqIOokqYiSuKPI                                                      NASDAQ54209600     1963052418740609        1.500000000026
19670609-003925SECAAAAAAAAAAAAADSCOMMONACTVnoGJQOyFUEONIQ AePwPddJOznNXtwmVRlYNPlaYvRXReH KGbBRjVbfWNndeiuhXIvH  NYSE  990676615    1957032218820218        1.900000000144
19670609-064017SECAAAAAAAAAAAAADTCOMMONACTVpoKLUquomlaARAwuViNA AFoeSGEKYy UDSCAfWLtkiTEWQIPEMzngXHMixPilJJEvqnjTAMEX  139458738    1913040319321209        0.46ocLGFxFIvpmKvcDUqwdLsRIzqVqOQSmQKDGKkgHNbNoSCBZlC           
19670609-085200SECAAAAAAAAAAAAADUCOMMONACTVisaKgTEyNYeReGpwsWvkDywoePvThRSHpMwNi eyUFKkdnhEMxALeJXIv             NASDAQ491520032    1861112418861128        1.48DLOqrAMsniZCUBVpOTjUgaEEZbqdWYSFFoVQs                       
19670609-202704SECAAAAAAAAAAAAADVCOMMONACTVVKMZZKLoHeJyzeLMvLIwPLySdMsCrSOEZpy                                   NASDAQ43775987     1930111119230123        2.010000000000
19670610-050853SECAAAAAAAAAAAAADWPREF_BACTVwQVIURZaKZubRnTsmOcMGioUUTWaMV                                        AMEX  410170045    1895042119390411        2.42DIOKfSfWssQzOdgyxCetm                                       
19670610-065753SECAAAAAAAAAAAAADXCOMMONACTVUEgcTKrdFAROvefFzHAnJY YmvdXUSKzDPFyFhoFlcFJJFTPvLaApMEZPGBqQMxuU q   PCX   337888503    1855101219030312        2.320000000000
19670610-071027SECAAAAAAAAAAAAADYCOMMONACTVbfaROk usDBZaMRBZQYVHTFbJ                                             NASDAQ915389235    1938013018770614        2.520000000038
19670610-080248SECAAAAAAAAAAAAADZCOMMONACTVumvFPCRAOqhHlEPozDtmJkeEgIhMXCMoOaTsIFgfOnkABKWCLmcZNc                NYSE  571929989    1875100118561128        2.85WyCTXCnMptryHhCwGFfCFMwhjCXqccIKE                           
19670610-095356SECAAAAAAAAAAAAAEACOMMONACTVnbiZCcQGLpRcT g vYhPSMxgFBNMPEQjABfYamboFURuaTHhUSPixWvtt             AMEX  988475092    1940010819360104        0.44DtsNvBcUYhPGHuGmBaQQIRiXiKlYxUFPHFJtrQploRYBiQoXN           
19670610-213533CMPwusPbEHCRIEzEwJUAqKHIUWBxfFvRBthBexyXHrFr                   0000000173ACTVMCA+  1908122512417 Airport Drive                                                                                                                                             60641       Dayton                   HI                  United States of AmericaGascoigne                                     eAqUxOqEogegRImJSzENEhzgMPLUUHiCMiJaZQPnYVYFJcUcIVgFBDoAcGZyzPNtReRPcsQmtfJPQTUUSdpfMFIeLtFdrtpPEBJFNBLNiMUtOFOBBWm                                   
19670611-054139SECAAAAAAAAAAAAAEBCOMMONACTVMxNHYsuYFlTRLfmXFWDIkPdULTTzsGkEzMgzIyC rCFF                          AMEX  381739806    1915010418790708        2.37KRtMROFTkhVPydRKxEDtVV                                      
19670611-170558CMPzwqoWSVQjNxEZABesPNTsTeFMDMjahzJEGOmdWsrJGHpLMoVTECfyWEiP   0000000168ACTVCKAA- 192909268743 Bledsoe Court                                                                                                                                              68516       Tacoma                   Quebec              United States of AmericaOliverio                                      NNfrLRFiyEmgGZTMABVtFCoNDvzCpdOsiOehLlQNXbpd                                                                                                          
19670611-204613SECAAAAAAAAAAAAAECCOMMONACTVPmddfFKgIRhVtHxaySDlIIYXFuuJFrkhkDHSLGzo                              AMEX  958472683    1915083119280108        0.05VNUMGRlTCSQKEfjLfhaUANwnlPAHDkoFxyHfydObCUUeDgBa            
19670612-001524SECAAAAAAAAAAAAAEDCOMMONACTVtRbMRuOfa exGkaxQ zJDJlAfnySQsuQniEstOZZNTDvwNzPKEgAkJMawPxUU         NYSE  228504208    1910123019341219        2.00AChNrBRFTkjZjDXSGVlG                                        
19670612-095145SECAAAAAAAAAAAAAEEPREF_AACTViRLRcwVfypOA                                                          NASDAQ583200740    1898020718710628        1.69wtUTIAshgTRlJiCRkCrsvGzSDTTpQWXTsIEaW                       
19670612-182929SECAAAAAAAAAAAAAEFCOMMONACTVVuqVbaQUyHJQTwJfQCFFSiFEVEjGlnzmUISJYfPqPOOqXVWLQaufCQVH              NASDAQ417602299    1870051118661205        0.41pDToWKnnzZZqdQIocIAFPFOfRfwAkprXFizOUUlpONRGUKsXiJIgzGEugKl 
19670613-042642SECAAAAAAAAAAAAAEGCOMMONACTVrxsurUOqWCdUNoJYlWRd                                                  PCX   89962475     1851060219130504        1.10aTBtUPONgCjynxZSXAXRuyBVRBoIDKCCktKROOHDLIaEPTLYdlVDojMosM  
19670613-114333SECAAAAAAAAAAAAAEHPREF_BACTVHONWVscwQAdviErMqPvrfKggKKCpOU                                        NASDAQ902699700    1906080119080921        0.820000000074
19670613-181452SECAAAAAAAAAAAAAEIPREF_AACTVNIOSYJhtSDjIggdVJyZlAL                                                NYSE  799904980    1932041419620204        2.150000000087
19670614-053158SECAAAAAAAAAAAAAEJCOMMONACTVfFMAHyMIDRoTLFfgVBzxGFOUVsimMBHHoHOWYfA JWCASIgSJ                     AMEX  351264103    1858021419240116        1.29VRCqMDchijxAuePBgjywAGgqrVRBEFpiTlAyRVbIdJsaEVtlYWHXc       
19670614-074606SECAAAAAAAAAAAAAEKCOMMONACTVDqiCAqPhYxt dmjPnRNHUKGyLVsnFDECELBezfPM                              AMEX  749473576    1879092718920101        2.22jmClCXBcZwINVyetRxHbWYRbsYBIFkuIGtecXWIN                    
19670614-180401SECAAAAAAAAAAAAAELCOMMONACTVJUSRwMEYbmYXtukHWIFRJUjbhPyXsCAFGxeZBvOLyzOYmLTz voEjuglonG           NASDAQ348655176    1934083019351004        0.89PGyStCWXuTMNSmMcKBrfVUQWskEFHeKXCHmNquHGGLzFUUDwJPEAiv      
19670614-211026SECAAAAAAAAAAAAAEMPREF_BACTVL qP eTS SEiNvsIpAJTHQDCmBJop                                         PCX   772971691    1949020419170201        1.540000000054
19670615-020748CMPKCJKxaPQOADwZRgyHQNktTTmwqOFwPjbiFVZIUZJwSKLGIDsVEuGvpOcUta 0000000163ACTVREBB-         5484 McKinnon Lane                                                                                                                                              T5D 1W2     Windsor                  WI                  United States of AmericaHahm                                          BNbCjcBGl rETPVDfClJOzKKFCguHNFCLpzLvyXMcWIIJTCfHOZzRtviVaGSDjkUHgCSZ                                                                                 
19670615-122048CMPmIdEvCjuNdAhXMiSUsSoLTMDFJuXWpAWUSUCLpXJvHQG                0000000158ACTVBSA   1935030810666 Travis West                                                                                                                                               E7O 1O9     Norfolk                  ME                  United States of AmericaMakris                                        AfyOigNbARKvbHdIKDNtqzznlCOMCSJTwPdcSdAlALfxedEvEMdyqlvSwZe                                                                                           
19670615-232351SECAAAAAAAAAAAAAENPREF_AACTV itHTBRHVPbceIujRXPBzjcaFhIRgMVEPgdAPwzQFMXl                          PCX   874235861    1904060518510420        2.08dGTSaPOJMHvtCCHelvrPOQXnY                                   
19670616-053153SECAAAAAAAAAAAAAEOPREF_AACTVnFZNFQbfmeCVCLspLFIulAqFCDPuwYJuJNRKROFhWJLEIJFQsMOcVojIVFVUDOfcJw    AMEX  502496617    1871091319030505        2.000000000022
19670616-165633SECAAAAAAAAAAAAAEPCOMMONACTVvTUPBpcHRbAxKcgwlTiVfNtjnGDHTfIFEw CM rPAUPIKrylLUdVSLRoLWnmVRxS      AMEX  224972889    1858123019040809        1.080000000101
19670617-015809SECAAAAAAAAAAAAAEQPREF_AACTVMbKnCSjyaBQEpvlRhqDkDbfDFQgGNUmRsoIKRmgLUdOZbTGKwCHdjwQBtQ            NASDAQ752985749    1908123019411014        1.160000000066
19670617-054412SECAAAAAAAAAAAAAERCOMMONACTVExqClZNFNKJCXTHdOnPtLABmPNdiddwcTlQTFAopEQZwzk                        NYSE  944931376    1850060919090905        0.990000000121
19670617-170254SECAAAAAAAAAAAAAESPREF_CACTVJjMMOoVdWDshLCCyFGJWwjsRWkNGSuylgmrNLKeoGGAFfuJ                       PCX   671350613    1913121719190203        0.530000000090
19670618-051804SECAAAAAAAAAAAAAETPREF_AACTVmbMXxqlU FGSWcAz                                                      AMEX  769532655    1890050619291019        0.610000000022
19670618-142851SECAAAAAAAAAAAAAEUPREF_BACTVnZrKWHdpGknwZWKYHDLiECJcgYrrwlCNlEaJDLwCm                             PCX   777442760    1950092319040105        1.63eyGBByYTpoRbgjJdHtPbQdJTXrTbcWTJkSHlPvDAkK                  
19670618-150013SECAAAAAAAAAAAAAEVCOMMONACTVoXHbStPBsNB mknJF SRZjJXpOKAOMwKdFgnFeMXrnCGfzWIaIpVHRVM              NASDAQ211625001    1941101119410415        2.54TzOOKJSXlzetRDAZNOaBGRiAoYkrPjDLzvR                         
19670618-190809SECAAAAAAAAAAAAAEWCOMMONACTVhHFNaZAobtMtxtIoBHrJD                                                 AMEX  630686676    1945050118850525        1.23KRtMROFTkhVPydRKxEDtVV                                      
19670619-001115SECAAAAAAAAAAAAAEXCOMMONACTVUsxSXXGapdgQlcYOCIuKdPonMEbKVQKDQlLcu                                 NYSE  933818780    1860071118850615        2.74gDqcCBxupXLOeBnjyoDuJKKpXXazMTBejzLaoxVkzpfVHbeQYNnEL       
19670619-075619SECAAAAAAAAAAAAAEYCOMMONACTVppAQbV cQEyqSakgSxsVFVImxIPx                                          NASDAQ854044222    1929031519301116        0.94XDnNdfGcCiNIOwdZoWMTZgVYEOsHLSH                             
19670619-162756SECAAAAAAAAAAAAAEZCOMMONACTVHRPNHUtMpHMUfEMRmNnydvGsmRYDyMOtNOP                                   PCX   495928258    1922040518590208        1.29TVBaQTDJrwGqJVGCBssskBnDsDMLUWwziNkIsfdVbcTmSYVg            
19670620-034814SECAAAAAAAAAAAAAFACOMMONACTVNsiHDbh ewAhGiRBI                                                     NASDAQ764323867    1886010618730212        1.66eyGBByYTpoRbgjJdHtPbQdJTXrTbcWTJkSHlPvDAkK                  
19670620-094413SECAAAAAAAAAAAAAFBCOMMONACTVJWRjzmKPQLCBuBXTgLKCDUOaKSQOzVovFR iqBlUQUmACf mHsHFRFLeGC RSBxMURm   PCX   486629552    1934020819590129        0.09oUEGILgWillOuVWfPhwgMzCTHSIHvObGfPCxxrBYeSUoLXO             
19670620-195420CMPFTdnKnXaMJFAYPMbDwkeJWXaRWJUQxtKKejCzvGmFmE                 0000000153ACTVCGBB  1876080415589 Beatty Road                                                                                                                                               T5C 1X7     Madison                  Manitoba            United States of AmericaOliverio                                      eUSKvrkG TDndjcZFYpMDEN                                                                                                                               
19670621-022302SECAAAAAAAAAAAAAFCCOMMONACTVcpoyxwlMSpRZ                                                          NASDAQ636071649    1958092418771128        0.740000000132
19670621-140507CMPwQrvCKRaDVSIIKjKecurCvLTBDTjUkp                             0000000172ACTVTNAA+ 1874111711790 Graves West                                                                                                                                               M2Q 1E4     Knoxville                IA                  Canada                  Hillen                                        ZilOJMCcMeJyHBHZREISXIhlAEwKMNsHjJ                                                                                                                    
19670621-233159SECAAAAAAAAAAAAAFDCOMMONACTVcxYZTzpFHyKuwMzSiKCBmNLCCPVhTnnRQyrctabMcqivULwxSxjMloeRMReK          AMEX  158013202    1909081819160608        1.92FVGmQdOORBhcLfIPiADRHiPNvGlOIkkKoLhHGhaUNUSHWVhKqDfXAFFT    
19670622-095422SECAAAAAAAAAAAAAFEPREF_AACTVvOHJMNEAcJ                                                            NASDAQ776349697    1955082118651112        2.410000000033
19670622-151032SECAAAAAAAAAAAAAFFCOMMONACTVxAVO  CcUrVDjBdDTcMDaWHNAOHBVJmdVAESmpyPeIzUe xSi                     PCX   36971677     1931030518680519        0.480000000040
19670623-023334SECAAAAAAAAAAAAAFGPREF_CACTVoNpeMOUNMAsmrDXOXLSGSOjWjULVLfebxBNiyq                                NASDAQ436077847    1894061319040110        2.04VNUMGRlTCSQKEfjLfhaUANwnlPAHDkoFxyHfydObCUUeDgBa            
19670623-073823CMPsHYZlEDddXdCfWUtfXBBxQEqQOsEIdkZhplwCIG                     0000000167ACTVAAA   1931091813123 Runyan Way                                                                                                                                                40517       Fullerton                PA                  Canada                  Cory                                          zJYJAGAPZPOMGWsRgqYOCoGG                                                                                                                              
19670623-165911SECAAAAAAAAAAAAAFHPREF_AACTVDZbZjoeGFMDMBUPeFaAygHorbWeofBDnH                                     AMEX  472025853    1915083118910724        2.89EOMpasJigJVvYQGKVcDPddEniaOUaTojpCAmYQrUeZJEGo              
19670623-222946SECAAAAAAAAAAAAAFIPREF_AACTVDPmQVxXoNFWxvsQzoLIENSLDfCMpLSyDkopPAefBmHxqd                         NYSE  272767849    1919081819220917        1.480000000020
19670624-035203SECAAAAAAAAAAAAAFJCOMMONACTVMnvexibSOJNbYIh yvDswVqSuKg                                           AMEX  968531337    1877051818850506        1.31pwYDWdejKmsIdjXONAJBDcYuwSUgSGSdnjgguxYVlHvEBzvkzoOzQ       
19670624-094726SECAAAAAAAAAAAAAFKPREF_AACTVYkAeJttAuZFGdQCsJpQDqurEFQHQwuNyKId                                   AMEX  517872887    1856091219460115        0.29mJmRJtJARsVsPrXR                                            
19670624-205249SECAAAAAAAAAAAAAFLCOMMONACTVVfVxTAGgyPL oCbLnqV                                                   PCX   1520655      1952120618850705        0.85PGyStCWXuTMNSmMcKBrfVUQWskEFHeKXCHmNquHGGLzFUUDwJPEAiv      
19670625-020256SECAAAAAAAAAAAAAFMCOMMONACTVbSnOuiIFLnVAokozOqN                                                   PCX   654165648    1928070518841114        0.34XDnNdfGcCiNIOwdZoWMTZgVYEOsHLSH                             
19670625-120151SECAAAAAAAAAAAAAFNPREF_AACTVMBVihmLuTNwNnGV TlgdZTbQanKLFnYPNDkVpJBgJjutLZqiG                     PCX   268202215    1860010719091226        2.620000000117
19670625-121210SECAAAAAAAAAAAAAFOCOMMONACTVQkKRzMwqwSfORKJVroIgFjxEpVOxKgYAwEbrY                                 NYSE  447949447    1881081918680603        2.090000000103
19670625-180943SECAAAAAAAAAAAAAFPCOMMONACTVYknVtAiRehirzwcvaPpdxGPeIOFEypEwjQW                                   AMEX  757546680    1922020318960721        1.54JOlePeOMqNiWFtIikbYCtGoucRYkTNggTpiDSTEocDbaMdhzl           
19670625-225401SECAAAAAAAAAAAAAFQCOMMONACTVjrrzqQEZFQEqmaHKZWFjRYAGMKwKxGXCEqUcefnEiimosrKHmHm                   NYSE  689283721    1850042018970323        0.500000000132
19670626-043555SECAAAAAAAAAAAAAFRCOMMONACTVIQYUQKuubSxpFOxuNTAnaWCHeyGmLzRTheGwIyQSX                             NASDAQ246117559    1901021318820222        0.470000000072
19670626-071451CMPRXTUYvNLQVMBtMTxfQTXRjwUDYJWKOLzqNnqilNbAQBtRGO             0000000162ACTVCVBBB 1882080324695 Hampton Boulevard                                                                                                                                         95358       Honolulu                 NE                  United States of AmericaSuben                                         YMQOnBFKGbqIEQCWilCrmjJyTLTDSjAoKNgemQQJOLpNMROLDnwGCYdLhFoDwMVjpBBojoqKWk fQ                                                                         
19670626-093626SECAAAAAAAAAAAAAFSCOMMONACTVcNmzUXOSWrRMIfRnNuE                                                   NASDAQ108949217    1916031619510310        1.640000000098
19670626-194940SECAAAAAAAAAAAAAFTPREF_BACTVrMBNIEcDyQIDFANmm XmlVnmAzdSdEFsIyKGWpciAuiHtLBEnxHcecXtHMThJ         NASDAQ28385476     1860092618821101        2.75MDjVavoVSMeRlCAiXqmFZzvARFaNTAslRoYCUeWRGOXU                
19670627-044352SECAAAAAAAAAAAAAFUCOMMONACTVZLiMGtgMoAHpJpUsPCtUbvQJh NRLJGIVPeSTMgDMJnInYbNfPaiHSPzAaIlduriUVUbh NASDAQ712167598    1933071419330805        1.45IoKUtGXZioegJCNViVxMypETfGzoFpFUrDxdifKVAIZXNIKfuTkc        
19670627-051253SECAAAAAAAAAAAAAFVCOMMONACTVNrbDgcyqxAjTXAqUVCGK                                                  NASDAQ646407204    1938031919060221        2.57PGDBgEZqRneMoLzzQWIWKPqUm                                   
19670627-074950SECAAAAAAAAAAAAAFWCOMMONACTVPXJmAe LUqDJoRQFCgJTaWnSpSCbjwvTAFNIuAfUqRerSPPQTTKocuiiAPPblWTT      NASDAQ634387100    1852110818600908        0.31DRNHqMCixoAPPUXBkC                                          
19670627-111828CMPbvAjGxHLNzaMyUfsFYwIeWinCSUVBJVoPHqXvwORT                   0000000157ACTVIMB   1928110419878 Williams Street                                                                                                                                           Y1A 1G6     Anchorage                Quebec              United States of AmericaVogan                                         WWttVGwomRmlSiKMULSQOGayReOnHmyHGPvBrFRBQfFcewwPiikHSbRyzoWkMRBctxqoaJjncLBQdSdVcPRCAAwKMvsVlSPdrAkGHdvsFaRNMMalkOVwRCqqWpNfOULYNXdRy                 
19670627-185520SECAAAAAAAAAAAAAFXCOMMONACTVGBUGkHgxgNbnZ                                                         AMEX  210297252    1917120319151026        2.510000000136
19670627-215303SECAAAAAAAAAAAAAFYPREF_CACTVxTETNVeDefYndoaxqJ lpAJTBUFENKkGwJoPCtiDX                             PCX   219239262    1943010519320427        1.72TVBaQTDJrwGqJVGCBssskBnDsDMLUWwziNkIsfdVbcTmSYVg            
19670628-065054SECAAAAAAAAAAAAAFZPREF_BACTVwVIUHhzxlWPnv AmRBGRiT                                                NASDAQ544932521    1856120218791214        0.61qTWHBOgEuGnUTcpDWXPStEWt                                    
19670628-154515SECAAAAAAAAAAAAAGAPREF_AACTVSEMGUBQNLKhL oACFNGLujZTlACOPo                                        PCX   780786072    1963042418820406        1.24FVGmQdOORBhcLfIPiADRHiPNvGlOIkkKoLhHGhaUNUSHWVhKqDfXAFFT    
19670629-005058CMPupvMBmYtrKVRduXOoBpWfPZLVOTTQBJKRvCCGAyjHEAkNNHWsPer        0000000152ACTVMTA+  195804168935 Young Upper                                                                                                                                                76704       Flint                    Alberta             United States of AmericaHurford                                       KQryRfReHSbQkrOsidHxjSBpKtxZUxsVrAVEDSyNNTyOgQcU kBhyvVGECqSvIIcVtmNXeanHSCTWLEwnVrQCLHSfHsMhKfVwtG                                                   
19670629-090715SECAAAAAAAAAAAAAGBCOMMONACTVTESCLhVHOYwrcsW                                                       AMEX  922264232    1883071618751226        1.37DGRnGSpVECCpqPNWQFrXCqxvAKEHbMGsTakcM                       
19670629-145359SECAAAAAAAAAAAAAGCCOMMONACTVXNSOdnFBjDHOVFotVgQiNpWuBtKFDliUTEwtuSLaBA                            AMEX  421413671    1962040419240317        1.030000000059
19670629-204346CMPAsIcOhpVbPzObQVeuCVsm                                       0000000171ACTVPHBB+ 1855052215330 Payne Drive                                                                                                                                               M6U 1G3     Costa Mesa               NC                  United States of AmericaGottshall                                     nbGMEHqQuKXElRdfgnt                                                                                                                                   
19670629-230721CMPZMyMWAaoadYhYUETeJAUqAJhTRHVNsGEyXUstPsmmSDDlJphpBfMH       0000000166ACTVTIBB  1940092312530 Westerley Crescent                                                                                                                                        77200       Fontana                  HI                  Canada                  Coye                                          nhUXUAVSNlInTZOEIQDRwwuqqrKCFiRbDxvCIKIqwTSTilcwRSEZDqIOWpejrEMPfTvSBbgpTaaHYMWZu                                                                     
19670630-103410SECAAAAAAAAAAAAAGDCOMMONACTVyaVsFhUzAcjyhMIjAQgqWRANniFatEH k                                     NASDAQ131790475    1915111919220120        0.170000000144
19670630-123030CMPDcSqnNQSIiOKBEchN                                           0000000161ACTVBDB-  1869031424696 Cordoba Crescent                                                          Suite 441                                                                       H7F 1V1     San Diego                NE                  Canada                  Degrace                                       boKZgHgHyLBtneQocBaOtblgWXLZptUQm MdKFzKLWmRzsjcZ JnMp                                                                                                
19670630-235958SECAAAAAAAAAAAAAGECOMMONACTVNZguGikWiheCXMnCQFPnDnvOUtLLPclahrlCuSAsPANkJeFR                      NASDAQ362506103    1892070318840521        1.04SAFZEJLLiMLuOrGrCmR                                         
